Linux 3.13.0-43-generic (Apollo) 	2015-07-23 	_x86_64_	(4 CPU)

01:34:49        CPU     %user     %nice   %system   %iowait    %steal     %idle
01:34:50        all      0.00      0.00      0.00      0.00      0.00    100.00
01:34:51        all      0.25      0.00      0.00      0.00      0.00     99.75
01:34:52        all      1.75      0.00      0.25      0.00      0.00     97.99
01:34:53        all      0.25      0.00      0.00      0.00      0.00     99.75
01:34:54        all      0.25      0.00      0.00      0.00      0.00     99.75
01:34:55        all      0.25      0.00      0.25      0.50      0.00     99.00
01:34:56        all      0.00      0.00      0.25      0.00      0.00     99.75
01:34:57        all      1.00      0.00      0.50      0.00      0.00     98.50
01:34:58        all      0.25      0.00      1.00      0.00      0.00     98.75
01:34:59        all      0.75      0.00      0.75      0.00      0.00     98.50
01:35:00        all      0.50      0.00      1.25      0.50      0.00     97.74
01:35:01        all      0.50      0.00      1.01      0.00      0.00     98.49
01:35:02        all      1.00      0.00      1.50      0.00      0.00     97.49
01:35:03        all      1.24      0.00      1.74      0.00      0.00     97.01
01:35:04        all      1.01      0.00      0.76      0.00      0.00     98.24
01:35:05        all      0.25      0.00      1.76      0.00      0.00     97.98
01:35:06        all      3.75      0.00      3.50      0.00      0.00     92.75
01:35:07        all     23.08      0.00     10.00      0.00      0.00     66.92
01:35:08        all     51.68      0.00     21.19      0.00      0.00     27.13
01:35:09        all     58.33      0.00     23.99      0.00      0.00     17.68
01:35:10        all     59.29      0.00     27.48      0.00      0.00     13.23
01:35:11        all     61.89      0.00     28.13      0.00      0.00      9.97
01:35:12        all     61.96      0.00     28.21      0.00      0.00      9.82
01:35:13        all     62.88      0.00     29.29      0.00      0.00      7.83
01:35:14        all     62.50      0.00     28.57      0.00      0.00      8.93
01:35:15        all     65.91      0.00     25.06      0.00      0.00      9.02
01:35:16        all     61.65      0.00     29.82      0.00      0.00      8.52
01:35:17        all     60.76      0.00     29.62      0.00      0.00      9.62
01:35:18        all     60.71      0.00     28.06      0.00      0.00     11.22
01:35:19        all     62.00      0.00     28.00      0.00      0.00     10.00
01:35:20        all     62.47      0.00     29.22      0.25      0.00      8.06
01:35:21        all     62.24      0.00     27.81      0.00      0.00      9.95
01:35:22        all     63.34      0.00     28.18      0.00      0.00      8.48
01:35:23        all     62.21      0.00     28.53      0.00      0.00      9.25
01:35:24        all     61.83      0.00     29.01      0.00      0.00      9.16
01:35:25        all     64.41      0.00     27.07      0.00      0.00      8.52
01:35:26        all     61.24      0.00     27.39      0.00      0.00     11.37
01:35:27        all     63.41      0.00     28.07      0.25      0.00      8.27
01:35:28        all     59.34      0.00     30.56      0.00      0.00     10.10
01:35:29        all     60.71      0.00     29.47      0.00      0.00      9.82
01:35:30        all     63.04      0.00     26.84      0.25      0.00      9.87
01:35:31        all     62.95      0.00     26.17      0.00      0.00     10.88
01:35:32        all     62.50      0.00     26.75      0.00      0.00     10.75
01:35:33        all     62.60      0.00     27.99      0.00      0.00      9.41
01:35:34        all     61.77      0.00     28.10      0.00      0.00     10.13
01:35:35        all     62.97      0.00     27.96      0.00      0.00      9.07
01:35:36        all     64.03      0.00     25.51      0.00      0.00     10.46
01:35:37        all     60.61      0.00     29.41      0.00      0.00      9.97
01:35:38        all     60.20      0.00     30.23      0.00      0.00      9.57
01:35:39        all     62.34      0.00     27.93      0.00      0.00      9.73
01:35:40        all     60.90      0.00     29.57      0.25      0.00      9.27
01:35:41        all     59.64      0.00     29.56      0.00      0.00     10.80
01:35:42        all     62.16      0.00     28.32      0.00      0.00      9.52
01:35:43        all     63.75      0.00     27.25      0.00      0.00      9.00
01:35:44        all     60.15      0.00     27.92      0.00      0.00     11.93
01:35:45        all     62.60      0.00     26.72      0.00      0.00     10.69
01:35:46        all     62.40      0.00     24.81      0.26      0.00     12.53
01:35:47        all     60.05      0.00     25.95      0.00      0.00     13.99
01:35:48        all     60.61      0.00     26.34      0.00      0.00     13.04
01:35:49        all     61.32      0.00     25.95      0.00      0.00     12.72
01:35:50        all     57.72      0.00     27.34      0.25      0.00     14.68
01:35:51        all     57.51      0.00     26.72      0.00      0.00     15.78
01:35:52        all     58.55      0.00     20.21      0.00      0.00     21.24
01:35:53        all     55.21      0.00     24.74      0.00      0.00     20.05
01:35:54        all     51.83      0.00     23.82      0.00      0.00     24.35
01:35:55        all     52.17      0.00     21.99      0.26      0.00     25.58
01:35:56        all     40.58      0.00     15.97      0.00      0.00     43.46
01:35:57        all     39.53      0.00     17.83      0.00      0.00     42.64
01:35:58        all     37.17      0.00     17.80      0.00      0.00     45.03
01:35:59        all     27.15      0.00     13.32      0.00      0.00     59.53
01:36:00        all     50.00      0.00     22.68      0.52      0.00     26.80
01:36:01        all     57.33      0.00     24.16      0.00      0.00     18.51
01:36:02        all     55.53      0.00     25.71      0.00      0.00     18.77
01:36:03        all     60.66      0.00     27.16      0.00      0.00     12.18
01:36:04        all     59.80      0.00     25.95      0.00      0.00     14.25
01:36:05        all     60.41      0.00     24.16      0.26      0.00     15.17
01:36:06        all     56.52      0.00     25.58      0.26      0.00     17.65
01:36:07        all     56.07      0.00     24.55      0.26      0.00     19.12
01:36:08        all     51.15      0.00     23.16      0.25      0.00     25.45
01:36:09        all     29.85      0.00     12.76      0.00      0.00     57.40
01:36:10        all     40.00      0.00     16.53      0.27      0.00     43.20
01:36:11        all     21.34      0.00      8.74      0.00      0.00     69.92
01:36:12        all     19.13      0.00      9.69      0.00      0.00     71.17
01:36:13        all     22.42      0.00      5.67      0.00      0.00     71.91
01:36:14        all     13.04      0.00      6.39      0.00      0.00     80.56
01:36:15        all      2.01      0.00      1.51      0.75      0.00     95.73
01:36:16        all     30.89      0.00     16.23      0.00      0.00     52.88
01:36:17        all     41.67      0.00     19.53      0.00      0.00     38.80
01:36:18        all     50.64      0.00     22.88      0.00      0.00     26.48
01:36:19        all     52.32      0.00     21.65      0.26      0.00     25.77
01:36:20        all     51.15      0.00     22.51      0.00      0.00     26.34
01:36:21        all     50.39      0.00     20.82      0.00      0.00     28.79
01:36:22        all     41.82      0.00     18.96      0.26      0.00     38.96
01:36:23        all     40.16      0.00     18.91      0.00      0.00     40.93
01:36:24        all     30.13      0.00     12.21      0.00      0.00     57.66
01:36:25        all     19.34      0.00      9.92      0.51      0.00     70.23
01:36:26        all     22.94      0.00     10.31      0.26      0.00     66.49
01:36:27        all     40.62      0.00     17.45      0.00      0.00     41.93
01:36:28        all     25.32      0.00      9.30      0.26      0.00     65.12
01:36:29        all     21.03      0.00      9.74      0.00      0.00     69.23
01:36:30        all     17.83      0.00      9.82      0.52      0.00     71.83
01:36:31        all     22.19      0.00      8.42      0.51      0.00     68.88
01:36:32        all      3.78      0.00      2.27      0.00      0.00     93.95
01:36:33        all      1.51      0.00      1.26      0.00      0.00     97.23
01:36:34        all      0.76      0.00      1.01      0.00      0.00     98.24
01:36:35        all      8.10      0.00      5.06      0.51      0.00     86.33
01:36:36        all     22.19      0.00      9.95      0.00      0.00     67.86
01:36:37        all     20.10      0.00      9.54      0.00      0.00     70.36
01:36:38        all     21.03      0.00      7.95      0.00      0.00     71.03
01:36:39        all     20.10      0.00      8.25      0.00      0.00     71.65
01:36:40        all      7.09      0.00      2.78      0.76      0.00     89.37
01:36:41        all      1.00      0.00      2.26      0.00      0.00     96.74
01:36:42        all      1.50      0.00      0.75      0.00      0.00     97.75
01:36:43        all      0.75      0.00      0.50      0.00      0.00     98.75
01:36:44        all      1.77      0.00      3.79      0.00      0.00     94.44
01:36:45        all      0.75      0.00      1.50      0.75      0.00     97.00
01:36:46        all      1.25      0.00      1.00      0.00      0.00     97.74
01:36:47        all      1.26      0.00      2.01      0.00      0.00     96.73
01:36:48        all      1.51      0.00      1.76      0.00      0.00     96.73
01:36:49        all      1.26      0.00      2.02      0.00      0.00     96.72
01:36:50        all      1.26      0.00      1.26      0.75      0.00     96.73
01:36:51        all      1.24      0.00      1.99      0.00      0.00     96.77
01:36:52        all      1.01      0.00      0.50      0.00      0.00     98.49
01:36:53        all      2.02      0.00      2.02      0.00      0.00     95.97
01:36:54        all      1.25      0.00      1.25      0.00      0.00     97.51
01:36:55        all      0.51      0.00      1.77      0.76      0.00     96.97
01:36:56        all      0.76      0.00      1.77      0.00      0.00     97.47
01:36:57        all      2.02      0.00      1.76      0.25      0.00     95.97
01:36:58        all      1.76      0.00      2.01      0.25      0.00     95.98
01:36:59        all      3.03      0.00      3.03      0.00      0.00     93.94
01:37:00        all      1.75      0.00      1.50      0.50      0.00     96.24
01:37:01        all      1.51      0.00      0.50      0.00      0.00     97.99
01:37:02        all      2.76      0.00      2.26      0.00      0.00     94.97
01:37:03        all      1.00      0.00      1.00      0.00      0.00     97.99
01:37:04        all      1.25      0.00      1.00      0.00      0.00     97.74
01:37:05        all      0.50      0.00      2.00      0.25      0.00     97.25
01:37:06        all      0.50      0.00      1.00      0.00      0.00     98.50
01:37:07        all      1.01      0.00      1.26      0.25      0.00     97.47
01:37:08        all     15.91      0.00      9.60      0.00      0.00     74.49
01:37:09        all     22.45      0.00      7.91      0.00      0.00     69.64
01:37:10        all     19.28      0.00     11.57      0.51      0.00     68.64
01:37:11        all     22.62      0.00      8.74      0.00      0.00     68.64
01:37:12        all     18.88      0.00      9.18      0.00      0.00     71.94
01:37:13        all      1.25      0.00      2.25      0.00      0.00     96.50
01:37:14        all      0.76      0.00      1.26      0.00      0.00     97.98
01:37:15        all      2.00      0.00      1.75      0.50      0.00     95.75
01:37:16        all      1.50      0.00      2.01      0.25      0.00     96.24
01:37:17        all     17.86      0.00      8.67      0.00      0.00     73.47
01:37:18        all     21.56      0.00      8.05      0.00      0.00     70.39
01:37:19        all     20.98      0.00      8.29      0.26      0.00     70.47
01:37:20        all     21.85      0.00      9.77      0.26      0.00     68.12
01:37:21        all     21.59      0.00      8.48      0.51      0.00     69.41
01:37:22        all      3.02      0.00      2.76      0.00      0.00     94.22
01:37:23        all      2.03      0.00      2.53      0.00      0.00     95.44
01:37:24        all      2.51      0.00      4.52      0.00      0.00     92.96
01:37:25        all      1.76      0.00      2.77      1.01      0.00     94.46
01:37:26        all      3.53      0.00      3.27      0.25      0.00     92.95
01:37:27        all      1.76      0.00      1.76      0.00      0.00     96.47
01:37:28        all     10.91      0.00      4.31      0.00      0.00     84.77
01:37:29        all     22.56      0.00     11.28      0.00      0.00     66.15
01:37:30        all     29.38      0.00     12.37      0.52      0.00     57.73
01:37:31        all     40.42      0.00     18.64      0.26      0.00     40.68
01:37:32        all     41.42      0.00     17.41      0.00      0.00     41.16
01:37:33        all     38.11      0.00     18.67      0.00      0.00     43.22
01:37:34        all     38.02      0.00     14.06      0.00      0.00     47.92
01:37:35        all     43.08      0.00     16.97      0.26      0.00     39.69
01:37:36        all     31.20      0.00     12.28      0.00      0.00     56.52
01:37:37        all     22.68      0.00      7.99      0.00      0.00     69.33
01:37:38        all     21.79      0.00      7.95      0.00      0.00     70.26
01:37:39        all     13.20      0.00      6.35      0.00      0.00     80.46
01:37:40        all     13.49      0.00      6.36      0.25      0.00     79.90
01:37:41        all     21.68      0.00     11.22      0.00      0.00     67.09
01:37:42        all     26.99      0.00     12.08      0.00      0.00     60.93
01:37:43        all     41.30      0.00     16.62      0.00      0.00     42.08
01:37:44        all     40.05      0.00     17.05      0.26      0.00     42.64
01:37:45        all     37.34      0.00     16.19      0.78      0.00     45.69
01:37:46        all     22.11      0.00      9.51      0.77      0.00     67.61
01:37:47        all     35.94      0.00     14.32      0.00      0.00     49.74
01:37:48        all     24.74      0.00     11.86      0.26      0.00     63.14
01:37:49        all     21.43      0.00     10.46      0.00      0.00     68.11
01:37:50        all     30.81      0.00     12.79      0.78      0.00     55.61
01:37:51        all     51.95      0.00     22.86      0.00      0.00     25.19
01:37:52        all     55.50      0.00     24.04      0.00      0.00     20.46
01:37:53        all     52.74      0.00     22.19      0.00      0.00     25.07
01:37:54        all     52.63      0.00     23.16      0.00      0.00     24.21
01:37:55        all     51.97      0.00     20.47      0.26      0.00     27.30
01:37:56        all     51.81      0.00     20.47      0.00      0.00     27.72
01:37:57        all     49.10      0.00     21.48      0.00      0.00     29.41
01:37:58        all     28.35      0.00     10.50      0.00      0.00     61.15
01:37:59        all      0.25      0.00      0.50      0.00      0.00     99.25
01:38:00        all      0.50      0.00      0.25      0.25      0.00     99.00
01:38:01        all      0.00      0.00      0.50      0.00      0.00     99.50
01:38:02        all      0.00      0.00      0.00      0.00      0.00    100.00
01:38:03        all      0.50      0.00      0.50      0.00      0.00     99.00
01:38:04        all      0.00      0.00      0.00      0.00      0.00    100.00
01:38:05        all      0.00      0.00      0.50      0.00      0.00     99.50
01:38:06        all      0.25      0.00      0.50      0.50      0.00     98.75
01:38:07        all      0.00      0.00      0.00      0.00      0.00    100.00
01:38:08        all      0.25      0.00      0.25      0.00      0.00     99.50
01:38:09        all      0.00      0.00      0.75      0.00      0.00     99.25
01:38:10        all      0.00      0.00      0.00      0.00      0.00    100.00
01:38:11        all      0.25      0.00      0.00      0.50      0.00     99.25
01:38:12        all      0.00      0.00      1.00      0.00      0.00     99.00
01:38:13        all      0.25      0.00      0.00      0.00      0.00     99.75
01:38:14        all      0.00      0.00      0.00      0.00      0.00    100.00
01:38:15        all      0.25      0.00      0.50      0.00      0.00     99.25
01:38:16        all      0.00      0.00      0.25      0.50      0.00     99.25
01:38:17        all      0.25      0.00      0.25      0.00      0.00     99.50
01:38:18        all      0.00      0.00      0.25      0.00      0.00     99.75
01:38:19        all      0.00      0.00      0.50      0.00      0.00     99.50
01:38:20        all      0.50      0.00      0.25      0.00      0.00     99.25
01:38:21        all      0.25      0.00      0.25      0.25      0.00     99.25
01:38:22        all      0.00      0.00      0.00      0.00      0.00    100.00
01:38:23        all      0.25      0.00      0.00      0.00      0.00     99.75
01:38:24        all      0.25      0.00      0.25      0.00      0.00     99.50
01:38:25        all      0.25      0.00      0.25      0.00      0.00     99.50
01:38:26        all      0.00      0.00      0.25      0.25      0.00     99.50
01:38:27        all      0.00      0.00      0.25      0.00      0.00     99.75
01:38:28        all      0.00      0.00      0.50      0.00      0.00     99.50
01:38:29        all      0.50      0.00      0.25      0.00      0.00     99.25
01:38:30        all      0.00      0.00      0.50      0.00      0.00     99.50
01:38:31        all      0.25      0.00      0.00      0.50      0.00     99.25
01:38:32        all      0.00      0.00      0.50      0.00      0.00     99.50


01:38:33        all      0.52      0.00      0.52      0.00      0.00     98.97
Average:        all     25.53      0.00     11.55      0.11      0.00     62.82
