45.40
45.78
45.78
45.79
45.80
45.83
45.94
46.05
46.30
46.81
47.36
47.88
48.42
48.97
49.50
49.63
49.76
49.90
50.08
50.24
50.41
50.55
50.75
50.89
51.04
51.12
51.16
51.24
51.41
51.39
51.50
51.63
51.66
51.69
51.82
51.91
52.08
52.08
52.10
52.15
52.16
52.21
52.24
52.24
52.26
52.25
52.22
52.22
52.25
52.20
52.19
52.22
52.18
52.15
52.03
52.02
52.00
51.89
51.93
51.85
51.69
51.69
51.67
51.63
51.63
51.62
51.60
51.52
51.53
51.58
51.61
51.60
51.64
51.67
51.65
51.59
51.58
51.45
51.43
51.39
51.36
51.34
51.33
51.30
51.29
51.33
51.33
51.33
51.34
51.33
51.35
51.29
51.27
51.19
51.19
51.29
51.25
51.17
51.20
51.18
51.12
51.11
51.08
51.07
51.08
51.02
51.05
51.01
51.00
50.92
50.90
50.88
50.85
50.86
50.85
50.84
50.80
50.79
50.75
50.70
50.68
50.65
50.64
50.61
50.59
50.57
50.53
50.52
50.51
50.54
50.51
50.49
50.46
50.42
50.40
50.36
50.33
50.32
50.26
50.28
50.26
50.20
50.18
50.15
50.14
50.09
50.11
50.10
50.13
50.15
50.16
50.23
50.38
50.73
50.76
50.81
50.87
51.00
51.21
51.58
51.62
51.61
51.61
51.59
51.67
51.62
51.59
51.57
51.54
51.59
51.59
51.62
51.62
51.58
51.56
51.58
51.69
51.84
52.05
52.45
53.22
53.23
53.21
53.24
53.21
53.18
53.11
52.97
52.95
52.94
52.91
52.87
52.83
52.80
52.83
52.79
52.75
52.71
52.70
52.67
52.64
52.60
52.58
52.57
52.55
52.54
52.50
52.46
52.43
52.39
52.38
52.34
52.30
52.27
52.23
52.22
52.19
52.15
52.11
52.07
52.04
52.01
51.97
51.96
