1437595492159,51490,0,1
1437595493144,51490,0,1
1437595494144,51490,0,1
1437595495145,51501,1,1
1437595496145,51504,0,0
1437595497145,51506,1,0
1437595498145,51516,2,0
1437595499145,51530,0,0
1437595500146,51549,0,-1
1437595501147,51587,0,0
1437595502147,51634,2,1
1437595503146,51687,0,0
1437595504146,51743,0,0
1437595505146,51840,0,0
1437595506147,51893,0,0
1437595507146,51929,1,0
1437595508146,51977,3,0
1437595509146,52023,3,0
1437595510146,52066,4,0
1437595511146,52101,6,0
1437595512146,52143,7,0
1437595513146,52196,8,0
1437595514146,52240,11,0
1437595515147,52298,12,0
1437595516148,52327,13,0
1437595517147,52378,13,0
1437595518147,52408,13,0
1437595519148,52462,14,0
1437595520148,52504,15,0
1437595521147,52554,15,0
1437595522147,52609,15,0
1437595523148,52653,16,0
1437595524148,52703,17,0
1437595525148,52743,18,0
1437595526148,52793,0,0
1437595527149,52840,1,0
1437595528149,52884,0,0
1437595529149,52918,1,0
1437595530148,52953,0,0
1437595531148,52996,0,0
1437595532148,53021,0,0
1437595533148,53075,0,0
1437595534152,53115,0,0
1437595535148,53159,0,0
1437595536149,53212,0,0
1437595537149,53257,0,0
1437595538149,53295,0,0
1437595539149,53339,0,0
1437595540149,53387,0,0
1437595541149,53413,0,0
1437595542149,53443,0,0
1437595543150,53474,0,0
1437595544149,53508,0,0
1437595545150,53520,0,0
1437595546150,53549,0,0
1437595547150,53592,0,0
1437595548150,53629,0,0
1437595549151,53656,0,0
1437595550151,53690,0,0
1437595551150,53712,0,0
1437595552150,53753,0,0
1437595553150,53782,1,0
1437595554150,53818,1,0
1437595555150,53857,0,0
1437595556150,53902,0,0
1437595557150,53927,0,0
1437595558150,53954,0,0
1437595559150,53979,0,0
1437595560150,54006,1,0
1437595561150,54045,3,0
1437595562150,54072,3,0
1437595563150,54101,4,0
1437595564150,54134,4,0
1437595565150,54163,4,0
1437595566150,54190,4,0
1437595567150,54218,3,0
1437595568149,54238,2,0
1437595569150,54268,0,0
1437595570153,54312,1,0
1437595571150,54332,0,0
1437595572150,54357,0,0
1437595573150,54372,0,0
1437595574150,54389,0,0
1437595575150,54417,0,0
1437595576150,54451,2,0
1437595577150,54465,2,0
1437595578150,54479,3,0
1437595579150,54494,3,0
1437595580150,54510,3,0
1437595581149,54536,4,0
1437595582150,54566,3,0
1437595583150,54595,2,0
1437595584150,54628,2,0
1437595585150,54650,2,0
1437595586150,54670,1,0
1437595587150,54703,1,0
1437595588150,54724,0,0
1437595589150,54770,0,0
1437595590150,54793,0,0
1437595591151,54811,0,0
1437595592151,54840,0,0
1437595593151,54857,0,0
1437595594151,54878,0,0
1437595595151,54905,0,0
1437595596151,54936,1,0
1437595597151,54953,1,0
1437595598151,54967,1,0
1437595599151,54977,1,0
1437595600151,54988,1,0
1437595601151,55005,0,0
1437595602151,55019,0,0
1437595603151,55029,0,0
1437595604151,55048,0,0
1437595605152,55074,0,0
1437595606152,55084,0,0
1437595607152,55102,0,0
1437595608152,55114,0,0
1437595609152,55135,0,0
1437595610152,55151,0,0
1437595611152,55182,0,0
1437595612153,55197,0,0
1437595613153,55220,0,0
1437595614153,55239,0,0
1437595615153,55261,0,0
1437595616153,55281,0,0
1437595617153,55315,0,0
1437595618153,55349,1,0
1437595619153,55376,1,0
1437595620153,55404,0,0
1437595621153,55428,0,0
1437595622153,55449,0,0
1437595623153,55473,0,0
1437595624153,55488,0,0
1437595625153,55500,0,0
1437595626153,55514,0,0
1437595627153,55546,0,0
1437595628153,55557,1,0
1437595629153,55582,1,0
1437595630153,55593,1,0
1437595631154,55624,1,0
1437595632154,55653,1,0
1437595633154,55676,1,0
1437595634154,55693,0,0
1437595635153,55705,0,0
1437595636154,55740,0,0
1437595637154,55763,1,0
1437595638153,55805,1,0
1437595639153,55832,1,0
1437595640153,55855,1,0
1437595641153,55888,0,0
1437595642153,55911,2,0
1437595643154,55932,2,0
1437595644154,55980,2,0
1437595645154,56028,0,0
1437595646154,56069,1,0
1437595647155,56108,3,0
1437595648155,56146,2,0
1437595649155,56164,2,0
1437595650156,56208,1,0
1437595651156,56246,0,0
1437595652156,56281,0,0
1437595653156,56299,0,0
1437595654156,56342,0,0
1437595655157,56372,1,0
1437595656157,56413,1,0
1437595657156,56453,1,0
1437595658156,56474,0,0
1437595659157,56502,1,0
1437595660157,56517,0,0
1437595661157,56547,1,0
1437595662157,56583,1,0
1437595663157,56614,2,0
1437595664157,56633,2,0
1437595665157,56660,2,0
1437595666157,56713,2,0
1437595667156,56764,1,0
1437595668156,56797,0,0
1437595669157,56840,1,0
1437595670157,56878,0,0
1437595671157,56921,0,0
1437595672157,57010,2,0
1437595673156,57064,0,0
1437595674157,57118,1,0
1437595675157,57151,0,0
1437595676157,57151,0,0
1437595677158,57151,0,0
1437595678158,57153,0,0
1437595679158,57157,0,0
1437595680158,57157,0,0
1437595681158,57157,0,0
1437595682159,57157,0,0
1437595683159,57157,0,0
1437595684159,57157,0,0
1437595685160,57157,0,0
1437595686159,57157,0,0
1437595687159,57157,0,0
1437595688159,57157,0,0
1437595689160,57157,0,0
1437595690160,57157,0,0
1437595691160,57157,0,0
1437595692161,57157,0,0
1437595693160,57157,0,0
1437595694160,57157,0,0
1437595695160,57157,0,0
1437595696159,57157,0,0
1437595697160,57157,0,0
1437595698160,57157,0,0
1437595699160,57157,0,0
1437595700160,57157,0,0
1437595701160,57157,0,0
1437595702160,57157,0,0
1437595703160,57157,0,0
1437595704160,57157,0,0
1437595705160,57157,0,0
1437595706160,57157,0,0
1437595707160,57157,0,0
1437595708160,57157,0,0
1437595709160,57157,0,0
1437595710159,57157,0,0
1437595711160,57157,0,0
1437595712160,57157,0,0
1437595713160,57157,0,0
1437595714160,57157,0,0
1437595715160,57157,0,0
1437595716160,57157,0,0
