Linux 3.13.0-43-generic (Apollo) 	2015-07-22 	_x86_64_	(4 CPU)

23:12:15    kbmemfree kbmemused  %memused kbbuffers  kbcached  kbcommit   %commit  kbactive   kbinact   kbdirty
23:12:16      2204064   1804648     45.02     47120    918856   2697920     33.05   1377916    289244        56
23:12:17      2203748   1804964     45.03     47120    918860   2713224     33.24   1378100    289244        64
23:12:18      2200336   1808376     45.11     47128    918856   2745368     33.63   1380856    289248       116
23:12:19      2198288   1810424     45.16     47128    918860   2813572     34.47   1381860    289252       116
23:12:20      2194100   1814612     45.27     47128    918864   2938320     36.00   1383744    289256       120
23:12:21      2184508   1824204     45.51     47128    918868   3195472     39.15   1388064    289252       124
23:12:22      2163964   1844748     46.02     47128    918872   3713688     45.49   1396036    289252       128
23:12:23      2143164   1865548     46.54     47136    918884   4231908     51.84   1404092    289256       140
23:12:24      2121520   1887192     47.08     47136    918892   4750124     58.19   1412640    289260       148
23:12:25      2099512   1909200     47.63     47136    918908   5264428     64.49   1421828    289260       164
23:12:26      2072252   1936460     48.31     47136    918920   5788664     70.91   1434716    289056       176
23:12:27      2066936   1941776     48.44     47136    918936   5792588     70.96   1440072    289056       192
23:12:28      2063448   1945264     48.53     47144    918948   5796512     71.01   1443664    288852       200
23:12:29      2059680   1949032     48.62     47144    918952   5782316     70.84   1447544    288712       204
23:12:30      2057848   1950864     48.67     47144    918956   5768396     70.66   1449296    288652       208
23:12:31      2056528   1952184     48.70     47144    918968   5755180     70.50   1450340    288652       256
23:12:32      2053520   1955192     48.77     47144    918968   5743380     70.36   1453844    288652       256
23:12:33      2047700   1961012     48.92     47152    918980   5728932     70.18   1458976    288660       276
23:12:34      2046584   1962128     48.95     47152    918984   5714196     70.00   1461144    288604       280
23:12:35      2043724   1964988     49.02     47152    918992   5698600     69.81   1464112    288580       288
23:12:36      2039916   1968796     49.11     47152    919004   5685800     69.65   1468056    288580       296
23:12:37      2038676   1970036     49.14     47152    919012   5669936     69.46   1469192    288580       304
23:12:38      2035288   1973424     49.23     47160    919020   5656832     69.30   1472916    288584       312
23:12:39      2031144   1977568     49.33     47160    919028   5641548     69.11   1476136    288584       320
23:12:40      2028392   1980320     49.40     47160    919036   5626708     68.93   1479500    288532       348
23:12:41      2026328   1982384     49.45     47160    919044   5610108     68.73   1481756    288532       356
23:12:42      2026344   1982368     49.45     47160    919052   5594888     68.54   1483136    288532       364
23:12:43      2030004   1978708     49.36     47168    919060   5575948     68.31   1478112    288536       376
23:12:44      2028348   1980364     49.40     47168    919080   5562808     68.15   1480868    288532       444
23:12:45      2028016   1980696     49.41     47168    919096   5542516     67.90   1480468    288524       468
23:12:46      2030768   1977944     49.34     47168    919108   5517740     67.59   1478316    288528       340
23:12:47      2030628   1978084     49.34     47168    919132   5501344     67.39   1479144    288536       360
23:12:48      2035172   1973540     49.23     47176    919140   5482480     67.16   1474632    288532       388
23:12:49      2035248   1973464     49.23     47176    919148   5468516     66.99   1474848    288540       396
23:12:50      2038420   1970292     49.15     47176    919164   5452432     66.79   1472636    288544       416
23:12:51      2036396   1972316     49.20     47176    919168   5438068     66.62   1473832    288544       200
23:12:52      2035360   1973352     49.23     47176    919200   5438068     66.62   1475572    288552       212
23:12:53      2033664   1975048     49.27     47184    919216   5450376     66.77   1476576    288548       256
23:12:54      2031484   1977228     49.32     47184    919232   5483400     67.17   1478600    288564       272
23:12:55      2026416   1982296     49.45     47184    919240   5544728     67.92   1480996    288556       280
23:12:56      2020944   1987768     49.59     47184    919276   5677220     69.55   1482468    288572        44
23:12:57      2008104   2000608     49.91     47184    919284   5932232     72.67   1489356    288572        60
23:12:58      1996972   2011740     50.18     47192    919320   6105272     74.79   1495740    288596       132
23:12:59      1977144   2031568     50.68     47192    919340   6455096     79.08   1505820    288584       192
23:13:00      1949196   2059516     51.38     47192    919368   6974432     85.44   1520552    288580       220
23:13:01      1914740   2093972     52.24     47192    919492   7495296     91.82   1541012    288536       244
23:13:02      1910524   2098188     52.34     47192    919504   7495296     91.82   1545060    288516       272
23:13:03      1904008   2104704     52.50     47200    919536   7518040     92.10   1550968    288512       344
23:13:04      1897440   2111272     52.67     47200    919552   7551592     92.51   1555868    288532       360
23:13:05      1896436   2112276     52.69     47200    919584   7535628     92.31   1557184    288552       420
23:13:06      1890624   2118088     52.84     47200    919596   7523524     92.17   1562956    288544       432
23:13:07      1887620   2121092     52.91     47200    919644   7509880     92.00   1565640    288556       492
23:13:08      1885932   2122780     52.95     47208    919684   7489800     91.75   1567656    288560       536
23:13:09      1881504   2127208     53.06     47208    919708   7493772     91.80   1570952    288564       576
23:13:10      1878260   2130452     53.15     47208    919728   7514572     92.06   1572956    288568       604
23:13:11      1867108   2141604     53.42     47208    919744   7548336     92.47   1582636    288560       620
23:13:12      1862652   2146060     53.53     47208    919760   7610656     93.23   1585160    288564       636
23:13:13      1854520   2154192     53.74     47216    919780   7743008     94.85   1589344    288568       668
23:13:14      1844548   2164164     53.99     47216    919808   8004476     98.06   1590824    288568       692
23:13:15      1813996   2194716     54.75     47216    919868   8524420    104.43   1608208    288584       748
23:13:16      1778904   2229808     55.62     47216    919908   9048188    110.84   1628884    288412       776
23:13:17      1751828   2256884     56.30     47216    919964   9568960    117.22   1642556    288392       888
23:13:18      1725224   2283488     56.96     47224    920000  10086500    123.56   1655448    288396       928
23:13:19      1712580   2296132     57.28     47224    920040  10081156    123.50   1667760    288404       952
23:13:20      1707644   2301068     57.40     47224    920072  10085124    123.55   1671748    288388      1060
23:13:21      1701420   2307292     57.56     47224    920396  10074636    123.42   1677744    288460      1116
23:13:22      1695108   2313604     57.71     47224    920452  10062124    123.26   1683904    288300      1232
23:13:23      1688324   2320388     57.88     47232    920492  10084080    123.53   1690312    288292      1292
23:13:24      1680684   2328028     58.07     47232    920524  10118088    123.95   1695180    288292      1344
23:13:25      1672792   2335920     58.27     47232    920552  10182640    124.74   1701072    288300      1368
23:13:26      1660812   2347900     58.57     47232    920576  10317180    126.39   1708256    288296       724
23:13:27      1643048   2365664     59.01     47232    920656  10579784    129.61   1718680    288328       788
23:13:28      1634644   2374068     59.22     47240    920704  10697232    131.04   1724116    288348       896
23:13:29      1628280   2380432     59.38     47240    920736  10701164    131.09   1729836    288344       940
23:13:30      1619992   2388720     59.59     47240    920772  10709036    131.19   1736472    288332       992
23:13:31      1611368   2397344     59.80     47240    920844  10713032    131.24   1744848    288352       292
23:13:32      1605068   2403644     59.96     47240    920900  10717040    131.29   1751332    288356       392
23:13:33      1599668   2409044     60.10     47248    920972  10725064    131.39   1755968    288388       500
23:13:34      1594460   2414252     60.23     47248    921008  10729020    131.43   1761428    288400       532
23:13:35      1591236   2417476     60.31     47248    921088  10729020    131.43   1763436    288424       596
23:13:36      1587868   2420844     60.39     47248    921136  10727640    131.42   1766264    288420       604
23:13:37      1586120   2422592     60.43     47248    921208  10727640    131.42   1768220    288448       696
23:13:38      1582532   2426180     60.52     47256    921248  10727640    131.42   1771080    288460       748
23:13:39      1578320   2430392     60.63     47256    921304  10735516    131.51   1774120    288304       772
23:13:40      1572724   2435988     60.77     47256    921348  10735516    131.51   1779360    288108       852
23:13:41      1566192   2442520     60.93     47256    921424  10735516    131.51   1784608    288140       912
23:13:42      1563716   2444996     60.99     47256    921488  10735516    131.51   1787464    288160       964
23:13:43      1561452   2447260     61.05     47264    921520  10743396    131.61   1789408    288164      1056
23:13:44      1557916   2450796     61.14     47264    921556  10743396    131.61   1792664    288088      1112
23:13:45      1557056   2451656     61.16     47264    921636  10743396    131.61   1793568    288132      1144
23:13:46      1556760   2451952     61.17     47264    921676  10743396    131.61   1793524    288132      1184
23:13:47      1551088   2457624     61.31     47264    921708  10747396    131.66   1798992    288128      1232
23:13:48      1546536   2462176     61.42     47272    921748  10747396    131.66   1803568    288148      1264
23:13:49      1544384   2464328     61.47     47272    921796  10751476    131.71   1805576    288128      1320
23:13:50      1539200   2469512     61.60     47272    921856  10759448    131.81   1809860    288144      1352
23:13:51      1532768   2475944     61.76     47272    921896  10759448    131.81   1816064    288148        32
23:13:52      1532248   2476464     61.78     47272    921936  10763428    131.86   1816876    288148       116
23:13:53      1531156   2477556     61.80     47280    921980  10767356    131.90   1817852    288164       220
23:13:54      1530120   2478592     61.83     47280    922020  10767356    131.90   1819088    288172       292
23:13:55      1527992   2480720     61.88     47280    922080  10767356    131.90   1821132    287992       344
23:13:56      1527436   2481276     61.90     47280    922124  10767356    131.90   1822384    287992       396
23:13:57      1528868   2479844     61.86     47280    922172  10767368    131.90   1820524    287996       448
23:13:58      1526800   2481912     61.91     47288    922208  10767368    131.90   1822560    288000       492
23:13:59      1524824   2483888     61.96     47288    922248  10767368    131.90   1823984    288008       548
23:14:00      1521592   2487120     62.04     47288    922308  10771280    131.95   1827236    288036       596
23:14:01      1516460   2492252     62.17     47288    922368  10771280    131.95   1831828    287972       668
23:14:02      1514812   2493900     62.21     47288    922424  10775232    132.00   1833456    288000       708
23:14:03      1508668   2500044     62.37     47296    922472  10775232    132.00   1839024    288004       780
23:14:04      1507324   2501388     62.40     47296    922504  10779252    132.05   1840412    288000       812
23:14:05      1508520   2500192     62.37     47296    922556  10778104    132.03   1839076    288020       848
23:14:06      1507200   2501512     62.40     47296    922604  10778104    132.03   1840772    288012       880
23:14:07      1506748   2501964     62.41     47296    922636  10778104    132.03   1841292    288016       960
23:14:08      1504768   2503944     62.46     47304    922692  10786028    132.13   1843308    288040      1044
23:14:09      1503976   2504736     62.48     47304    922760  10786028    132.13   1844528    288068      1120
23:14:10      1500232   2508480     62.58     47304    922852  10790028    132.18   1847568    288108      1200
23:14:11      1497172   2511540     62.65     47304    922940  10790028    132.18   1849640    288148      1280
23:14:12      1496780   2511932     62.66     47304    923192  10790028    132.18   1850436    288348      1332
23:14:13      1494924   2513788     62.71     47312    923240  10790028    132.18   1852588    288372      1364
23:14:14      1494640   2514072     62.72     47312    923256  10793988    132.23   1852412    288368      1392
23:14:15      1492584   2516128     62.77     47312    923324  10793772    132.23   1854076    288396      1428
23:14:16      1491660   2517052     62.79     47312    923356  10793772    132.23   1855452    288388      1492
23:14:17      1492220   2516492     62.78     47312    923404  10793772    132.23   1853988    288404      1540
23:14:18      1491892   2516820     62.78     47320    923476  10793772    132.23   1855136    288428      1616
23:14:19      1487860   2520852     62.88     47320    923532  10801812    132.33   1858884    288348      1640
23:14:20      1487064   2521648     62.90     47320    923588  10801812    132.33   1859848    288280      1700
23:14:21      1484676   2524036     62.96     47320    923640  10801812    132.33   1861780    288156       880
23:14:22      1476284   2532428     63.17     47320    923684  10809720    132.42   1871408    288108       936
23:14:23      1489508   2519204     62.84     47328    923736  10795456    132.25   1856884    288120       984
23:14:24      1485152   2523560     62.95     47328    923780  10795456    132.25   1862516    288128      1072
23:14:25      1490848   2517864     62.81     47328    923832  10795456    132.25   1856188    288148      1092
23:14:26      1487308   2521404     62.90     47328    923876  10795456    132.25   1859688    288116       216
23:14:27      1484716   2523996     62.96     47328    923916  10795456    132.25   1862380    288124       292
23:14:28      1481552   2527160     63.04     47336    923952  10795456    132.25   1865240    288136       384
23:14:29      1481548   2527164     63.04     47336    923992  10799252    132.29   1865084    288136       464
23:14:30      1481640   2527072     63.04     47336    924008  10799252    132.29   1865244    288132       484
23:14:31      1478148   2530564     63.13     47336    924116  10803216    132.34   1869152    288172       604
23:14:32      1473900   2534812     63.23     47336    924140  10807244    132.39   1873016    288172       636
23:14:33      1471408   2537304     63.29     47344    924164  10807244    132.39   1876272    288168       724
23:14:34      1469912   2538800     63.33     47344    924220  10807244    132.39   1877152    288168       864
23:14:35      1459396   2549316     63.59     47344    924248  10819136    132.54   1887648    288164       956
23:14:36      1467796   2540916     63.38     47344    924352  10819140    132.54   1878764    288220      1044
23:14:37      1469416   2539296     63.34     47344    924368  10814364    132.48   1877480    288196      1060
23:14:38      1466840   2541872     63.41     47352    924436  10814364    132.48   1880176    288232      1120
23:14:39      1464008   2544704     63.48     47352    924476  10814364    132.48   1883060    288228      1208
23:14:40      1463084   2545628     63.50     47352    924520  10814364    132.48   1883308    288236      1256
23:14:41      1462432   2546280     63.52     47352    924564  10814364    132.48   1884656    288244      1180
23:14:42      1460780   2547932     63.56     47352    924600  10814364    132.48   1885704    288244      1236
23:14:43      1460656   2548056     63.56     47360    924732  10814364    132.48   1886188    288340      1296
23:14:44      1459200   2549512     63.60     47360    924784  10814364    132.48   1887556    288368      1336
23:14:45      1457304   2551408     63.65     47360    924852  10822416    132.58   1889376    288392      1388
23:14:46      1454052   2554660     63.73     47360    924916  10822416    132.58   1892380    288404         8
23:14:47      1453936   2554776     63.73     47360    924948  10822416    132.58   1892752    288396       124
23:14:48      1453164   2555548     63.75     47368    924976  10822416    132.58   1893660    288400       144
23:14:49      1452284   2556428     63.77     47368    925032  10826396    132.63   1894324    288400       288
23:14:50      1449452   2559260     63.84     47368    925052  10830348    132.67   1897212    288408       308
23:14:51      1447260   2561452     63.90     47368    925092  10830348    132.67   1899000    288392       376
23:14:52      1446544   2562168     63.91     47368    925124  10834272    132.72   1899168    288388       408
23:14:53      1445420   2563292     63.94     47376    925128  10834272    132.72   1900728    288392       444
23:14:54      1444468   2564244     63.97     47376    925196  10838236    132.77   1900988    288412       488
23:14:55      1442284   2566428     64.02     47376    925356  10838236    132.77   1903392    288496       516
23:14:56      1438732   2569980     64.11     47376    925484  10838236    132.77   1906164    288464       556
23:14:57      1438060   2570652     64.13     47376    925500  10838236    132.77   1907408    288468       632
23:14:58      1433156   2575556     64.25     47384    925520  10842320    132.82   1911960    288376       688
23:14:59      1431804   2576908     64.28     47384    925572  10850276    132.92   1914560    288352       808
23:15:00      1429540   2579172     64.34     47384    925592  10850276    132.92   1916008    288336       844
23:15:01      1428104   2580608     64.37     47384    925860  10850276    132.92   1917744    288560       896
23:15:02      1427764   2580948     64.38     47384    925920  10850276    132.92   1918152    288564      1000
23:15:03      1426336   2582376     64.42     47392    925932  10850276    132.92   1919868    288564      1084
23:15:04      1424188   2584524     64.47     47392    925968  10854308    132.97   1921924    288572      1164
23:15:05      1422628   2586084     64.51     47392    925980  10854308    132.97   1923636    288520      1212
23:15:06      1421756   2586956     64.53     47392    926000  10854308    132.97   1924464    288516      1268
23:15:07      1419956   2588756     64.58     47392    926036  10854308    132.97   1926108    288536      1280
23:15:08      1418104   2590608     64.62     47400    926040  10858312    133.02   1927364    288540      1328
23:15:09      1417888   2590824     64.63     47400    926080  10858312    133.02   1928184    288536      1380
23:15:10      1418320   2590392     64.62     47400    926084  10858312    133.02   1928304    288520      1384
23:15:11      1416792   2591920     64.66     47400    926096  10858312    133.02   1930208    288508      1416
23:15:12      1415284   2593428     64.69     47400    926096  10866176    133.11   1930968    288508      1416
23:15:13      1413028   2595684     64.75     47408    926100  10866176    133.11   1932448    288516      1428
23:15:14      1406700   2602012     64.91     47408    926220  10866176    133.11   1939184    288624      1436
23:15:15      1413128   2595584     64.75     47408    926240  10866176    133.11   1932644    288564      1444
23:15:16      1407236   2601476     64.90     47408    926368  10874236    133.21   1939456    288512      1504
23:15:17      1405816   2602896     64.93     47408    926376  10878264    133.26   1940072    288512      1528
23:15:18      1405852   2602860     64.93     47416    926428  10862036    133.06   1940572    288516      1652
23:15:19      1406484   2602228     64.91     47416    926440  10845452    132.86   1938204    288520      1656
23:15:20      1407404   2601308     64.89     47416    926448  10829436    132.66   1937844    288516      1684
23:15:21      1405620   2603092     64.94     47416    926448  10813312    132.47   1937060    288512       252
23:15:22      1404840   2603872     64.96     47416    926448  10796724    132.26   1936464    288512       160
23:15:23      1402272   2606440     65.02     47416    926448  10780628    132.07   1937824    288512       172
23:15:24      1399892   2608820     65.08     47424    926452  10764388    131.87   1939800    288524       240
23:15:25      1397432   2611280     65.14     47424    926456  10747824    131.66   1939592    288524       244
23:15:26      1396012   2612700     65.18     47424    926456  10732656    131.48   1938724    288512       244
23:15:27      1394068   2614644     65.22     47424    926456  10716504    131.28   1937604    288512       244
23:15:28      1390636   2618076     65.31     47424    926456  10702332    131.11   1938012    288512       244
23:15:29      1388384   2620328     65.37     47432    926448  10687036    130.92   1938220    288512       248
23:15:30      1385496   2623216     65.44     47432    926720  10671764    130.73   1937840    288476       256
23:15:31      1382808   2625904     65.50     47432    926720  10653196    130.50   1937000    288444       256
23:15:32      1382560   2626152     65.51     47432    926720  10639748    130.34   1936440    288444       136
23:15:33      1378236   2630476     65.62     47432    926720  10623868    130.15   1937776    288444       136
23:15:34      1378276   2630436     65.62     47440    926712  10604864    129.91   1933572    288444       136
23:15:35      1369008   2639704     65.85     47440    926720  10584584    129.66   1939104    288452       148
23:15:36      1368000   2640712     65.87     47440    926720  10568652    129.47   1936408    288452       148
23:15:37      1362976   2645736     66.00     47440    926720  10554308    129.29   1938476    288452       140
23:15:38      1357408   2651304     66.14     47440    926724  10546580    129.20   1940860    288456       144
23:15:39      1356240   2652472     66.17     47448    926724  10532948    129.03   1937780    288452       152
23:15:40      1349936   2658776     66.32     47448    926732  10516812    128.83   1938924    288464       152
23:15:41      1348244   2660468     66.37     47448    926732  10500416    128.63   1938084    288464       152
23:15:42      1344712   2664000     66.46     47448    926732  10484992    128.44   1937448    288460       152
23:15:43      1341216   2667496     66.54     47448    926732  10468416    128.24   1936540    288460       152
23:15:44      1338872   2669840     66.60     47456    926724  10452172    128.04   1935656    288460       152
23:15:45      1336176   2672536     66.67     47456    926732  10435900    127.84   1934940    288468       152
23:15:46      1333820   2674892     66.73     47456    926732  10419912    127.65   1934196    288468       152
23:15:47      1330788   2677924     66.80     47456    926732  10403684    127.45   1933476    288468       152
23:15:48      1327728   2680984     66.88     47456    926732  10387404    127.25   1932792    288468       152
23:15:49      1323440   2685272     66.99     47464    926724  10370868    127.05   1932400    288468       152
23:15:50      1326700   2682012     66.90     47464    926732  10354648    126.85   1928256    288476       156
23:15:51      1324704   2684008     66.95     47464    926732  10338348    126.65   1927224    288476       156
23:15:52      1320020   2688692     67.07     47464    926732  10319464    126.42   1926796    288476       156
23:15:53      1316404   2692308     67.16     47464    926732  10303308    126.22   1925980    288476       156
23:15:54      1309900   2698812     67.32     47472    926728  10287008    126.02   1927164    288476       160
23:15:55      1306888   2701824     67.40     47472    926736  10266520    125.77   1928072    288348       160
23:15:56      1303960   2704752     67.47     47472    926736  10254544    125.62   1926928    288348       160
23:15:57      1301400   2707312     67.54     47472    926740  10238464    125.42   1926316    288352        32
23:15:58      1293080   2715632     67.74     47472    926740  10222116    125.22   1930004    288348        40
23:15:59      1290176   2718536     67.82     47480    926732  10205816    125.02   1930256    288344        40
23:16:00      1282756   2725956     68.00     47480    926740  10201048    124.97   1935292    288320        92
23:16:01      1281252   2727460     68.04     47480    926740  10184580    124.76   1934436    288320        92
23:16:02      1278916   2729796     68.10     47480    926740  10168144    124.56   1933624    288320        92
23:16:03      1276016   2732696     68.17     47480    926740  10151660    124.36   1932724    288320        92
23:16:04      1273976   2734736     68.22     47488    926732  10135252    124.16   1932128    288320        92
23:16:05      1271520   2737192     68.28     47488    926740  10118960    123.96   1931392    288320        96
23:16:06      1289436   2719276     67.83     47488    926740  10073532    123.40   1904684    288328        96
23:16:07      1285512   2723200     67.93     47488    926740  10058972    123.23   1905588    288188        96
23:16:08      1284876   2723836     67.95     47488    926740  10042488    123.02   1904760    288148        96
23:16:09      1282580   2726132     68.01     47488    926740  10024548    122.80   1903848    288148        96
23:16:10      1280104   2728608     68.07     47496    926744  10010308    122.63   1903100    288152       100
23:16:11      1278180   2730532     68.11     47496    926748   9994056    122.43   1902320    288160       104
23:16:12      1275332   2733380     68.19     47496    926748   9977756    122.23   1901592    288160        28
23:16:13      1272796   2735916     68.25     47496    926748   9961456    122.03   1900728    288160        36
23:16:14      1271864   2736848     68.27     47496    926748   9945032    121.83   1899872    288160        36
23:16:15      1271884   2736828     68.27     47504    926740   9928732    121.63   1899000    288160        36
23:16:16      1273644   2735068     68.23     47504    926748   9912200    121.43   1898848    288164        72
23:16:17      1272512   2736200     68.26     47504    926776   9895128    121.22   1899644    288160        80
23:16:18      1271516   2737196     68.28     47504    926784   9878744    121.02   1899540    288180        88
23:16:19      1271560   2737152     68.28     47504    926784   9862336    120.82   1899284    288168        96
23:16:20      1271404   2737308     68.28     47512    926784   9846036    120.62   1898656    288164       104
23:16:21      1287972   2720740     67.87     47512    926792   9810540    120.18   1877804    288160       112
23:16:22      1289172   2719540     67.84     47512    926804   9794184    119.98   1876804    288160       116
23:16:23      1288676   2720036     67.85     47512    926804   9777708    119.78   1875800    288168       116
23:16:24      1297252   2711460     67.64     47512    926804   9744332    119.37   1860592    288168       116
23:16:25      1294044   2714668     67.72     47520    926796   9725132    119.14   1860532    288164       116
23:16:26      1290948   2717764     67.80     47520    926804   9708544    118.93   1860000    288172       116
23:16:27      1321892   2686820     67.02     47520    926808   9648320    118.19   1817476    288176       120
23:16:28      1318976   2689736     67.10     47520    926812   9629404    117.96   1816564    288172       124
23:16:29      1315848   2692864     67.18     47520    926812   9610436    117.73   1815724    288172       124
23:16:30      1321040   2687672     67.05     47528    926808   9583196    117.40   1804764    288172       128
23:16:31      1320264   2688448     67.07     47528    926828   9563424    117.15   1803904    288184       136
23:16:32      1317792   2690920     67.13     47528    926828   9542200    116.89   1806356    288184       136
23:16:33      1319528   2689184     67.08     47528    926828   9525780    116.69   1805488    288180       136
23:16:34      1320348   2688364     67.06     47528    926828   9509648    116.50   1804836    288180       140
23:16:35      1321520   2687192     67.03     47528    926828   9493268    116.30   1804004    288180       140
23:16:36      1321128   2687584     67.04     47536    926828   9477000    116.10   1804632    288180       140
23:16:37      1320832   2687880     67.05     47536    926828   9462276    115.92   1803724    288188       140
23:16:38      1319572   2689140     67.08     47536    926828   9446680    115.72   1802908    288188       140
23:16:39      1317280   2691432     67.14     47536    926828   9430096    115.52   1802688    288188       140
23:16:40      1318388   2690324     67.11     47536    926832   9414940    115.34   1801856    288188       144
23:16:41      1319856   2688856     67.08     47544    926828   9398520    115.13   1801016    288192       144
23:16:42      1321808   2686904     67.03     47544    926832   9382112    114.93   1799944    288196        36
23:16:43      1323328   2685384     66.99     47544    926832   9365716    114.73   1799176    288200        36
23:16:44      1325156   2683556     66.94     47544    926836   9349416    114.53   1798268    288204        40
23:16:45      1326760   2681952     66.90     47544    926836   9333020    114.33   1797280    288196        40
23:16:46      1327948   2680764     66.87     47552    926832   9316720    114.13   1796492    288196        88
23:16:47      1330516   2678196     66.81     47552    926836   9300136    113.93   1795468    288200        88
23:16:48      1331888   2676824     66.78     47552    926836   9283836    113.73   1794692    288204        88
23:16:49      1333044   2675668     66.75     47552    926836   9267436    113.53   1793924    288204        88
23:16:50      1333860   2674852     66.73     47552    926836   9250848    113.33   1793808    288204        88
23:16:51      1336252   2672460     66.67     47560    926832   9234388    113.12   1792772    288204        88
23:16:52      1338100   2670612     66.62     47560    926836   9219064    112.94   1791768    288212        88
23:16:53      1339680   2669032     66.58     47560    926836   9202764    112.74   1791020    288212        88
23:16:54      1342004   2666708     66.52     47560    926836   9186384    112.54   1790112    288212        88
23:16:55      1343656   2665056     66.48     47560    926836   9170084    112.34   1789208    288212        88
23:16:56      1345172   2663540     66.44     47568    926828   9153784    112.14   1788368    288212        88
23:16:57      1347876   2660836     66.38     47568    926836   9137360    111.94   1785736    288220        88
23:16:58      1349064   2659648     66.35     47568    926836   9121016    111.74   1784608    288220        88
23:16:59      1351208   2657504     66.29     47568    926836   9104592    111.53   1783632    288220        88
23:17:00      1353424   2655288     66.24     47568    926836   9085516    111.30   1782868    288220        88
23:17:01      1355484   2653228     66.19     47580    926828   9069076    111.10   1782036    288220        88
23:17:02      1357936   2650776     66.13     47580    926836   9053208    110.90   1781068    288232        96
23:17:03      1359668   2649044     66.08     47580    926840   9036912    110.70   1780308    288236       100
23:17:04      1361320   2647392     66.04     47580    926840   9020612    110.51   1779600    288232       100
23:17:05      1363024   2645688     66.00     47580    926840   9004312    110.31   1778692    288232       100
23:17:06      1365728   2642984     65.93     47588    926836   8987540    110.10   1777464    288236       104
23:17:07      1367572   2641140     65.89     47588    926844   8970952    109.90   1776424    288240       124
23:17:08      1369272   2639440     65.84     47588    926848   8954652    109.70   1775604    288240       128
23:17:09      1370776   2637936     65.81     47588    926848   8938352    109.50   1774752    288240       128
23:17:10      1372692   2636020     65.76     47588    926848   8921944    109.30   1773864    288240       128
23:17:11      1374180   2634532     65.72     47596    926840   8905536    109.10   1773032    288240       128
23:17:12      1375580   2633132     65.69     47596    926848   8889236    108.90   1772176    288248       128
23:17:13      1376796   2631916     65.65     47596    926848   8872936    108.70   1771576    288248       132
23:17:14      1378468   2630244     65.61     47596    926848   8856636    108.50   1770664    288248       132
23:17:15      1380288   2628424     65.57     47596    926848   8840336    108.30   1769892    288248       132
23:17:16      1381740   2626972     65.53     47604    926840   8824004    108.10   1769040    288248       132
23:17:17      1383380   2625332     65.49     47604    926848   8807688    107.90   1768028    288256        40
23:17:18      1385344   2623368     65.44     47604    926848   8791280    107.70   1767064    288256        44
23:17:19      1387348   2621364     65.39     47604    926848   8774736    107.49   1766052    288256        44
23:17:20      1389168   2619544     65.35     47604    926848   8758260    107.29   1765160    288256        44
23:17:21      1390780   2617932     65.31     47612    926844   8741848    107.09   1763968    288256        48
23:17:22      1392204   2616508     65.27     47612    926856   8725424    106.89   1763168    288252        88
23:17:23      1393592   2615120     65.24     47612    926856   8709124    106.69   1762236    288260        88
23:17:24      1394816   2613896     65.21     47612    926860   8692772    106.49   1761388    288264        92
23:17:25      1396364   2612348     65.17     47612    926860   8676296    106.29   1760348    288260        92
23:17:26      1398024   2610688     65.13     47620    926852   8659996    106.09   1759452    288260        92
23:17:27      1399256   2609456     65.09     47620    926860   8643696    105.89   1758664    288260        96
23:17:28      1400492   2608220     65.06     47620    926860   8627396    105.69   1757792    288268        96
23:17:29      1401968   2606744     65.03     47620    926860   8611096    105.49   1756928    288268        96
23:17:30      1403180   2605532     65.00     47620    926860   8594636    105.29   1756056    288268        96
23:17:31      1405180   2603532     64.95     47620    926860   8578292    105.09   1755028    288268        96
23:17:32      1407364   2601348     64.89     47628    926860   8561992    104.89   1754216    288268        88
23:17:33      1408648   2600064     64.86     47628    926864   8545520    104.69   1753416    288272        92
23:17:34      1410068   2598644     64.82     47628    926864   8529112    104.48   1752248    288268        92
23:17:35      1411920   2596792     64.78     47628    926864   8512820    104.28   1751424    288268        92
23:17:36      1413224   2595488     64.75     47628    926864   8496512    104.08   1750548    288268        92
23:17:37      1415704   2593008     64.68     47636    926860   8480084    103.88   1749604    288268        92
23:17:38      1417320   2591392     64.64     47636    926864   8463652    103.68   1748708    288272        92
23:17:39      1418848   2589864     64.61     47636    926864   8447176    103.48   1747752    288276        96
23:17:40      1420180   2588532     64.57     47636    926864   8430876    103.28   1746868    288276        96
23:17:41      1421660   2587052     64.54     47636    926864   8414160    103.08   1745700    288276       100
23:17:42      1423580   2585132     64.49     47644    926860   8397752    102.87   1744672    288276       100
23:17:43      1425476   2583236     64.44     47644    926864   8381468    102.68   1743764    288284       100
23:17:44      1428032   2580680     64.38     47644    926868   8365168    102.48   1743128    288284       104
23:17:45      1429944   2578768     64.33     47644    926868   8348700    102.27   1742240    288284       104
23:17:46      1431388   2577324     64.29     47644    926868   8332400    102.07   1741368    288284       104
23:17:47      1432468   2576244     64.27     47652    926868   8315976    101.87   1740520    288284        96
23:17:48      1433888   2574824     64.23     47652    926868   8299388    101.67   1739336    288292       104
23:17:49      1435628   2573084     64.19     47652    926868   8283088    101.47   1738588    288292       104
23:17:50      1437364   2571348     64.14     47652    926872   8266664    101.27   1737576    288296       108
23:17:51      1439148   2569564     64.10     47652    926872   8250080    101.07   1736428    288292       108
23:17:52      1441100   2567612     64.05     47660    926868   8233780    100.87   1735592    288292        88
23:17:53      1444024   2564688     63.98     47660    926872   8217064    100.66   1734424    288300        88
23:17:54      1447152   2561560     63.90     47660    926872   8200648    100.46   1733532    288300        88
23:17:55      1449648   2559064     63.84     47660    926872   8184348    100.26   1732648    288300        88
23:17:56      1451944   2556768     63.78     47660    926872   8167904    100.06   1731792    288300        88
23:17:57      1453488   2555224     63.74     47668    926868   8151604     99.86   1730912    288304        44
23:17:58      1455348   2553364     63.70     47668    926872   8135020     99.66   1729964    288308        44
23:17:59      1456892   2551820     63.66     47668    926872   8118420     99.45   1728992    288308        44
23:18:00      1458320   2550392     63.62     47668    926872   8102104     99.25   1728076    288308        44
23:18:01      1459980   2548732     63.58     47668    926872   8085804     99.05   1727196    288308        44
23:18:02      1461908   2546804     63.53     47676    926864   8069504     98.85   1726320    288308        44
23:18:03      1463868   2544844     63.48     47676    926872   8052648     98.65   1725120    288316        44
23:18:04      1465764   2542948     63.44     47676    926872   8036348     98.45   1724252    288316        44
23:18:05      1467600   2541112     63.39     47676    926876   8020048     98.25   1723400    288316        48
23:18:06      1469800   2538912     63.33     47676    926876   8003640     98.05   1722604    288320        48
23:18:07      1470860   2537852     63.31     47684    926868   7987340     97.85   1721652    288316        48
23:18:08      1472336   2536376     63.27     47684    926876   7971040     97.65   1720860    288324        48
23:18:09      1474044   2534668     63.23     47684    926876   7954740     97.45   1719916    288324        48
23:18:10      1476108   2532604     63.18     47684    926876   7938364     97.25   1719040    288324        48
23:18:11      1477728   2530984     63.14     47684    926876   7922064     97.05   1718156    288324        48
23:18:12      1479496   2529216     63.09     47692    926872   7905684     96.85   1717208    288328        52
23:18:13      1481200   2527512     63.05     47692    926880   7889240     96.65   1716384    288324        64
23:18:14      1482840   2525872     63.01     47692    926880   7872816     96.44   1715400    288332        64
23:18:15      1484740   2523972     62.96     47692    926880   7856248     96.24   1714276    288332        64
23:18:16      1486444   2522268     62.92     47692    926880   7839948     96.04   1713464    288332        64
23:18:17      1488444   2520268     62.87     47700    926872   7823076     95.83   1712068    288332        64
23:18:18      1489864   2518848     62.83     47700    926884   7806668     95.63   1711200    288336        68
23:18:19      1492024   2516688     62.78     47700    926884   7790368     95.43   1710224    288340        68
23:18:20      1494624   2514088     62.72     47700    926884   7773960     95.23   1709420    288340        68
23:18:21      1495972   2512740     62.68     47700    926888   7757520     95.03   1708400    288340        72
23:18:22      1498984   2509728     62.61     47708    926880   7741220     94.83   1707528    288344        64
23:18:23      1502104   2506608     62.53     47708    926888   7724912     94.63   1706672    288344        80
23:18:24      1503736   2504976     62.49     47708    926888   7708436     94.43   1705668    288348        80
23:18:25      1506024   2502688     62.43     47708    926888   7692136     94.23   1704868    288348        80
23:18:26      1509708   2499004     62.34     47708    926888   7675852     94.03   1704088    288348        80
23:18:27      1511060   2497652     62.31     47716    926880   7659560     93.83   1704092    288348        64
23:18:28      1512772   2495940     62.26     47716    926888   7643204     93.63   1703240    288352        88
23:18:29      1516484   2492228     62.17     47716    926888   7626904     93.43   1702336    288356        88
23:18:30      1520020   2488692     62.08     47716    926888   7610496     93.23   1701328    288356        88
23:18:31      1522144   2486568     62.03     47716    926888   7594836     93.04   1700356    288356        88
23:18:32      1524220   2484492     61.98     47724    926880   7578344     92.84   1699380    288356        40
23:18:33      1526288   2482424     61.93     47724    926888   7562208     92.64   1698600    288356        56
23:18:34      1529380   2479332     61.85     47724    926888   7545800     92.44   1697500    288364        56
23:18:35      1531392   2477320     61.80     47724    926892   7529476     92.24   1696596    288364        60
23:18:36      1532952   2475760     61.76     47724    926892   7513048     92.04   1695644    288368        60
23:18:37      1534712   2474000     61.72     47732    926884   7496748     91.84   1694804    288364        60
23:18:38      1535900   2472812     61.69     47732    926892   7480376     91.64   1694052    288364        64
23:18:39      1537548   2471164     61.64     47732    926892   7464076     91.44   1693148    288364        64
23:18:40      1538708   2470004     61.62     47732    926892   7447776     91.24   1692064    288372        64
23:18:41      1539816   2468896     61.59     47732    926892   7431356     91.04   1691116    288372        64
23:18:42      1541428   2467284     61.55     47740    926884   7415056     90.84   1690300    288372        56
23:18:43      1543092   2465620     61.51     47740    926892   7398756     90.64   1689444    288372        60
23:18:44      1544900   2463812     61.46     47740    926892   7382352     90.44   1688620    288372        60
23:18:45      1546504   2462208     61.42     47740    926896   7365892     90.23   1687684    288384        72
23:18:46      1548296   2460416     61.38     47740    926896   7349300     90.03   1686628    288380        72
23:18:47      1550136   2458576     61.33     47740    926896   7333000     89.83   1685696    288380        72
23:18:48      1553064   2455648     61.26     47748    926896   7316508     89.63   1684604    288380        72
23:18:49      1555128   2453584     61.21     47748    926896   7299924     89.43   1683476    288388        72
23:18:50      1556436   2452276     61.17     47748    926896   7283632     89.23   1682700    288388        72
23:18:51      1554616   2454096     61.22     47748    926896   7283632     89.23   1684944    288388        72
23:18:52      1555848   2452864     61.19     47748    926896   7267332     89.03   1684344    288388        72
23:18:53      1558704   2450008     61.12     47756    926896   7251032     88.83   1682148    288388        72
23:18:54      1560644   2448068     61.07     47756    926896   7234732     88.63   1680208    288396        72
23:18:55      1562232   2446480     61.03     47756    926896   7218432     88.43   1678936    288396        72
Average:      1525014   2483698     61.96     47439    924591   9055989    110.94   1764912    288360       392
