22.96
8.12
10.55
9.73
15.68
16.33
21.57
42.93
19.53
19.27
19.29
19.19
23.02
19.84
28.97
24.94
28.35
24.10
21.85
23.47
24.68
28.31
29.24
31.28
22.88
24.68
26.34
26.04
25.77
27.78
27.99
26.40
25.96
28.79
29.82
28.61
32.83
35.66
32.99
37.68
36.18
37.91
38.00
34.63
37.03
39.60
41.16
34.02
39.10
40.36
42.42
39.85
39.18
35.68
35.84
36.90
34.70
37.47
35.57
36.02
37.59
39.75
39.55
40.76
36.52
38.21
38.52
35.53
37.66
38.00
38.58
34.81
37.94
37.89
40.35
34.44
40.45
34.96
41.41
39.80
41.27
41.88
37.69
37.92
34.88
34.46
34.56
38.46
35.48
35.16
35.58
40.55
33.76
38.30
39.90
36.36
34.99
38.97
36.25
35.42
36.01
35.88
34.26
35.13
40.15
34.37
36.73
36.48
38.44
37.28
37.21
38.82
33.59
35.06
38.73
35.14
36.83
38.76
37.69
38.52
35.29
34.10
34.46
37.50
32.73
35.62
37.85
39.16
36.39
35.42
37.21
38.11
34.46
37.06
40.15
34.97
34.87
37.85
35.84
38.08
36.34
37.40
31.70
32.81
37.76
37.15
37.15
34.86
38.24
31.62
37.69
37.12
38.83
35.03
38.60
40.00
44.39
38.58
37.60
36.36
35.38
38.62
35.86
36.15
40.56
37.94
34.11
35.37
38.78
36.57
35.11
36.63
34.18
35.53
35.38
35.60
38.42
33.68
33.68
35.66
36.43
35.82
34.78
37.85
33.68
37.82
33.33
36.39
37.02
35.97
35.04
36.92
35.18
38.29
33.94
37.97
37.69
38.11
31.17
33.42
36.48
35.97
33.60
32.30
29.47
31.38
32.29
36.27
36.34
35.19
35.20
36.08
34.11
33.93
36.79
33.33
34.78
30.93
30.79
32.73
32.12
31.68
34.35
34.44
33.25
34.53
32.90
34.38
33.93
31.33
34.19
33.33
30.31
35.06
34.84
34.33
37.28
34.94
38.83
32.14
36.39
35.37
35.81
35.28
34.20
32.99
33.33
35.88
30.85
34.54
37.12
34.54
32.48
34.62
31.46
30.85
35.53
34.72
35.04
35.62
30.83
35.04
29.38
31.75
34.26
34.02
32.72
33.25
33.84
33.25
31.89
35.01
33.85
33.33
29.17
34.11
32.99
34.38
34.87
35.48
33.77
33.94
32.14
34.94
31.23
35.97
30.97
34.36
35.48
37.31
33.84
35.44
30.13
35.23
33.50
32.82
33.07
32.05
33.16
34.78
33.25
33.25
33.16
37.02
35.79
32.13
32.64
34.20
34.03
36.73
35.55
35.05
35.44
37.53
32.99
34.11
29.77
32.74
31.17
29.34
29.56
30.36
25.38
23.16
27.16
22.70
21.72
20.96
20.46
20.10
16.28
16.88
16.45
11.39
10.41
10.15
11.87
7.87
4.79
3.75
3.53
2.99
2.51
2.51
3.26
1.01
2.25
1.76
2.75
14.82
2.01
2.25
1.51
2.50
1.00
1.00
1.25
1.25
0.75
1.50
1.50
1.25
1.25
1.50
1.25
1.25
0.75
1.50
0.75
1.75
1.00
1.25
0.75
1.25
1.25
1.25
1.25
0.75
0.75
1.75
0.75
1.74
0.75
1.75
1.00
1.25
1.50
1.75
1.25
1.50
1.25
1.50
1.25
2.00
1.01
1.99
0.75
1.75
1.25
1.50
