38.44
38.45
38.46
38.51
38.60
38.79
38.77
38.78
38.80
38.83
38.88
38.98
39.13
39.15
39.45
39.48
39.51
39.54
39.61
39.72
39.84
40.08
40.44
40.85
40.89
41.00
41.08
41.14
41.21
41.25
41.32
41.32
41.38
41.42
41.51
41.62
41.85
42.34
42.80
43.27
43.74
44.29
44.82
45.31
45.81
46.31
46.81
46.97
47.45
47.99
48.51
49.04
49.12
49.17
49.22
49.26
49.32
49.36
49.40
49.46
49.53
49.65
49.91
50.42
50.43
50.44
50.45
50.46
50.47
50.47
50.49
50.52
50.52
50.52
50.53
50.55
50.58
50.64
50.76
51.01
51.48
51.98
52.00
52.00
52.01
52.00
52.02
52.02
52.02
52.02
52.02
52.02
52.00
52.00
51.99
51.99
51.98
51.97
51.96
51.96
51.95
51.94
51.93
51.93
51.92
51.90
51.89
51.89
51.87
51.86
51.87
51.90
51.90
51.89
51.88
51.87
51.86
51.85
51.84
51.82
51.81
51.80
51.79
51.77
51.76
51.75
51.74
51.73
51.72
51.70
51.69
51.68
51.67
51.67
51.69
51.74
51.75
51.74
51.73
51.71
51.71
51.70
51.68
51.67
51.66
51.66
51.67
51.67
51.65
51.64
51.65
51.66
51.70
51.77
51.85
52.05
52.49
52.51
52.51
52.51
52.51
52.51
52.52
52.52
52.51
52.50
52.49
52.50
52.49
52.50
52.50
52.49
52.48
52.46
52.45
52.44
52.43
52.42
52.40
52.40
52.38
52.37
52.39
52.41
52.40
52.41
52.39
52.38
52.37
52.35
52.34
52.33
52.31
52.31
52.32
52.34
52.40
52.40
52.39
52.38
52.37
52.36
52.35
52.34
52.32
52.31
52.30
52.29
52.27
52.26
52.24
52.23
52.22
52.21
52.20
52.18
52.17
52.16
52.14
52.12
52.12
52.10
52.08
52.08
52.06
52.05
52.04
52.02
52.00
51.99
51.98
51.97
51.95
51.95
51.95
51.98
52.03
52.14
52.36
52.36
52.35
52.34
52.33
52.32
52.31
52.30
52.29
52.28
52.26
52.25
52.24
52.22
52.22
52.20
52.19
52.18
52.16
52.15
52.14
52.16
52.15
52.13
52.11
52.11
52.09
52.08
52.07
52.05
52.04
52.04
52.03
52.02
52.00
51.99
51.98
51.96
51.95
51.94
51.92
51.91
51.91
51.91
51.90
51.89
51.88
51.88
51.87
51.89
51.87
51.86
51.85
51.84
51.82
51.83
51.84
51.83
51.81
51.80
51.79
51.77
51.76
51.75
51.73
51.72
51.70
51.69
51.68
51.66
51.65
51.64
51.63
51.61
51.60
51.59
51.57
51.55
51.54
51.53
51.51
51.50
51.49
51.47
51.45
51.44
51.42
51.39
51.37
51.36
51.34
51.32
51.30
51.29
51.27
51.25
51.24
51.22
51.20
51.19
51.17
51.16
51.14
51.12
51.11
51.10
51.08
51.06
51.05
51.03
51.02
51.00
50.99
50.97
50.96
50.94
50.93
50.91
50.91
50.89
50.88
50.86
50.85
50.83
50.82
50.81
50.79
50.78
50.76
50.75
50.74
50.72
50.71
50.69
50.67
50.66
50.64
50.63
50.61
50.60
50.59
50.57
50.55
50.53
50.52
50.51
50.49
50.48
50.46
50.45
50.44
50.42
50.40
50.39
50.37
50.36
50.34
50.33
50.31
50.29
50.28
50.27
