Linux 3.11.0-15-generic (client-HVM-domU) 	04/22/2015

05:57:00 PM kbmemfree kbmemused  %memused kbbuffers  kbcached kbswpfree kbswpused  %swpused  kbswpcad
05:57:01 PM    479512   4336608     90.04      6616     55968     88424    957076     91.54    221860
05:57:06 PM    304916   4511204     93.67      6632     56304    101880    943620     90.26    256948
05:57:11 PM    117608   4698512     97.56      6644     56480    117512    927988     88.76    290888
05:57:29 PM     83988   4732132     98.26      4508     37636    116344    929156     88.87    301136
06:03:13 PM    214264   4601856     95.55       136     13420     48396    997104     95.37    246756
06:03:59 PM    222872   4593248     95.37       108     10472     43096   1002404     95.88    255700
06:04:20 PM    203952   4612168     95.77       104     11440     51832    993668     95.04    258688
06:04:51 PM    170756   4645364     96.45       108     11604     60420    985080     94.22    282624
06:05:02 PM    154820   4661300     96.79       120     11864     64504    980996     93.83    294724
06:05:13 PM    139624   4676496     97.10       132     11964     68932    976568     93.41    304936
06:05:28 PM    120356   4695764     97.50       148     12396     75088    970412     92.82    318072
06:05:43 PM     99864   4716256     97.93       168     12204     81024    964476     92.25    331668
06:06:26 PM     89536   4726584     98.14       192     15752     73724    971776     92.95    341752
06:06:48 PM     90760   4725360     98.12       204     16612     70720    974780     93.24    340988
06:07:08 PM     89032   4727088     98.15       216     19828     64152    981348     93.86    341868
06:07:26 PM     88060   4728060     98.17       240     21548     58172    987328     94.44    341768
06:07:43 PM     94456   4721664     98.04       404     23144     51656    993844     95.06    338040
06:09:14 PM    168904   4647216     96.49       564     17912     22912   1022588     97.81    294184
06:09:33 PM    170140   4645980     96.47       720     20028     17060   1028440     98.37    295132
06:09:42 PM    113380   4702740     97.65      1436     22932     22596   1022904     97.84    304720
06:10:06 PM    121928   4694192     97.47      1416     21256     13476   1032024     98.71    315060
Average:       158987   4657133     96.70      1467     22894     62472    983028     94.02    298929
