Linux 3.11.0-15-generic (client-HVM-domU) 	04/22/2015

06:14:25 PM kbmemfree kbmemused  %memused kbbuffers  kbcached kbswpfree kbswpused  %swpused  kbswpcad
06:14:26 PM    308388   4507732     93.60      2836     32224    117736    927764     88.74    336340
06:14:27 PM    283196   4532924     94.12      2856     32560    119840    925660     88.54    339856
06:14:28 PM    254092   4562028     94.72      2872     32988    122172    923328     88.31    342968
06:14:29 PM    227412   4588708     95.28      2892     33892    124156    921344     88.12    346108
06:14:30 PM    210940   4605180     95.62      2912     33900    127116    918384     87.84    351252
06:14:31 PM    198036   4618084     95.89      2928     33928    129860    915640     87.58    355460
06:14:32 PM    185536   4630584     96.15      2944     34608    132368    913132     87.34    359076
06:14:34 PM    144836   4671284     96.99      2960     34896    138920    906580     86.71    366820
06:14:36 PM    105820   4710300     97.80      2048     27516    147264    898236     85.91    376352
06:16:59 PM    138836   4677284     97.12      1804     20292    108460    937040     89.63    227080
06:17:45 PM    120456   4695664     97.50       492     16928    103904    941596     90.06    166608
06:18:44 PM     91096   4725024     98.11       448     19608     89404    956096     91.45    138632
06:20:58 PM    133756   4682364     97.22       460     19548     44940   1000560     95.70    128544
06:22:49 PM    149184   4666936     96.90       516     28376     13864   1031636     98.67    120880
06:24:41 PM    113512   4702608     97.64       152     13896     10356   1035144     99.01    161952
06:28:23 PM    195308   4620812     95.94       104     11748      1356   1044144     99.87     74600
06:31:35 PM     90908   4725212     98.11       140     28304      2256   1043244     99.78    145872
06:32:36 PM    114964   4701156     97.61       104     17980       932   1044568     99.91    131916
06:33:32 PM    125772   4690348     97.39        92     12760      2744   1042756     99.74    117844
06:34:28 PM    114068   4702052     97.63       228     17992      2736   1042764     99.74    105860
06:35:30 PM    171764   4644356     96.43       100     11464         0   1045500    100.00     50436
06:35:48 PM    134708   4681412     97.20       392     23716      1568   1043932     99.85     64272
06:35:49 PM    122068   4694052     97.47       408     22832      2288   1043212     99.78     67204
06:35:57 PM    111224   4704896     97.69       148     22260      1292   1044208     99.88     76580
06:37:56 PM    116048   4700072     97.59        96     17124       956   1044544     99.91     54116
06:40:06 PM     89948   4726172     98.13       100     15564      1428   1044072     99.86     43744
06:41:38 PM    173296   4642824     96.40       672     18084     76292    969208     92.70    169192
06:41:57 PM     99348   4716772     97.94       688     19068     88868    956632     91.50    198468
06:45:22 PM    141496   4674624     97.06       304     14804     28528   1016972     97.27    207356
06:48:39 PM    246704   4569416     94.88       180     14232      3836   1041664     99.63    182528
06:50:02 PM    350900   4465220     92.71       136     10012       192   1045308     99.98    133120
06:51:35 PM    360860   4455260     92.51       184     18332       544   1044956     99.95    169172
06:51:51 PM    390100   4426020     91.90       148     11384      1208   1044292     99.88    151124
06:52:23 PM    311956   4504164     93.52       164     16756     10540   1034960     98.99    197756
06:52:36 PM    299220   4516900     93.79       172     15988     15644   1029856     98.50    196328
06:53:51 PM    150268   4665852     96.88        96     18360     40940   1004560     96.08    308784
06:57:59 PM    138336   4677784     97.13       120     16120     15776   1029724     98.49    320824
06:59:16 PM    181336   4634784     96.23       968     13924      6156   1039344     99.41    305784
07:02:09 PM    103048   4713072     97.86       268     15148     30236   1015264     97.11    248976
07:03:17 PM    122256   4693864     97.46       944     24344      6412   1039088     99.39    208132
07:08:12 PM    293160   4522960     93.91       148      9676         0   1045500    100.00     35836
07:08:54 PM    296832   4519288     93.84        96      9732        64   1045436     99.99     30736
07:10:31 PM    214956   4601164     95.54       296     10296       368   1045132     99.96     79332
07:10:48 PM    182224   4633896     96.22       312     14244      2476   1043024     99.76    100548
07:11:13 PM    150200   4665920     96.88       324     19360      2256   1043244     99.78    113644
07:12:02 PM     87856   4728264     98.18       324     28324     10296   1035204     99.02    144172
07:13:19 PM     96856   4719264     97.99       336     27064      2664   1042836     99.75    145148
07:13:34 PM    117180   4698940     97.57       100      6496         0   1045500    100.00    146220
07:13:54 PM    150672   4665448     96.87       100      8228      1756   1043744     99.83    110932
07:15:38 PM    150088   4666032     96.88       240     10904         0   1045500    100.00     36424
07:15:39 PM    143624   4672496     97.02       252     12112         0   1045500    100.00     41144
07:15:53 PM    118680   4697440     97.54       272     15088      1588   1043912     99.85     58352
07:16:07 PM    101884   4714236     97.88       104     10336      1552   1043948     99.85     75872
07:16:17 PM     92064   4724056     98.09       108     13232         0   1045500    100.00     73656
07:16:30 PM    129868   4686252     97.30        88      8188         0   1045500    100.00     44640
07:16:32 PM    123668   4692452     97.43       368     11392         0   1045500    100.00     45008
07:16:33 PM    116660   4699460     97.58       256     15792         0   1045500    100.00     45444
07:16:34 PM    108396   4707724     97.75       152     18732         0   1045500    100.00     46096
07:16:35 PM    101720   4714400     97.89       428     17128         0   1045500    100.00     46612
07:16:36 PM     95120   4721000     98.02       332     16076         0   1045500    100.00     46860
07:16:37 PM     92760   4723360     98.07       768     15024         0   1045500    100.00     47340
07:16:38 PM     94732   4721388     98.03       324     13996         0   1045500    100.00     46560
07:16:39 PM     95320   4720800     98.02       272     11580         0   1045500    100.00     46480
07:16:41 PM     94292   4721828     98.04       320     12140         0   1045500    100.00     46424
07:16:43 PM    137504   4678616     97.14       292     13612         0   1045500    100.00     47056
07:16:46 PM    137048   4679072     97.15       340     10320         0   1045500    100.00     46228
07:16:49 PM    139188   4676932     97.11       216     10328         0   1045500    100.00     43804
07:16:50 PM    138932   4677188     97.12       352     11332         0   1045500    100.00     43696
07:16:51 PM    138052   4678068     97.13       704     11388         0   1045500    100.00     44232
07:16:52 PM    136824   4679296     97.16       340     11896         0   1045500    100.00     45148
07:16:53 PM    135596   4680524     97.18       320     13252         0   1045500    100.00     44644
07:16:54 PM    143684   4672436     97.02       480     12696         0   1045500    100.00     44128
07:16:55 PM    144864   4671256     96.99       500     11860         0   1045500    100.00     43896
07:16:56 PM    143480   4672640     97.02       776     12032         0   1045500    100.00     44568
07:16:57 PM    141672   4674448     97.06       892     11836         0   1045500    100.00     45016
07:16:58 PM    141960   4674160     97.05       960     11592         0   1045500    100.00     44072
07:16:59 PM    146508   4669612     96.96       232     10880         0   1045500    100.00     43784
07:17:00 PM    147596   4668524     96.94       504      8756         0   1045500    100.00     44108
07:17:01 PM    146952   4669168     96.95       148      7892         0   1045500    100.00     45760
07:17:02 PM    148004   4668116     96.93       428      8828         0   1045500    100.00     46048
07:17:03 PM    146992   4669128     96.95       300      9456         0   1045500    100.00     45540
07:17:04 PM    146940   4669180     96.95       192      9416         0   1045500    100.00     45388
07:17:05 PM    147328   4668792     96.94       172      8248         0   1045500    100.00     44836
07:17:06 PM    148688   4667432     96.91       312      7560         0   1045500    100.00     44392
07:17:07 PM    146048   4670072     96.97       432      7776         0   1045500    100.00     45396
07:17:09 PM    139664   4676456     97.10       260      9940         0   1045500    100.00     46016
07:17:12 PM    140676   4675444     97.08       592      8684         0   1045500    100.00     43692
07:17:15 PM    136076   4680044     97.17       192     10368         0   1045500    100.00     45168
07:17:17 PM    138720   4677400     97.12       264      5696         4   1045496    100.00     44204
07:17:20 PM    131036   4685084     97.28       140      5336         8   1045492    100.00     43372
07:17:21 PM    125360   4690760     97.40       256      5772         8   1045492    100.00     43596
07:17:22 PM    123452   4692668     97.44       148      5904         0   1045500    100.00     43788
07:17:23 PM    116660   4699460     97.58       280     12060       416   1045084     99.96     44772
07:17:24 PM    114136   4701984     97.63       568     13240        12   1045488    100.00     45668
07:17:27 PM    182652   4633468     96.21       140      4984         0   1045500    100.00     46108
07:17:34 PM    174400   4641720     96.38        88      6224       120   1045380     99.99     48168
07:17:38 PM    162624   4653496     96.62       224      5628         0   1045500    100.00     46720
07:17:42 PM    156928   4659192     96.74        92      5644         0   1045500    100.00     47560
07:17:48 PM    209624   4606496     95.65       100      6904       348   1045152     99.97     24392
07:17:52 PM    215632   4600488     95.52        88      5196        20   1045480    100.00     16540
07:17:59 PM    205660   4610460     95.73       100      6100       584   1044916     99.94     18936
07:18:03 PM    186720   4629400     96.12        84      8272         0   1045500    100.00     20344
07:18:07 PM    179580   4636540     96.27       368     12000       144   1045356     99.99     21956
07:18:09 PM    254580   4561540     94.71       420      7524       984   1044516     99.91     23396
07:18:18 PM    235676   4580444     95.11       528     20340         0   1045500    100.00     23252
07:18:20 PM    247856   4568264     94.85      2988     25828       184   1045316     99.98     23476
07:18:21 PM    245532   4570588     94.90      3292     28528       216   1045284     99.98     23588
Average:       160719   4655401     96.66       584     15138     17749   1027751     98.30    106802
