48.45
48.30
19.04
15.87
18.47
17.90
26.95
33.25
24.93
60.72
32.03
28.80
24.73
30.67
33.43
29.73
34.74
33.68
41.91
34.74
39.01
42.67
48.28
48.68
47.40
52.51
52.39
52.85
51.85
61.52
60.52
60.70
62.66
62.20
68.49
68.87
69.82
66.75
73.64
71.50
71.03
66.41
72.75
68.80
73.50
73.51
75.95
75.97
81.54
86.58
78.35
91.14
100.00
100.00
100.00
100.00
100.00
100.00
100.00
100.00
100.00
100.00
100.00
100.00
100.00
100.00
100.00
100.00
100.00
100.00
100.00
100.00
100.00
100.00
100.00
100.00
100.00
100.00
100.00
100.00
100.00
100.00
100.00
100.00
100.00
100.00
100.00
100.00
100.00
100.00
100.00
99.50
94.47
100.00
100.00
100.00
100.00
100.00
100.00
100.00
100.00
100.00
100.00
100.00
100.00
100.00
100.00
100.00
100.00
98.75
100.00
100.00
100.00
100.00
100.00
100.00
100.00
100.00
100.00
100.00
100.00
100.00
87.92
97.72
100.00
100.00
95.94
99.50
96.97
100.00
100.00
100.00
100.00
100.00
100.00
100.00
99.75
100.00
100.00
100.00
100.00
100.00
99.77
100.00
100.00
100.00
100.00
100.00
100.00
100.00
100.00
100.00
100.00
95.45
99.77
73.26
98.04
74.87
66.19
98.21
98.45
46.95
99.24
100.00
100.00
100.00
100.00
100.00
92.76
100.00
100.00
100.00
100.00
88.19
94.22
100.00
100.00
100.00
100.00
100.00
100.00
100.00
100.00
100.00
100.00
100.00
100.00
100.00
97.40
87.28
100.00
50.00
32.49
40.05
