94.37
94.41
94.42
94.41
94.45
94.52
94.61
94.60
94.58
94.58
94.61
94.64
94.69
94.81
94.81
94.81
94.82
94.82
94.83
94.84
94.83
94.83
94.85
94.86
94.85
94.86
94.87
94.86
94.85
94.87
94.87
94.86
94.86
94.84
94.83
94.83
94.82
94.82
94.81
94.79
94.83
94.86
94.93
95.04
95.28
95.69
96.03
96.33
96.87
97.39
97.94
98.44
98.30
98.12
98.19
98.36
98.29
98.19
98.27
98.17
98.14
98.32
98.25
98.25
98.20
98.28
98.32
98.42
98.41
98.12
98.21
98.22
98.26
98.29
98.37
98.25
98.35
98.37
98.27
98.27
98.28
98.32
98.32
98.34
98.29
98.15
98.12
98.11
98.13
98.14
98.17
98.35
98.37
98.40
98.35
98.41
98.42
98.23
98.16
98.21
98.25
98.28
98.34
98.39
98.38
98.34
98.27
98.20
98.04
98.21
98.32
98.15
98.20
98.17
98.24
98.30
98.38
98.31
98.17
98.19
98.23
98.23
98.39
98.25
98.26
98.29
98.35
98.41
98.37
98.27
98.26
98.30
98.36
98.15
98.09
98.19
98.33
98.33
98.59
98.53
98.35
98.61
98.44
98.60
98.61
98.53
98.61
98.62
98.61
98.58
98.50
98.45
98.42
98.61
98.58
98.60
98.60
98.56
98.56
98.58
98.60
98.57
98.60
98.53
98.56
98.58
98.57
98.60
98.59
98.59
98.61
98.60
98.61
98.62
94.37
95.37
97.48
98.02
98.16
98.39
98.61
98.49
98.13
97.90
98.18
98.32
98.62
96.12
95.88
96.33
97.80
95.34
95.58
95.83
