1437535086616,1,0,0
1437535087563,1,0,0
1437535088562,5,3,0
1437535089561,42,4,0
1437535090561,228,6,0
1437535091561,486,6,0
1437535092562,764,10,0
1437535093561,1027,15,0
1437535094561,1271,19,0
1437535095564,1644,23,0
1437535096563,1896,29,0
1437535097562,2191,41,0
1437535098562,2412,35,0
1437535099562,2734,30,0
1437535100563,3063,32,0
1437535101562,3427,30,0
1437535102562,3729,33,0
1437535103564,3842,38,0
1437535104563,4128,35,0
1437535105563,4432,32,0
1437535106563,4674,31,0
1437535107563,4883,36,0
1437535108562,4965,42,0
1437535109562,5062,48,0
1437535110563,5162,46,0
1437535111563,5256,52,0
1437535112563,5387,54,0
1437535113563,5573,52,0
1437535114564,5696,47,0
1437535115564,5919,44,0
1437535116563,6113,42,0
1437535117563,6435,41,0
1437535118563,6641,44,0
1437535119564,6839,41,0
1437535120565,6986,45,0
1437535122192,7242,30,0
1437535122567,7250,26,0
1437535123589,7541,21,0
1437535124568,7889,18,0
1437535125567,8075,26,0
1437535126567,8364,21,0
1437535127570,8577,27,0
1437535128570,8809,31,0
1437535129568,9033,25,0
1437535130575,9264,31,0
1437535131567,9421,31,0
1437535132568,9568,35,0
1437535133568,9753,41,0
1437535134569,9923,43,0
1437535135569,10076,39,0
1437535136591,10229,28,0
1437535137569,10361,27,0
1437535138569,10599,20,0
1437535139570,10878,19,0
1437535140571,11109,22,0
1437535141570,11345,21,0
1437535142570,11478,30,0
1437535143570,11755,13,0
1437535144569,11947,28,0
1437535145570,12067,32,0
1437535146570,12170,41,0
1437535147571,12327,36,0
1437535148571,12413,39,0
1437535149570,12531,45,0
1437535150572,12579,52,0
1437535151573,12649,51,0
1437535152571,12782,45,0
1437535153571,12931,39,0
1437535154574,13134,39,0
1437535155571,13250,43,0
1437535156571,13388,43,0
1437535157572,13584,43,0
1437535158572,13775,44,0
1437535159571,13867,45,0
1437535160571,14146,44,0
1437535161572,14407,39,0
1437535162572,14572,38,0
1437535163571,14717,37,0
1437535164575,14856,38,0
1437535165572,15095,40,0
1437535166571,15261,42,0
1437535167571,15408,47,0
1437535168572,15618,40,0
1437535169572,15858,30,0
1437535170572,16023,37,0
1437535171575,16166,43,0
1437535172571,16373,24,0
1437535173571,16606,13,0
1437535174571,16829,13,0
1437535175572,17086,16,0
1437535176571,17250,31,0
1437535177571,17450,13,0
1437535178572,17598,35,0
1437535179571,17654,56,0
1437535180572,17741,54,0
1437535181571,17832,49,0
1437535182572,18065,37,0
1437535183598,18135,30,0
1437535184571,18595,42,0
1437535185571,18739,41,0
1437535188228,19241,35,0
1437535188229,19241,34,0
1437535189229,19392,38,0
1437535190229,19577,40,0
1437535191229,19870,38,0
1437535192229,20103,13,0
1437535193230,20218,45,0
1437535194231,20408,46,0
1437535195230,20511,48,0
1437535196230,20613,54,0
1437535197232,20695,61,0
1437535198230,20735,61,0
1437535199231,20894,55,0
1437535200235,20934,54,0
1437535201231,20991,62,0
1437535202231,21067,60,0
1437535203232,21121,59,0
1437535204231,21190,58,0
1437535205231,21258,60,0
1437535206232,21354,58,0
1437535207232,21482,51,0
1437535208231,21645,51,0
1437535209231,21799,52,0
1437535210232,21912,52,0
1437535211232,22032,49,0
1437535212236,22376,35,0
1437535213232,22559,39,0
1437535214231,22676,44,0
1437535215231,22906,45,0
1437535216231,23151,42,0
1437535217231,23242,48,0
1437535218232,23489,42,0
1437535219232,23697,41,0
1437535220232,24081,29,0
1437535221232,24336,33,0
1437535222244,24557,12,0
1437535223233,24821,10,0
1437535224233,25149,13,0
1437535225233,25363,5,0
1437535226233,25684,3,0
1437535227233,25909,11,0
1437535228234,26248,8,0
1437535229243,26366,35,0
1437535230233,26443,48,0
1437535231234,26512,57,0
1437535232234,26548,64,0
1437535233234,26685,48,0
1437535234234,26876,38,0
1437535235234,27054,39,0
1437535236234,27362,29,0
1437535237234,27511,27,0
1437535238235,27835,22,0
1437535239234,27956,34,0
1437535240235,28169,37,0
1437535241234,28265,38,0
1437535242243,28438,37,0
1437535243236,28667,43,0
1437535244236,28920,29,0
1437535245237,29196,3,0
1437535246236,29385,21,0
1437535247236,29657,5,0
1437535248236,29880,4,0
1437535249237,30009,0,0
1437535250236,30199,2,0
1437535251237,30396,31,0
1437535252237,30515,36,0
1437535253237,30644,41,0
1437535254238,30825,44,0
1437535255259,30995,41,0
1437535256239,31141,41,0
1437535257238,31284,42,0
1437535258239,31453,46,0
1437535259247,31560,51,0
1437535260240,31595,56,0
1437535261239,31653,73,0
1437535262239,31695,68,0
1437535263251,31801,61,0
1437535264240,31947,49,0
1437535265239,32117,46,0
1437535266239,32281,45,0
1437535267239,32452,45,0
1437535268240,32610,50,0
1437535269240,32751,45,0
1437535270240,32966,42,0
1437535271240,33185,39,0
1437535272240,33432,40,0
1437535273241,33618,41,0
1437535274240,33706,50,0
1437535275240,33801,55,0
1437535276242,33928,51,0
1437535277240,34164,47,0
1437535278240,34363,42,0
1437535279240,34478,46,0
1437535280240,34694,42,0
1437535281241,34832,42,0
1437535282242,34930,39,0
1437535283241,35277,37,0
1437535284240,35492,28,0
1437535285240,35654,35,0
1437535286243,35713,45,0
1437535290858,36253,47,0
1437535291247,36392,41,0
1437535292247,36608,39,0
1437535293247,36822,32,0
1437535294247,36996,43,0
1437535295247,37197,36,0
1437535296247,37338,43,0
1437535297247,37526,40,0
1437535298247,37625,53,0
1437535299247,37724,47,0
1437535300248,37793,54,0
1437535301248,37935,53,0
1437535302247,38127,46,0
1437535303247,38210,50,0
1437535304248,38262,55,0
1437535305247,38406,54,0
1437535306248,38502,48,0
1437535307249,38618,52,0
1437535308248,38788,44,0
1437535309248,38955,35,0
1437535310917,39191,20,0
1437535311248,39407,36,0
1437535312249,39462,43,0
1437535313249,39530,53,0
1437535314249,39614,53,0
1437535315250,39773,46,0
1437535316249,39965,41,0
1437535317249,40093,41,0
1437535318249,40263,42,0
1437535319249,40443,40,0
1437535320249,40642,39,0
1437535321254,40813,36,0
1437535322250,40992,36,0
1437535323249,41066,41,0
1437535324249,41261,36,0
1437535325249,41339,41,0
1437535326249,41434,55,0
1437535327249,41489,51,0
1437535328249,41641,48,0
1437535329249,41743,49,0
1437535330249,41857,50,0
1437535331250,41995,45,0
1437535332251,42140,48,0
1437535333251,42261,47,0
1437535334250,42530,46,0
1437535335250,42611,47,0
1437535336250,42761,41,0
1437535337250,42904,39,0
1437535338250,43064,38,0
1437535339251,43324,45,0
1437535340250,43486,42,0
1437535341251,43650,40,0
1437535342251,43821,43,0
1437535343251,43936,44,0
1437535344251,44148,33,0
1437535345251,44260,35,0
1437535346252,44536,32,0
1437535347253,44672,33,0
1437535348253,44893,31,0
1437535349252,45006,31,0
1437535350253,45126,33,0
1437535351253,45343,31,0
1437535352253,45477,35,0
1437535353253,45720,34,0
1437535354254,45899,41,0
1437535355255,46051,38,0
1437535356254,46134,41,0
1437535357255,46272,37,0
1437535358254,46377,36,0
1437535359254,46641,37,0
1437535360255,46805,34,0
1437535361254,46981,38,0
1437535362255,47111,38,0
1437535363254,47321,35,0
1437535364254,47417,45,0
1437535365255,47458,52,0
1437535366263,47590,49,0
1437535367255,47704,44,0
1437535368254,47863,51,0
1437535369255,47943,48,0
1437535370254,48048,46,0
1437535371254,48200,42,0
1437535372254,48338,44,0
1437535373254,48484,40,0
1437535374254,48644,34,0
1437535375255,48731,36,0
1437535376254,48835,37,0
1437535377254,48898,43,0
1437535378254,48964,50,0
1437535379271,49033,55,0
1437535380255,49106,56,0
1437535381254,49210,49,0
1437535382255,49288,47,0
1437535383255,49399,47,0
1437535384255,49464,53,0
1437535385256,49530,56,0
1437535386256,49631,49,0
1437535387256,49747,48,0
1437535388256,49883,43,0
1437535389256,49980,43,0
1437535395072,50826,42,0
1437535395281,50841,44,0
1437535396369,50997,42,0
1437535397282,51110,47,0
1437535398281,51188,47,0
1437535399282,51282,51,0
1437535400281,51371,52,0
1437535401281,51467,55,0
1437535402282,51605,49,0
1437535403283,51814,41,0
1437535404282,51957,39,0
1437535405282,52126,38,0
1437535406282,52291,44,0
1437535407282,52396,44,0
1437535408282,52524,49,0
1437535409283,52610,44,0
1437535410282,52731,45,0
1437535411282,52884,40,0
1437535412282,52967,41,0
1437535413282,53115,41,0
1437535414282,53196,43,0
1437535415283,53343,40,0
1437535416283,53413,43,0
1437535417283,53547,47,0
1437535418283,53639,43,0
1437535419283,53753,44,0
1437535420284,53871,45,0
1437535421284,53966,42,0
1437535422285,54108,46,0
1437535423285,54251,40,0
1437535424285,54435,38,0
1437535425284,54514,40,0
1437535426284,54685,38,0
1437535427284,54764,35,0
1437535428286,54956,38,0
1437535429286,55096,39,0
1437535430286,55172,37,0
1437535431285,55310,30,0
1437535432285,55461,27,0
1437535433287,55585,30,0
1437535434286,55775,28,0
1437535435286,55992,23,0
1437535436286,56144,26,0
1437535437286,56259,33,0
1437535438286,56377,33,0
1437535439286,56495,30,0
1437535440286,56592,30,0
1437535441287,56725,30,0
1437535442288,56828,37,0
1437535443287,56947,41,0
1437535444287,57031,38,0
1437535445287,57137,39,0
1437535446288,57267,39,0
1437535447287,57351,37,0
1437535448287,57442,38,0
1437535449287,57509,38,0
1437535450287,57603,42,0
1437535451287,57762,42,0
1437535452287,57890,37,0
1437535453287,58063,37,0
1437535454287,58169,42,0
1437535455287,58233,44,0
1437535456287,58327,44,0
1437535457328,58395,36,0
1437535458287,58547,32,0
1437535459287,58716,37,0
1437535460287,58908,34,0
1437535461287,59017,36,0
1437535462287,59140,36,0
1437535463287,59275,35,0
1437535464287,59526,34,0
1437535465287,59733,33,0
1437535466287,59973,32,0
1437535467287,60172,30,0
1437535468287,60353,27,0
1437535469287,60500,28,0
1437535470288,60576,30,0
1437535471287,60744,31,0
1437535472287,60851,31,0
1437535473287,61081,30,0
1437535474287,61275,27,0
1437535475287,61444,25,0
1437535476288,61690,20,0
1437535477289,61857,24,0
1437535478319,62009,25,0
1437535479288,62248,23,0
1437535480289,62458,17,0
1437535481289,62696,17,0
1437535482290,62944,16,0
1437535483290,63269,5,0
1437535484289,63540,10,0
1437535485289,63825,2,0
1437535486289,64063,13,0
1437535487523,64315,20,0
1437535488289,64568,23,0
1437535489289,64784,27,0
1437535490290,65145,24,0
1437535491289,65380,14,0
1437535492668,65516,29,0
1437535493289,65712,18,0
1437535495862,66354,29,0
1437535495863,66354,29,0
1437535496863,66646,25,0
1437535497863,66913,9,0
1437535498864,67044,33,0
1437535499864,67278,13,0
1437535500864,67557,6,0
1437535501866,67851,8,0
1437535502867,68072,6,0
1437535503866,68336,11,0
1437535504865,68607,2,0
1437535505865,68866,4,0
1437535506865,69258,4,0
1437535507865,69685,5,0
1437535508866,69960,6,0
1437535509865,70361,2,0
1437535510875,70784,5,0
1437535511865,71185,7,0
1437535512865,71485,7,0
1437535513865,71823,4,0
1437535514866,72274,6,0
1437535515865,72494,14,0
1437535516866,72662,6,0
1437535517866,72904,16,0
1437535518867,73079,13,0
1437535519866,73344,5,0
1437535520867,73446,31,0
1437535521867,73504,42,0
1437535523626,73525,48,0
1437535523933,73608,31,0
1437535524874,73875,39,0
1437535525874,74031,39,0
1437535526875,74137,39,0
1437535527875,74257,45,0
1437535528875,74365,49,0
1437535529876,74420,54,0
1437535530876,74483,51,0
1437535531875,74684,45,0
1437535532875,74888,39,0
1437535533875,75223,43,0
1437535534876,75294,45,0
1437535535877,75413,44,0
1437535536876,75604,39,0
1437535537877,75817,35,0
1437535538885,76103,32,0
1437535539877,76232,38,0
1437535540877,76397,39,0
1437535541877,76665,41,0
1437535542877,76877,43,0
1437535543877,77040,38,0
1437535544877,77274,30,0
1437535545878,77464,18,0
1437535546877,77635,7,0
1437535547877,77821,13,0
1437535548878,78036,7,0
1437535549878,78284,31,0
1437535550878,78336,42,0
1437535551878,78544,37,0
1437535552878,78788,30,0
1437535553878,78981,12,0
1437535554878,79167,22,0
1437535555879,79385,7,0
1437535556878,79632,6,0
1437535557878,79997,8,0
1437535558879,80306,15,0
1437535559879,80539,2,0
1437535560879,80779,7,0
1437535561879,81017,1,0
1437535562879,81236,13,0
1437535563880,81466,5,0
1437535564880,81733,8,0
1437535565879,82043,7,0
1437535566879,82273,18,0
1437535567879,82506,6,0
1437535568879,82781,6,0
1437535569879,82852,35,0
1437535570879,82945,41,0
1437535571879,83122,37,0
1437535572880,83304,34,0
1437535573879,83574,37,0
1437535574879,83747,37,0
1437535575879,83972,35,0
1437535576879,84192,18,0
1437535577879,84406,18,0
1437535578879,84663,2,0
1437535579879,84995,2,0
1437535580879,85407,6,0
1437535581879,85602,5,0
1437535582879,85845,6,0
1437535589175,87660,31,0
1437535589886,87873,33,0
1437535590886,88255,32,0
1437535591886,88601,27,0
1437535592887,89011,29,0
1437535593887,89325,3,0
1437535594890,89763,3,0
1437535595887,90352,5,0
1437535596887,90770,13,0
1437535597887,91104,9,0
1437535598886,91421,2,0
1437535599887,91806,21,0
1437535600887,92051,8,0
1437535601887,92340,4,0
1437535602887,92546,19,0
1437535603887,92881,9,0
1437535604887,93137,9,0
1437535605888,93388,5,0
1437535606888,93708,3,0
1437535607888,94074,5,0
1437535608888,94397,5,0
1437535609888,94668,6,0
1437535610889,95004,8,0
1437535611888,95145,33,0
1437535612888,95409,4,0
1437535613889,95698,10,0
1437535614887,95934,20,0
1437535615888,96224,9,0
1437535616888,96533,5,0
1437535617888,96894,5,0
1437535618888,97236,18,0
1437535619888,97458,11,0
1437535620888,97547,39,0
1437535621888,97574,48,0
1437535622888,97674,49,0
1437535623889,97761,49,0
1437535624890,97853,53,0
1437535625889,97935,58,0
1437535626890,98009,52,0
1437535627890,98114,56,0
1437535628889,98200,54,0
1437535629889,98344,52,0
1437535630889,98439,53,0
1437535631890,98621,42,0
1437535632891,98717,39,0
1437535633890,98810,43,0
1437535634889,98971,38,0
1437535635889,99191,34,0
1437535636889,99413,36,0
1437535637889,99533,38,0
1437535638889,99749,36,0
1437535639889,99891,35,0
1437535640890,100073,38,0
1437535641889,100157,37,0
1437535642889,100281,39,0
1437535643891,100487,40,0
1437535644890,100668,39,0
1437535645890,100764,46,0
1437535646890,100851,48,0
1437535647892,100951,52,0
1437535648890,101031,51,0
1437535649891,101120,50,0
1437535650891,101280,48,0
1437535651892,101390,51,0
1437535652892,101455,58,0
1437535653894,101553,52,0
1437535654892,101668,49,0
1437535655893,101777,49,0
1437535656894,101931,48,0
1437535657893,102100,47,0
1437535658893,102176,49,0
1437535659893,102331,46,0
1437535660893,102416,47,0
1437535661907,102557,40,0
1437535662893,102690,40,0
1437535663894,102892,41,0
1437535664903,103028,37,0
1437535665893,103191,37,0
1437535666893,103366,37,0
1437535667893,103493,33,0
1437535668893,103629,39,0
1437535669894,103748,41,0
1437535670893,103857,41,0
1437535671893,104080,38,0
1437535672894,104198,38,0
1437535673894,104321,40,0
1437535674894,104437,40,0
1437535675906,104631,37,0
1437535676896,104777,36,0
1437535677896,104894,39,0
1437535678895,105040,44,0
1437535679895,105193,37,0
1437535680895,105344,33,0
1437535681896,105594,32,0
1437535682896,105746,33,0
1437535683896,105836,37,0
1437535684895,105905,39,0
1437535685896,106000,37,0
1437535686895,106124,39,0
1437535687896,106271,42,0
1437535691795,106820,39,0
1437535691799,106820,39,0
1437535692797,106981,38,0
1437535693798,107175,36,0
1437535694799,107298,34,0
1437535695797,107540,35,0
1437535696797,107739,34,0
1437535697798,107968,30,0
1437535698798,108046,38,0
1437535699798,108170,33,0
1437535700798,108291,36,0
1437535701804,108400,41,0
1437535702799,108478,40,0
1437535703800,108579,42,0
1437535704799,108678,43,0
1437535705799,108821,38,0
1437535707093,108887,18,0
1437535707800,109071,36,0
1437535708801,109274,26,0
1437535709800,109500,28,0
1437535710800,109706,25,0
1437535711802,109873,25,0
1437535712800,110144,26,0
1437535713800,110337,31,0
1437535714800,110519,27,0
1437535715800,110739,32,0
1437535716800,110882,35,0
1437535717801,111076,31,0
1437535718802,111281,25,0
1437535719801,111527,30,0
1437535720802,111723,33,0
1437535721801,111877,35,0
1437535722802,112044,33,0
1437535723804,112339,29,0
1437535724802,112566,26,0
1437535725802,112762,30,0
1437535726802,112975,34,0
1437535727811,113085,41,0
1437535728803,113206,38,0
1437535729803,113353,40,0
1437535730803,113538,37,0
1437535731804,113715,33,0
1437535732804,113935,33,0
1437535733805,114158,31,0
1437535734804,114372,31,0
1437535735805,114550,33,0
1437535736805,114752,24,0
1437535737805,115022,20,0
1437535738804,115176,33,0
1437535739804,115360,34,0
1437535740804,115595,37,0
1437535741804,115805,33,0
1437535742804,115968,21,0
1437535743823,116313,11,0
1437535744806,116541,4,0
1437535745805,116815,11,0
1437535746804,116994,34,0
1437535747805,117083,40,0
1437535748805,117184,47,0
1437535749806,117344,40,0
1437535750805,117425,45,0
1437535751805,117475,52,0
1437535752805,117526,55,0
1437535753805,117568,60,0
1437535754805,117626,59,0
1437535755805,117684,61,0
1437535756806,117774,54,0
1437535757805,117879,52,0
1437535758806,118018,49,0
1437535759807,118157,43,0
1437535760807,118250,45,0
1437535761806,118377,45,0
1437535762807,118465,44,0
1437535763806,118616,45,0
1437535764806,118731,44,0
1437535765806,118856,47,0
1437535766806,118966,46,0
1437535767807,119146,44,0
1437535768862,119237,48,0
1437535769807,119337,48,0
1437535770807,119476,42,0
1437535771807,119594,35,0
1437535772808,119775,37,0
1437535773809,119968,36,0
1437535774809,120228,32,0
1437535775809,120483,29,0
1437535776809,120617,33,0
1437535777809,120814,31,0
1437535778809,121093,32,0
1437535779810,121215,37,0
1437535780810,121424,34,0
1437535781809,121558,39,0
1437535782809,121698,43,0
1437535783810,121833,43,0
1437535784810,121907,51,0
1437535785811,121997,46,0
1437535786810,122137,48,0
1437535787810,122239,44,0
1437535788810,122395,43,0
1437535789811,122557,40,0
1437535797816,123400,40,0
1437535797819,123403,32,0
1437535798817,123537,43,0
1437535799817,123681,40,0
1437535800817,123771,46,0
1437535801817,123936,43,0
1437535802818,124028,46,0
1437535803853,124190,50,0
1437535804818,124315,46,0
1437535805817,124481,41,0
1437535806817,124584,43,0
1437535807817,124733,45,0
1437535808817,124869,45,0
1437535809817,125072,47,0
1437535810817,125208,43,0
1437535811818,125361,40,0
1437535812818,125505,42,0
1437535813818,125631,43,0
1437535814818,125833,37,0
1437535815818,126063,37,0
1437535816819,126264,38,0
1437535817818,126447,34,0
1437535818820,126631,28,0
1437535819820,126854,27,0
1437535820820,127155,21,0
1437535821819,127432,13,0
1437535822820,127621,29,0
1437535823820,127720,31,0
1437535824821,127843,40,0
1437535825820,127981,41,0
1437535826820,128013,50,0
1437535827832,128105,49,0
1437535828903,128170,53,0
1437535829822,128237,55,0
1437535830822,128318,56,0
1437535831822,128383,56,0
1437535832821,128462,55,0
1437535833827,128539,53,0
1437535834821,128654,51,0
1437535835821,128767,50,0
1437535836822,128888,44,0
1437535837823,128976,48,0
1437535838823,129112,51,0
1437535839823,129194,54,0
1437535840822,129258,49,0
1437535841822,129380,46,0
1437535842822,129508,47,0
1437535843822,129684,41,0
1437535844822,129829,43,0
1437535845822,129950,44,0
1437535846822,130069,42,0
1437535847823,130320,39,0
1437535848823,130537,35,0
1437535849823,130708,35,0
1437535850823,130924,37,0
1437535851824,131131,36,0
1437535852823,131241,36,0
1437535853823,131451,39,0
1437535854823,131582,47,0
1437535855824,131731,44,0
1437535856823,131925,41,0
1437535857824,132084,41,0
1437535859041,132133,10,0
1437535859824,132390,41,0
1437535860825,132520,39,0
1437535861825,132651,44,0
1437535862824,132751,42,0
1437535863823,132926,42,0
1437535864825,133041,42,0
1437535865825,133219,43,0
1437535866824,133354,41,0
1437535867824,133521,37,0
1437535868824,133733,37,0
1437535869825,133888,35,0
1437535870825,134027,41,0
1437535871826,134209,39,0
1437535872825,134368,38,0
1437535873826,134579,34,0
1437535874825,134773,38,0
1437535875825,134919,45,0
1437535876825,135060,43,0
1437535877825,135220,41,0
1437535878825,135551,33,0
1437535879825,135704,29,0
1437535880826,135924,31,0
1437535881825,136219,29,0
1437535882828,136467,7,0
1437535883825,136708,5,0
1437535884825,137033,9,0
1437535885826,137235,31,0
1437535886825,137293,41,0
1437535887825,137428,41,0
1437535888826,137627,38,0
1437535889824,137746,37,0
1437535890825,137900,39,0
1437535891825,138023,38,0
1437535892825,138235,33,0
1437535893827,138325,29,0
1437535894827,138450,38,0
1437535895826,138552,39,0
1437535899767,139142,36,0
1437535899771,139143,37,0
1437535900770,139271,39,0
1437535901770,139356,46,0
1437535902770,139439,49,0
1437535903774,139626,45,0
1437535904771,139870,40,0
1437535905770,140034,36,0
1437535906771,140225,35,0
1437535907771,140367,39,0
1437535908771,140536,39,0
1437535909771,140711,38,0
1437535910771,140870,40,0
1437535911771,141018,41,0
1437535912772,141183,42,0
1437535913771,141353,41,0
1437535914772,141588,38,0
1437535915772,141750,41,0
1437535916773,141939,44,0
1437535917773,142059,46,0
1437535918774,142205,47,0
1437535919775,142285,50,0
1437535920775,142439,49,0
1437535921776,142597,36,0
1437535922775,142729,20,0
1437535923775,142828,20,0
1437535924775,142888,24,0
1437535925776,142980,28,0
1437535926776,143075,26,0
1437535927776,143197,22,0
1437535928776,143287,30,0
1437535929777,143389,33,0
1437535930776,143518,33,0
1437535931776,143673,36,0
1437535932776,143839,36,0
1437535933778,144022,31,0
1437535934777,144174,31,0
1437535935777,144349,32,0
1437535936777,144540,33,0
1437535937777,144611,35,0
1437535938778,144727,33,0
1437535939778,144894,33,0
1437535940777,144993,34,0
1437535941778,145117,35,0
1437535942779,145244,39,0
1437535943779,145402,45,0
1437535944778,145490,43,0
1437535945778,145642,40,0
1437535946778,145878,34,0
1437535947778,146012,39,0
1437535948779,146158,41,0
1437535949779,146310,46,0
1437535950779,146436,40,0
1437535951780,146609,38,0
1437535952782,146773,37,0
1437535953781,146965,38,0
1437535954780,147126,38,0
1437535955780,147310,37,0
1437535956780,147511,41,0
1437535957780,147660,42,0
1437535958780,147786,43,0
1437535959784,147944,45,0
1437535960781,148099,43,0
1437535961780,148315,41,0
1437535962781,148485,40,0
1437535963781,148608,41,0
1437535964782,148669,48,0
1437535965781,148724,47,0
1437535966781,148764,49,0
1437535967781,148814,54,0
1437535968781,148872,53,0
1437535969782,148949,50,0
1437535970781,149026,51,0
1437535971782,149128,45,0
1437535972781,149191,50,0
1437535973781,149250,55,0
1437535974781,149314,58,0
1437535975782,149364,56,0
1437535976781,149453,51,0
1437535977781,149531,48,0
1437535978781,149667,48,0
1437535979781,149734,48,0
1437535980781,149816,48,0
1437535981781,149911,51,0
1437535982781,149995,52,0
1437535983781,150072,53,0
1437535984782,150169,52,0
1437535985782,150262,46,0
1437535986782,150442,51,0
1437535987782,150494,51,0
1437535988783,150676,52,0
1437535989784,150799,46,0
1437535990784,150940,43,0
1437535991783,151145,41,0
1437535992782,151307,41,0
1437535993783,151476,38,0
1437535994782,151646,40,0
1437535995782,151821,36,0
1437535996782,151901,43,0
1437535997782,152024,44,0
1437535999584,152233,45,0
1437535999783,152243,45,0
1437536000784,152344,43,0
1437536001784,152535,32,0
1437536002783,152632,35,0
1437536003783,152844,33,0
1437536004782,153042,29,0
1437536005782,153250,28,0
1437536006783,153391,26,0
1437536007783,153607,25,0
1437536008783,153743,21,0
1437536009783,153906,24,0
1437536010783,154056,24,0
1437536011782,154201,26,0
1437536012783,154337,29,0
1437536013784,154404,32,0
1437536014782,154488,41,0
1437536015783,154586,41,0
1437536016783,154658,43,0
1437536017783,154738,47,0
1437536018784,154830,39,0
1437536019783,154938,39,0
1437536020783,155051,38,0
1437536021783,155147,41,0
1437536022783,155230,44,0
1437536023784,155353,40,0
1437536024784,155427,44,0
1437536025784,155559,41,0
1437536026784,155690,42,0
1437536027785,155767,44,0
1437536028787,155848,48,0
1437536029788,155951,47,0
1437536030784,156084,45,0
1437536031785,156180,41,0
1437536032786,156344,36,0
1437536033786,156488,32,0
1437536034786,156677,33,0
1437536035786,156838,33,0
1437536036786,157027,34,0
1437536037787,157265,31,0
1437536038786,157575,26,0
1437536039846,157712,27,0
1437536040786,157970,32,0
1437536041786,158214,29,0
1437536042786,158472,29,0
1437536043786,158685,27,0
1437536044786,158843,29,0
1437536045786,159043,27,0
1437536046786,159207,28,0
1437536047785,159408,25,0
1437536048786,159752,23,0
1437536049786,159985,22,0
1437536050786,160300,7,0
1437536051786,160553,16,0
1437536052786,160882,6,0
1437536053787,161139,14,0
1437536054789,161621,8,0
1437536055786,162062,2,0
1437536056786,162605,4,0
1437536057786,163111,2,0
1437536058785,163566,1,0
1437536059786,164020,3,0
1437536060787,164307,4,0
1437536061787,164754,3,0
1437536062787,165301,3,0
1437536063787,165727,3,0
1437536064787,166130,4,0
1437536065786,166657,2,0
1437536066786,167229,1,0
1437536067787,167914,5,0
1437536068787,168557,1,0
1437536069787,169110,2,0
1437536070921,169576,11,0
1437536071788,170127,10,0
1437536072787,170768,2,0
1437536073787,171461,1,0
1437536074787,172105,1,0
1437536075787,172657,4,0
1437536076787,173335,1,0
1437536077787,173691,3,0
1437536078787,174199,2,0
1437536079787,174831,3,0
1437536080788,175512,4,0
1437536081788,176058,4,0
1437536082788,176502,2,0
1437536083788,177050,6,0
1437536084788,177578,1,0
1437536085788,178244,2,0
1437536086788,178971,5,0
1437536087787,179716,3,0
1437536088788,180485,3,0
1437536089788,181180,3,0
1437536090788,181828,3,0
1437536091788,182397,4,0
1437536092788,183096,5,0
1437536093787,183692,3,0
1437536094788,184307,2,0
1437536095788,184794,1,0
1437536096788,185338,6,0
1437536097788,185928,4,0
1437536098789,186473,5,0
1437536099788,187083,2,0
1437536100790,187712,4,0
1437536102193,187804,7,0
1437536102788,188346,5,0
1437536103788,189245,3,0
1437536104789,190041,2,0
1437536105788,190828,1,0
1437536106788,191581,2,0
1437536107788,192346,1,0
1437536108788,192812,1,0
1437536109789,193387,5,0
1437536110788,193897,4,0
1437536111791,194436,2,0
1437536112788,195009,1,0
1437536113788,195749,0,0
1437536114788,196530,1,0
1437536115788,197292,0,0
1437536116788,197843,1,0
1437536117788,198583,1,0
1437536118788,199265,3,0
1437536119788,200026,5,0
1437536120787,200727,2,0
1437536121788,201328,0,0
1437536122788,202030,3,0
1437536123788,202680,1,0
1437536124788,203319,1,0
1437536125788,203808,3,0
1437536126788,204632,0,0
1437536127788,205438,2,0
1437536128788,206045,4,0
1437536129789,206721,4,0
1437536130789,207184,4,0
1437536131789,207727,13,0
1437536132789,208430,3,0
1437536133789,209204,0,0
1437536134789,209848,4,0
1437536135789,210566,2,0
1437536136788,211234,4,0
1437536137789,211817,3,0
1437536138789,212427,3,0
1437536139789,213092,0,0
1437536140789,213791,0,0
1437536141789,214594,1,0
1437536142789,215305,2,0
1437536143789,216048,0,0
1437536144789,216829,1,0
1437536145789,217564,1,0
1437536146789,218308,3,0
1437536147789,219107,1,0
1437536148789,219912,0,0
1437536149789,220629,0,0
1437536150790,221435,1,0
1437536151791,222204,0,0
1437536152791,222868,3,0
1437536153850,223396,6,0
1437536154791,223579,12,0
1437536155792,224288,3,0
1437536156791,224862,6,0
1437536157791,225546,4,0
1437536158791,226039,2,0
1437536160977,226373,3,0
1437536161804,227297,1,0
1437536162805,228160,2,0
1437536163804,228993,2,0
1437536164804,229659,2,0
1437536165804,230434,1,0
1437536166805,231238,3,0
1437536167806,231748,4,0
1437536168805,232420,1,0
1437536169805,233190,0,0
1437536170805,233976,2,0
1437536171805,234681,4,0
1437536172804,235476,2,0
1437536173805,236285,3,0
1437536174805,237068,1,0
1437536175805,237898,2,0
1437536176805,238554,3,0
1437536177805,239244,5,0
1437536178805,239830,0,0
1437536179805,240430,5,0
1437536180805,241004,2,0
1437536181806,241429,4,0
1437536182805,241930,17,0
1437536183806,242349,5,0
1437536184806,242673,13,0
1437536185805,243023,19,0
1437536186806,243427,4,0
1437536187806,243987,3,0
1437536188806,244403,0,0
1437536189814,244585,4,0
1437536190808,245090,17,0
1437536191807,245662,7,0
1437536192807,246130,15,0
1437536193808,246652,4,0
1437536194807,247249,1,0
1437536195808,247635,4,0
1437536196808,247881,3,0
1437536197808,248212,4,0
1437536198808,248594,1,0
1437536199808,249009,5,0
1437536200808,249408,6,0
1437536201808,249810,1,0
1437536202808,250307,5,0
1437536203809,250943,6,0
1437536204808,251506,4,0
1437536205808,251706,7,0
1437536206809,251967,4,0
1437536207811,252502,4,0
1437536208809,252631,24,0
1437536209811,252881,15,0
1437536210810,253071,9,0
1437536211810,253374,7,0
1437536212810,253598,7,0
1437536213810,253878,10,0
1437536214810,254025,25,0
1437536215810,254083,32,0
1437536216810,254145,41,0
1437536217810,254208,46,0
1437536218811,254271,50,0
1437536219810,254336,51,0
1437536220975,254441,56,0
1437536221811,254568,49,0
1437536222811,254669,47,0
1437536223811,254786,43,0
1437536224812,254955,43,0
1437536225813,255067,42,0
1437536226812,255277,42,0
1437536227812,255520,37,0
1437536228812,255893,37,0
1437536229812,256141,29,0
1437536230811,256378,14,0
1437536231812,256545,38,0
1437536232812,256671,42,0
1437536233812,256902,37,0
1437536234813,257003,42,0
1437536235812,257067,50,0
1437536236812,257155,54,0
1437536237813,257294,47,0
1437536238812,257421,47,0
1437536239812,257531,45,0
1437536240816,257668,40,0
1437536241812,257751,48,0
1437536242812,257814,51,0
1437536243812,257893,47,0
1437536244812,257979,49,0
1437536245813,258027,50,0
1437536246813,258101,53,0
1437536247813,258245,51,0
1437536248814,258330,49,0
1437536249814,258540,43,0
1437536250814,258642,41,0
1437536251815,258781,43,0
1437536252814,258917,48,0
1437536253814,259037,47,0
1437536254815,259231,40,0
1437536255814,259360,45,0
1437536256815,259468,47,0
1437536257814,259593,43,0
1437536258814,259746,43,0
1437536259814,259868,44,0
1437536261194,260174,31,0
1437536261815,260305,34,0
1437536262815,260565,34,0
1437536263816,260745,31,0
1437536264815,260912,35,0
1437536265816,261148,34,0
1437536266816,261303,35,0
1437536267816,261626,36,0
1437536268820,261797,36,0
1437536269818,262006,38,0
1437536270818,262240,37,0
1437536271818,262425,37,0
1437536272819,262589,42,0
1437536273820,262817,40,0
1437536274855,262921,46,0
1437536275820,263033,49,0
1437536276818,263297,41,0
1437536277818,263461,38,0
1437536278818,263619,40,0
1437536279849,263679,44,0
1437536280818,263742,47,0
1437536281818,263943,43,0
1437536282818,264018,43,0
1437536283819,264115,45,0
1437536284818,264240,44,0
1437536285819,264498,37,0
1437536286819,264827,30,0
1437536287818,265050,23,0
1437536288820,265221,31,0
1437536289820,265449,28,0
1437536290819,265692,14,0
1437536291820,265883,7,0
1437536292834,266124,26,0
1437536293819,266345,17,0
1437536294861,266539,7,0
1437536295832,266811,20,0
1437536296819,266853,45,0
1437536297821,266910,48,0
1437536298820,267024,44,0
1437536299822,267282,37,0
1437536300821,267430,38,0
1437536301821,267658,36,0
1437536302820,267892,31,0
1437536303820,268090,32,0
1437536304820,268200,43,0
1437536305820,268371,39,0
1437536306820,268477,45,0
1437536307820,268739,46,0
1437536308820,268939,20,0
1437536309821,269161,6,0
1437536310821,269367,7,0
1437536311821,269571,19,0
1437536312821,269779,9,0
1437536313827,269959,14,0
1437536314860,270152,16,0
1437536315821,270356,13,0
1437536316821,270505,34,0
1437536317821,270726,16,0
1437536318821,270948,4,0
1437536319829,271256,7,0
1437536320822,271564,4,0
1437536321822,271783,6,0
1437536322823,272023,5,0
1437536323822,272292,10,0
1437536324823,272463,11,0
1437536325823,272687,9,0
1437536326824,272942,11,0
1437536327823,273081,30,0
1437536328824,273227,34,0
1437536329824,273377,33,0
1437536330825,273573,7,0
1437536331825,273760,35,0
1437536332826,273877,41,0
1437536333826,273978,42,0
1437536334827,274145,41,0
1437536335828,274364,38,0
1437536336826,274436,41,0
1437536337826,274576,41,0
1437536338827,274831,35,0
1437536339832,274990,32,0
1437536340827,275164,38,0
1437536341941,275258,38,0
1437536342827,275482,38,0
1437536343827,275660,40,0
1437536344827,275920,37,0
1437536345827,276109,32,0
1437536346828,276290,5,0
1437536347828,276530,18,0
1437536348828,276716,17,0
1437536349828,276870,39,0
1437536350829,276938,43,0
1437536351829,277030,53,0
1437536352829,277220,46,0
1437536353829,277470,42,0
1437536354829,277649,44,0
1437536355829,277828,24,0
1437536356829,278008,23,0
1437536357829,278246,5,0
1437536358829,278507,27,0
1437536359830,278718,24,0
1437536363439,279161,41,0
1437536363443,279161,41,0
1437536364442,279329,43,0
1437536365441,279520,21,0
1437536366441,279720,18,0
1437536367441,279917,29,0
1437536368441,280001,41,0
1437536369442,280094,50,0
1437536370442,280317,42,0
1437536371451,280531,34,0
1437536372443,280725,29,0
1437536373447,280927,15,0
1437536374444,281148,18,0
1437536375443,281313,33,0
1437536376443,281511,6,0
1437536377443,281772,4,0
1437536378443,282004,9,0
1437536379444,282237,8,0
1437536380445,282451,22,0
1437536381444,282591,33,0
1437536382444,282798,14,0
1437536383444,283063,3,0
1437536384445,283314,8,0
1437536385444,283698,5,0
1437536386444,283996,2,0
1437536387444,284314,6,0
1437536388444,284558,8,0
1437536389444,284846,3,0
1437536390444,285175,8,0
1437536391444,285416,4,0
1437536392444,285635,3,0
1437536393444,285931,5,0
1437536394444,286277,3,0
1437536395444,286456,16,0
1437536396445,286678,11,0
1437536397444,286920,8,0
1437536398444,287229,4,0
1437536399444,287493,8,0
1437536400444,287765,5,0
1437536401444,288052,3,0
1437536402445,288356,4,0
1437536403445,288619,4,0
1437536404445,288923,7,0
1437536405445,289237,1,0
1437536406446,289463,24,0
1437536407447,289504,34,0
1437536408447,289610,34,0
1437536409449,289942,24,0
1437536410448,290233,15,0
1437536411448,290465,11,0
1437536412449,290656,10,0
1437536413449,290881,22,0
1437536414449,290973,31,0
1437536415449,291073,41,0
1437536416449,291227,43,0
1437536417450,291352,46,0
1437536418451,291465,50,0
1437536419451,291592,47,0
1437536420452,291761,46,0
1437536421453,291868,46,0
1437536422453,292060,44,0
1437536423453,292309,40,0
1437536424453,292545,39,0
1437536425453,292764,12,0
1437536426453,292950,13,0
1437536427453,293130,7,0
1437536428453,293411,2,0
1437536429453,293646,18,0
1437536430454,293909,5,0
1437536431455,294274,3,0
1437536432454,294628,5,0
1437536433455,294863,3,0
1437536434455,295113,7,0
1437536435455,295390,9,0
1437536436455,295640,5,0
1437536437455,295879,7,0
1437536438455,296136,5,0
1437536439460,296426,6,0
1437536440455,296661,9,0
1437536441455,296925,4,0
1437536442456,297170,9,0
1437536443456,297429,6,0
1437536444456,297683,11,0
1437536445457,297871,5,0
1437536446503,298119,10,0
1437536447456,298292,27,0
1437536448456,298390,35,0
1437536449456,298592,38,0
1437536450456,298804,35,0
1437536451456,298991,12,0
1437536452457,299189,12,0
1437536453457,299386,15,0
1437536454457,299536,32,0
1437536455457,299706,9,0
1437536456456,299851,33,0
1437536457458,299930,44,0
1437536458457,300103,40,0
1437536459457,300150,52,0
1437536460458,300178,59,0
1437536461456,300276,61,0
1437536466137,300628,54,0
1437536466138,300628,54,0
1437536467138,300711,52,0
1437536468139,300804,50,0
1437536469139,300923,46,0
1437536470139,301093,38,0
1437536471139,301252,42,0
1437536472140,301406,45,0
1437536473140,301484,51,0
1437536474138,301577,49,0
1437536475139,301712,45,0
1437536476139,301828,44,0
1437536477139,301929,47,0
1437536478139,302098,44,0
1437536479139,302308,43,0
1437536480139,302448,45,0
1437536481140,302637,42,0
1437536482139,302860,36,0
1437536483139,303070,36,0
1437536484140,303251,36,0
1437536485140,303524,30,0
1437536486139,303726,34,0
1437536487139,303951,37,0
1437536488138,304072,42,0
1437536489139,304264,41,0
1437536490139,304424,45,0
1437536491139,304574,42,0
1437536492140,304686,42,0
1437536493140,304917,35,0
1437536494139,305211,32,0
1437536495139,305368,38,0
1437536496139,305464,44,0
1437536497139,305665,46,0
1437536498139,305881,41,0
1437536499140,306076,29,0
1437536500141,306288,35,0
1437536501141,306495,15,0
1437536502140,306703,13,0
1437536503141,306901,10,0
1437536504141,307122,8,0
1437536505141,307307,13,0
1437536506141,307580,5,0
1437536507141,307837,15,0
1437536508141,308048,30,0
1437536509141,308120,38,0
1437536510141,308223,42,0
1437536511141,308302,47,0
1437536512141,308402,45,0
1437536513141,308524,41,0
1437536514142,308652,38,0
1437536515141,308831,39,0
1437536516142,308989,35,0
1437536517141,309135,41,0
1437536518141,309275,40,0
1437536519142,309422,37,0
1437536520143,309540,40,0
1437536521144,309863,38,0
1437536522152,309948,40,0
1437536523144,310159,42,0
1437536524144,310228,45,0
1437536525144,310305,53,0
1437536526145,310396,56,0
1437536527145,310526,51,0
1437536528145,310649,49,0
1437536529146,310845,41,0
1437536530145,311077,40,0
1437536531145,311217,39,0
1437536532145,311543,32,0
1437536533145,311760,35,0
1437536534146,311992,19,0
1437536535146,312221,4,0
1437536536146,312426,32,0
1437536537146,312623,17,0
1437536538145,312886,4,0
1437536539146,313125,8,0
1437536540146,313337,16,0
1437536541146,313579,12,0
1437536542146,313738,30,0
1437536543152,313967,10,0
1437536544148,314242,7,0
1437536545148,314452,5,0
1437536546148,314704,5,0
1437536547147,314925,9,0
1437536548149,315069,31,0
1437536549148,315116,43,0
1437536550151,315266,42,0
1437536551150,315504,39,0
1437536552150,315579,44,0
1437536553149,315673,44,0
1437536554149,315811,45,0
1437536555149,315875,47,0
1437536556148,316019,50,0
1437536557149,316087,48,0
1437536558149,316196,48,0
1437536559149,316275,47,0
1437536560148,316395,48,0
1437536561149,316613,39,0
1437536562162,316794,37,0
1437536563149,316949,38,0
1437536564151,317091,34,0
1437536566469,317657,32,0
1437536566470,317658,33,0
1437536567470,317837,36,0
1437536568470,318067,38,0
1437536569470,318267,42,0
1437536570470,318417,39,0
1437536571470,318562,45,0
1437536572470,318649,44,0
1437536573470,318751,53,0
1437536574471,318851,55,0
1437536575471,319010,43,0
1437536576473,319117,41,0
1437536577472,319219,45,0
1437536578472,319316,49,0
1437536579473,319419,51,0
1437536580473,319577,51,0
1437536581473,319652,53,0
1437536582473,319738,53,0
1437536583474,319860,52,0
1437536584474,319975,47,0
1437536585474,320139,45,0
1437536586474,320304,44,0
1437536587474,320428,48,0
1437536588474,320537,48,0
1437536589474,320650,51,0
1437536590475,320773,50,0
1437536591475,320943,50,0
1437536592474,321122,47,0
1437536593475,321273,40,0
1437536594475,321472,40,0
1437536595475,321614,39,0
1437536596475,321739,39,0
1437536597474,321839,46,0
1437536598475,321974,52,0
1437536599475,322028,55,0
1437536600475,322081,57,0
1437536601475,322148,58,0
1437536602475,322236,56,0
1437536603475,322424,48,0
1437536604476,322608,43,0
1437536605475,322695,48,0
1437536606476,322789,48,0
1437536607475,322925,49,0
1437536608475,323064,48,0
1437536609476,323314,32,0
1437536610475,323497,36,0
1437536611475,323686,31,0
1437536612475,323912,32,0
1437536613475,324016,33,0
1437536614475,324212,34,0
1437536615476,324419,31,0
1437536616475,324604,29,0
1437536617475,324750,27,0
1437536618475,324988,21,0
1437536619476,325106,28,0
1437536620476,325309,30,0
1437536621476,325415,33,0
1437536622476,325624,35,0
1437536623475,325734,37,0
1437536624475,325882,41,0
1437536625475,325987,43,0
1437536626475,326197,44,0
1437536627475,326280,46,0
1437536628476,326429,44,0
1437536629476,326595,37,0
1437536630476,326718,43,0
1437536631476,326866,40,0
1437536632476,327162,37,0
1437536633476,327371,28,0
1437536634477,327605,12,0
1437536635478,327719,36,0
1437536636477,327965,38,0
1437536637478,328126,36,0
1437536638477,328369,26,0
1437536639477,328593,8,0
1437536640477,328668,34,0
1437536641478,328848,39,0
1437536642478,329054,29,0
1437536643478,329231,26,0
1437536644477,329433,18,0
1437536645478,329641,6,0
1437536646478,329843,21,0
1437536647478,330056,4,0
1437536648478,330356,16,0
1437536649479,330561,6,0
1437536650479,330763,6,0
1437536651479,330992,4,0
1437536652479,331252,11,0
1437536653480,331481,9,0
1437536654480,331776,14,0
1437536655481,331996,9,0
1437536656481,332138,35,0
1437536657482,332309,32,0
1437536658482,332498,21,0
1437536659482,332760,7,0
1437536660482,332964,35,0
1437536661482,333105,31,0
1437536662483,333323,38,0
1437536663483,333517,18,0
1437536664484,333755,17,0
1437536665484,333943,8,0
1437536666483,334052,34,0
1437536667484,334130,41,0
1437536668483,334216,47,0
1437536669483,334361,52,0
1437536670483,334430,54,0
1437536671484,334540,54,0
1437536672483,334617,51,0
1437536673484,334729,45,0
1437536674483,334830,42,0
1437536675483,334978,43,0
1437536676483,335103,45,0
1437536677483,335250,43,0
1437536678483,335390,44,0
1437536679483,335480,43,0
1437536680483,335715,39,0
1437536681483,335888,43,0
1437536682484,335995,44,0
1437536683483,336082,46,0
1437536684484,336151,51,0
1437536685482,336240,55,0
1437536686483,336293,55,0
1437536687483,336385,56,0
1437536688483,336459,54,0
1437536689483,336590,46,0
1437536690485,336697,49,0
1437536691485,336861,42,0
1437536692485,336945,49,0
1437536693485,337087,50,0
1437536694485,337221,47,0
1437536695485,337482,40,0
1437536696486,337660,38,0
1437536697486,337829,38,0
1437536698487,337984,36,0
1437536699487,338144,35,0
1437536700487,338261,41,0
1437536701488,338400,43,0
1437536702487,338518,45,0
1437536703487,338685,42,0
1437536704487,338864,40,0
1437536705487,339076,43,0
1437536706487,339288,43,0
1437536707487,339453,40,0
1437536708487,339705,35,0
1437536709488,339947,32,0
1437536710487,340177,26,0
1437536711487,340367,20,0
1437536712487,340523,37,0
1437536713489,340617,39,0
1437536714488,340750,38,0
1437536715488,340911,41,0
1437536716488,341077,44,0
1437536717488,341341,34,0
1437536718488,341546,35,0
1437536719488,341722,32,0
1437536720489,341933,31,0
1437536721489,342098,33,0
1437536722488,342151,41,0
1437536723488,342201,54,0
1437536724488,342274,49,0
1437536725488,342341,53,0
1437536726489,342438,50,0
1437536727488,342563,44,0
1437536728489,342760,37,0
1437536729489,342909,39,0
1437536730488,343051,42,0
1437536731488,343134,42,0
1437536732507,343221,42,0
1437536733488,343369,44,0
1437536734490,343568,39,0
1437536735489,343736,38,0
1437536736489,344009,38,0
1437536737491,344095,41,0
1437536738491,344293,38,0
1437536739490,344458,36,0
1437536740490,344606,36,0
1437536741492,344720,40,0
1437536742491,344859,38,0
1437536743491,345078,37,0
1437536744491,345249,37,0
1437536745491,345398,40,0
1437536746491,345690,41,0
1437536747492,345877,41,0
1437536748492,346117,41,0
1437536749491,346311,31,0
1437536750491,346514,4,0
1437536751491,346759,7,0
1437536752491,347018,8,0
1437536753492,347251,34,0
1437536754492,347438,27,0
1437536755494,347616,33,0
1437536756493,347876,35,0
1437536757492,348075,33,0
1437536758493,348241,25,0
1437536759492,348422,27,0
1437536760492,348602,32,0
1437536761493,348709,38,0
1437536762494,348833,43,0
1437536763492,349038,41,0
1437536764493,349181,47,0
1437536766002,349395,44,0
1437536766493,349444,42,0
1437536767493,349573,43,0
1437536768494,349789,40,0
1437536769493,350033,37,0
1437536770493,350243,19,0
1437536771494,350423,22,0
1437536772494,350611,5,0
1437536773494,350860,4,0
1437536774494,351073,22,0
1437536775494,351291,3,0
1437536776495,351559,5,0
1437536777494,351741,31,0
1437536778495,351906,37,0
1437536779494,352113,34,0
1437536780494,352179,43,0
1437536781497,352286,52,0
1437536782494,352351,57,0
1437536783494,352517,53,0
1437536784494,352621,49,0
1437536785494,352757,49,0
1437536786495,352844,46,0
1437536787494,353015,46,0
1437536788495,353071,51,0
1437536789494,353137,51,0
1437536790495,353241,47,0
1437536791495,353335,44,0
1437536792495,353568,43,0
1437536793496,353729,39,0
1437536794496,353883,42,0
1437536795496,354028,44,0
1437536796496,354177,47,0
1437536797497,354308,43,0
1437536798496,354436,44,0
1437536799496,354605,43,0
1437536800495,354817,38,0
1437536801496,354993,41,0
1437536802498,355216,35,0
1437536803497,355425,36,0
1437536804503,355590,42,0
1437536805497,355735,37,0
1437536806497,355871,44,0
1437536807498,355951,48,0
1437536808497,356052,47,0
1437536809498,356182,43,0
1437536810498,356339,43,0
1437536811498,356476,44,0
1437536812498,356728,39,0
1437536813499,356899,38,0
1437536814499,357163,24,0
1437536815499,357345,20,0
1437536816499,357605,5,0
1437536817498,357875,10,0
1437536818499,358040,23,0
1437536819499,358223,7,0
1437536820499,358512,15,0
1437536821499,358681,32,0
1437536822499,358862,29,0
1437536823500,359013,42,0
1437536824500,359123,42,0
1437536825500,359299,45,0
1437536826501,359465,47,0
1437536827503,359532,47,0
1437536828502,359657,47,0
1437536829501,359934,40,0
1437536830501,360151,37,0
1437536831502,360334,22,0
1437536832507,360528,12,0
1437536833501,360658,35,0
1437536834502,360861,37,0
1437536835502,361009,44,0
1437536836503,361198,43,0
1437536837503,361428,37,0
1437536838502,361487,50,0
1437536839503,361591,53,0
1437536840503,361783,46,0
1437536841505,361883,46,0
1437536842503,361964,55,0
1437536843503,362104,47,0
1437536844504,362273,44,0
1437536845504,362478,44,0
1437536846504,362571,44,0
1437536847505,362705,46,0
1437536848505,362886,45,0
1437536849505,363022,44,0
1437536850505,363191,42,0
1437536851504,363363,36,0
1437536852505,363599,35,0
1437536853505,363797,34,0
1437536854505,363974,35,0
1437536855506,364164,36,0
1437536856504,364287,34,0
1437536857506,364476,36,0
1437536858505,364687,31,0
1437536859505,364823,38,0
1437536860505,365003,35,0
1437536861505,365172,37,0
1437536862505,365325,38,0
1437536863506,365491,37,0
1437536864506,365653,37,0
1437536866020,365848,38,0
1437536866506,365975,23,0
1437536867507,366138,33,0
1437536868506,366303,38,0
1437536869507,366452,42,0
1437536870507,366531,42,0
1437536871508,366694,45,0
1437536872509,366774,47,0
1437536873508,367035,37,0
1437536874508,367183,37,0
1437536875507,367419,31,0
1437536876508,367579,41,0
1437536877507,367805,30,0
1437536878508,368039,4,0
1437536879508,368295,4,0
1437536880507,368433,33,0
1437536881508,368524,43,0
1437536882508,368679,45,0
1437536883508,368836,43,0
1437536884508,368984,40,0
1437536885508,369174,38,0
1437536886509,369420,13,0
1437536887509,369610,6,0
1437536888510,369828,12,0
1437536889510,369994,18,0
1437536890509,370281,14,0
1437536891509,370423,35,0
1437536892509,370503,45,0
1437536893510,370575,51,0
1437536894511,370653,54,0
1437536895510,370767,49,0
1437536896510,370850,46,0
1437536897510,371010,41,0
1437536898511,371138,39,0
1437536899511,371258,42,0
1437536900510,371443,43,0
1437536901510,371516,45,0
1437536902509,371629,46,0
1437536903511,371738,47,0
1437536904512,371820,48,0
1437536905512,371912,51,0
1437536906512,372068,45,0
1437536907512,372190,45,0
1437536908511,372290,46,0
1437536909511,372471,38,0
1437536910511,372575,39,0
1437536911511,372758,40,0
1437536912513,373000,35,0
1437536913511,373211,35,0
1437536914512,373359,38,0
1437536915512,373484,49,0
1437536916511,373636,40,0
1437536917511,373854,40,0
1437536918511,374087,38,0
1437536919511,374331,42,0
1437536920511,374489,37,0
1437536921512,374732,34,0
1437536922512,374875,41,0
1437536923512,375017,39,0
1437536924512,375196,41,0
1437536925512,375333,40,0
1437536926514,375513,35,0
1437536927512,375691,35,0
1437536928512,375927,28,0
1437536929513,376071,30,0
1437536930513,376147,39,0
1437536931514,376267,40,0
1437536932514,376415,40,0
1437536933513,376502,48,0
1437536934514,376609,43,0
1437536935513,376763,38,0
1437536936513,377000,31,0
1437536937514,377211,31,0
1437536938513,377351,34,0
1437536939513,377612,33,0
1437536940514,377771,20,0
1437536941513,377928,15,0
1437536942514,378094,36,0
1437536943514,378187,41,0
1437536944515,378305,45,0
1437536945515,378474,44,0
1437536946515,378557,44,0
1437536947515,378795,45,0
1437536948515,378879,43,0
1437536949515,379056,48,0
1437536950530,379256,40,0
1437536951515,379432,44,0
1437536952516,379507,44,0
1437536953515,379682,42,0
1437536954515,379916,35,0
1437536955516,380106,9,0
1437536956516,380396,5,0
1437536957517,380721,8,0
1437536958515,380968,11,0
1437536959516,381203,19,0
1437536960516,381384,8,0
1437536961516,381600,6,0
1437536962517,381850,13,0
1437536963516,382091,5,0
1437536964516,382289,28,0
1437536965909,382488,35,0
1437536966516,382636,25,0
1437536967516,382821,9,0
1437536968516,383065,14,0
1437536969516,383245,29,0
1437536970516,383413,37,0
1437536971517,383602,19,0
1437536972516,383869,7,0
1437536973517,384052,12,0
1437536974517,384235,4,0
1437536975517,384442,26,0
1437536976517,384600,18,0
1437536977516,384778,7,0
1437536978517,385033,3,0
1437536979517,385264,31,0
1437536980517,385362,35,0
1437536981518,385448,34,0
1437536982517,385651,37,0
1437536983517,385923,31,0
1437536984516,386140,14,0
1437536985530,386306,23,0
1437536986517,386580,3,0
1437536987516,386774,15,0
1437536988517,386986,22,0
1437536989516,387181,37,0
1437536990517,387374,24,0
1437536991517,387572,28,0
1437536992517,387767,35,0
1437536993517,387934,9,0
1437536994519,388208,5,0
1437536995552,388444,11,0
1437536996517,388709,5,0
1437536997517,388992,9,0
1437536998518,389207,13,0
1437536999518,389413,5,0
1437537000518,389777,5,0
1437537001518,390037,6,0
1437537002518,390270,10,0
1437537003519,390532,6,0
1437537004520,390714,9,0
1437537005518,390940,4,0
1437537006520,391017,31,0
1437537007520,391152,40,0
1437537008519,391376,29,0
1437537009519,391626,24,0
1437537010520,391805,30,0
1437537011519,391984,18,0
1437537012519,392172,11,0
1437537013519,392255,35,0
1437537014519,392420,34,0
1437537015520,392553,34,0
1437537016520,392683,41,0
1437537017520,392729,48,0
1437537018519,392774,53,0
1437537019520,392844,56,0
1437537020519,392904,63,0
1437537021518,392990,50,0
1437537022519,393141,48,0
1437537023519,393340,42,0
1437537024519,393583,37,0
1437537025521,393688,43,0
1437537026522,393786,41,0
1437537027522,393970,38,0
1437537028521,394205,38,0
1437537029521,394480,35,0
1437537030522,394578,37,0
1437537031524,394791,39,0
1437537032521,394997,29,0
1437537033521,395164,35,0
1437537034521,395386,34,0
1437537035521,395573,22,0
1437537036520,395825,11,0
1437537037521,396018,26,0
1437537038522,396201,22,0
1437537039521,396385,30,0
1437537040522,396516,39,0
1437537041522,396706,34,0
1437537042522,396899,11,0
1437537043523,397158,21,0
1437537044523,397407,34,0
1437537045524,397597,38,0
1437537046524,397791,39,0
1437537047524,397998,27,0
1437537048524,398179,4,0
1437537049524,398469,15,0
1437537050530,398749,31,0
1437537051525,398943,32,0
1437537052525,399172,38,0
1437537053525,399436,34,0
1437537054526,399640,11,0
1437537055525,399847,3,0
1437537056525,400141,7,0
1437537057525,400356,14,0
1437537058526,400560,5,0
1437537059526,400772,5,0
1437537060526,401103,7,0
1437537061526,401311,11,0
1437537062526,401558,6,0
1437537063527,401791,6,0
1437537064526,402012,10,0
1437537065527,402240,2,0
1437537066527,402528,10,0
1437537067528,402772,11,0
1437537068528,403005,4,0
1437537069737,403133,21,0
1437537070547,403409,27,0
1437537071548,403610,30,0
1437537072529,403760,35,0
1437537073529,403987,33,0
1437537074529,404182,33,0
1437537075584,404469,30,0
1437537076529,404767,25,0
1437537077529,404855,28,0
1437537078529,405059,31,0
1437537079529,405217,32,0
1437537080539,405394,31,0
1437537081529,405620,32,0
1437537082530,405808,35,0
1437537083530,405975,34,0
1437537084531,406219,31,0
1437537085530,406547,34,0
1437537086530,406796,33,0
1437537087530,407018,4,0
1437537088531,407264,11,0
1437537089531,407458,3,0
1437537090530,407767,3,0
1437537091531,408004,10,0
1437537092531,408276,9,0
1437537093531,408503,10,0
1437537094531,408721,8,0
1437537095531,408986,5,0
1437537096531,409344,24,0
1437537097531,409574,24,0
1437537098531,409771,20,0
1437537099531,409947,22,0
1437537101444,410174,3,0
1437537101531,410281,15,0
1437537102531,410466,31,0
1437537103531,410735,28,0
1437537104533,410939,28,0
1437537105532,411234,31,0
1437537106532,411449,33,0
1437537107532,411661,36,0
1437537108532,411941,29,0
1437537109532,412146,16,0
1437537110609,412297,28,0
1437537111532,412508,23,0
1437537112532,412761,1,0
1437537113532,413075,5,0
1437537114532,413394,6,0
1437537115573,413665,12,0
1437537116532,413977,5,0
1437537117533,414295,3,0
1437537118532,414561,9,0
1437537119532,414842,3,0
1437537120585,415126,10,0
1437537121532,415396,5,0
1437537122532,415733,6,0
1437537123533,416072,4,0
1437537124533,416364,5,0
1437537125560,416686,4,0
1437537126533,416967,2,0
1437537127533,417140,25,0
1437537128533,417360,24,0
1437537129534,417556,16,0
1437537130534,417803,15,0
1437537131723,417825,32,0
1437537132723,418114,32,0
1437537133724,418414,31,0
1437537134724,418709,12,0
1437537135724,419070,5,0
1437537136725,419513,3,0
1437537137725,419884,2,0
1437537138725,420278,3,0
1437537139725,420576,8,0
1437537140725,420999,3,0
1437537141726,421439,2,0
1437537142726,421813,5,0
1437537143726,422061,8,0
1437537144726,422290,8,0
1437537145726,422485,4,0
1437537146726,422672,16,0
1437537147726,422849,3,0
1437537148727,423040,27,0
1437537149728,423237,18,0
1437537150728,423452,5,0
1437537151727,423778,6,0
1437537152726,424019,5,0
1437537153727,424263,3,0
1437537154727,424584,6,0
1437537155727,424851,6,0
1437537156727,425146,3,0
1437537157727,425418,4,0
1437537158727,425699,6,0
1437537159727,426028,4,0
1437537163328,426683,6,0
1437537163331,426684,6,0
1437537164331,426986,25,0
1437537165331,427271,23,0
1437537166331,427492,4,0
1437537167331,427765,6,0
1437537168331,427913,27,0
1437537169331,427988,36,0
1437537170331,428063,38,0
1437537171331,428267,35,0
1437537172330,428451,31,0
1437537173331,428722,32,0
1437537174331,428928,30,0
1437537175331,429106,13,0
1437537176330,429379,3,0
1437537177331,429616,7,0
1437537178331,429933,4,0
1437537179331,430246,4,0
1437537180331,430553,5,0
1437537181332,430807,4,0
1437537182332,431178,2,0
1437537183333,431482,7,0
1437537184333,431820,6,0
1437537185333,432098,3,0
1437537186333,432364,6,0
1437537187333,432662,7,0
1437537188333,432868,6,0
1437537189333,433156,9,0
1437537190333,433366,7,0
1437537191333,433564,17,0
1437537192333,433809,7,0
1437537193333,433976,26,0
1437537194334,434137,34,0
1437537195338,434293,26,0
1437537196333,434579,32,0
1437537197334,434898,24,0
1437537198333,435162,7,0
1437537199336,435425,9,0
1437537200333,435735,33,0
1437537201333,435947,27,0
1437537202333,436143,23,0
1437537203335,436349,18,0
1437537204334,436547,25,0
1437537205334,436736,36,0
1437537206335,436956,18,0
1437537207335,437167,6,0
1437537208335,437442,16,0
1437537209414,437687,7,0
1437537210336,437843,22,0
1437537211337,438074,8,0
1437537212336,438328,8,0
1437537213337,438497,25,0
1437537214336,438690,8,0
1437537215335,438895,14,0
1437537216335,439055,20,0
1437537217336,439228,25,0
1437537218336,439395,36,0
1437537219336,439558,38,0
1437537220336,439697,39,0
1437537221338,439903,39,0
1437537222338,440046,45,0
1437537223335,440241,44,0
1437537224336,440448,26,0
1437537225336,440707,5,0
1437537226336,441000,6,0
1437537227336,441093,36,0
1437537228336,441231,40,0
1437537229336,441300,52,0
1437537230336,441332,60,0
1437537231336,441501,51,0
1437537232336,441744,45,0
1437537233337,441937,42,0
1437537234337,442023,48,0
1437537235337,442085,52,0
1437537236337,442161,57,0
1437537237339,442256,51,0
1437537238338,442406,51,0
1437537239339,442526,51,0
1437537240338,442670,51,0
1437537241338,442798,47,0
1437537242339,442941,47,0
1437537243340,443017,49,0
1437537244340,443129,46,0
1437537245340,443324,44,0
1437537246341,443509,41,0
1437537247341,443741,34,0
1437537248341,443950,35,0
1437537249341,444153,32,0
1437537250341,444371,30,0
1437537251340,444593,30,0
1437537252341,444846,35,0
1437537253341,445063,35,0
1437537254341,445223,35,0
1437537255341,445434,11,0
1437537256342,445664,14,0
1437537257341,445909,8,0
1437537258341,446254,6,0
1437537259341,446512,10,0
1437537260341,446657,29,0
1437537261342,446923,7,0
1437537262342,447119,24,0
1437537263341,447304,30,0
1437537264342,447382,39,0
1437537265342,447658,37,0
1437537266342,447864,38,0
1437537267342,448059,44,0
1437537268341,448247,26,0
1437537269342,448420,42,0
1437537270342,448542,45,0
1437537271343,448777,26,0
1437537272342,448974,9,0
1437537273342,449177,8,0
1437537274342,449454,10,0
1437537275342,449719,7,0
1437537276343,449952,9,0
1437537277342,450200,12,0
1437537278343,450401,7,0
1437537279342,450644,16,0
1437537280343,450841,25,0
1437537281342,451059,6,0
1437537282341,451375,11,0
1437537283342,451642,8,0
1437537284342,451874,10,0
1437537285343,452106,5,0
1437537286342,452391,6,0
1437537287342,452632,4,0
1437537288342,452858,24,0
1437537289342,453047,8,0
1437537290342,453303,16,0
1437537291343,453465,8,0
1437537292342,453719,8,0
1437537293342,453929,12,0
1437537294342,454092,31,0
1437537295342,454275,25,0
1437537296341,454466,30,0
1437537297342,454638,22,0
1437537298342,454888,6,0
1437537299342,455054,10,0
1437537300342,455253,9,0
1437537301343,455425,16,0
1437537302343,455684,5,0
1437537303343,455977,4,0
1437537304343,456195,15,0
1437537305343,456345,28,0
1437537306343,456524,12,0
1437537307344,456799,11,0
1437537308344,457013,12,0
1437537309344,457234,3,0
1437537310344,457456,5,0
1437537311343,457686,12,0
1437537312344,457905,11,0
1437537313344,458038,18,0
1437537314343,458297,4,0
1437537315344,458442,18,0
1437537316344,458684,3,0
1437537317344,458955,2,0
1437537318345,459158,4,0
1437537319345,459485,6,0
1437537320347,459763,13,0
1437537321346,459929,27,0
1437537322346,460105,36,0
1437537323347,460318,16,0
1437537324346,460558,4,0
1437537325346,460873,16,0
1437537326347,461049,22,0
1437537327346,461234,16,0
1437537328347,461450,10,0
1437537329347,461564,22,0
1437537330348,461796,23,0
1437537331347,461973,22,0
1437537332347,462103,31,0
1437537333347,462318,3,0
1437537334346,462633,6,0
1437537335347,462761,30,0
1437537336347,462963,16,0
1437537337348,463124,12,0
1437537338348,463377,5,0
1437537339348,463660,3,0
1437537340349,463868,19,0
1437537341349,464066,4,0
1437537342348,464352,6,0
1437537343349,464512,21,0
1437537344349,464632,29,0
1437537345349,464860,30,0
1437537346349,465048,30,0
1437537347349,465231,30,0
1437537348350,465416,13,0
1437537349350,465637,10,0
1437537350351,465916,25,0
1437537351350,466104,18,0
1437537352350,466334,3,0
1437537353352,466546,7,0
1437537354349,466763,6,0
1437537355350,466939,15,0
1437537356350,467129,15,0
1437537357351,467346,6,0
1437537358350,467552,16,0
1437537359351,467809,9,0
1437537360352,467991,24,0
1437537361352,468158,10,0
1437537362352,468355,19,0
1437537363353,468549,13,0
1437537364352,468752,22,0
1437537365353,468962,6,0
1437537366353,469198,3,0
1437537367353,469436,18,0
1437537368354,469603,6,0
1437537369354,469812,26,0
1437537370354,469938,26,0
1437537371354,470204,25,0
1437537372355,470342,26,0
1437537373354,470551,26,0
1437537374354,470784,13,0
1437537375354,470994,10,0
1437537376353,471195,17,0
1437537377354,471365,16,0
1437537378354,471553,28,0
1437537379354,471640,31,0
1437537380354,471816,33,0
1437537381355,471957,34,0
1437537382355,472092,37,0
1437537383355,472275,46,0
1437537384355,472476,43,0
1437537385355,472614,43,0
1437537386357,472829,24,0
1437537387357,473033,6,0
1437537388357,473231,10,0
1437537389357,473513,6,0
1437537390358,473713,10,0
1437537391358,473916,20,0
1437537392359,474109,10,0
1437537393358,474330,14,0
1437537394358,474539,11,0
1437537395358,474825,5,0
1437537396359,475055,21,0
1437537397359,475275,5,0
1437537398359,475526,11,0
1437537399359,475786,6,0
1437537400359,476005,23,0
1437537401358,476262,24,0
1437537402359,476426,36,0
1437537403359,476467,38,0
1437537404360,476556,51,0
1437537405359,476594,58,0
1437537406360,476621,65,0
1437537407359,476725,58,0
1437537408359,476795,53,0
1437537409359,476905,49,0
1437537410359,477041,45,0
1437537411359,477166,46,0
1437537412360,477307,42,0
1437537413359,477471,42,0
1437537414360,477586,42,0
1437537415359,477712,39,0
1437537416360,478015,35,0
1437537417360,478332,34,0
1437537418359,478504,42,0
1437537419359,478585,48,0
1437537420358,478744,46,0
1437537421359,478914,41,0
1437537422359,479077,47,0
1437537423359,479324,36,0
1437537424359,479546,34,0
1437537425360,479745,12,0
1437537426358,480047,8,0
1437537427358,480279,32,0
1437537428359,480425,36,0
1437537429359,480512,40,0
1437537430359,480672,40,0
1437537431360,480867,35,0
1437537432360,481065,22,0
1437537433359,481260,11,0
1437537434359,481543,6,0
1437537435359,481815,8,0
1437537436359,482094,12,0
1437537437359,482251,36,0
1437537438359,482425,32,0
1437537439359,482616,33,0
1437537440360,482796,27,0
1437537441360,482973,5,0
1437537442360,483162,35,0
1437537443360,483339,18,0
1437537444360,483550,20,0
1437537445360,483724,15,0
1437537446360,483925,7,0
1437537447361,484100,8,0
1437537448361,484353,7,0
1437537449362,484570,8,0
1437537450361,484840,10,0
1437537451361,485012,22,0
1437537452361,485151,39,0
1437537453361,485331,38,0
1437537454361,485426,44,0
1437537455361,485645,48,0
1437537456361,485842,32,0
1437537457361,486003,47,0
1437537458362,486171,45,0
1437537459362,486400,32,0
1437537460362,486617,9,0
1437537461362,486829,19,0
1437537462586,487029,36,0
1437537463362,487190,29,0
1437537464362,487371,16,0
1437537465362,487614,14,0
1437537466363,487766,11,0
1437537467362,488020,5,0
1437537468362,488193,11,0
1437537469362,488420,14,0
1437537470362,488596,8,0
1437537471362,488808,16,0
1437537472362,489023,12,0
1437537473361,489228,23,0
1437537474362,489432,23,0
1437537475362,489607,38,0
1437537476362,489817,35,0
1437537477363,489932,46,0
1437537478363,490001,55,0
1437537479364,490190,51,0
1437537480363,490445,43,0
1437537481363,490607,42,0
1437537482363,490716,44,0
1437537483363,490897,39,0
1437537484363,491107,25,0
1437537485363,491308,36,0
1437537486363,491493,38,0
1437537487363,491635,43,0
1437537488363,491759,39,0
1437537489364,491802,47,0
1437537490364,491845,56,0
1437537491364,491932,54,0
1437537492364,492020,50,0
1437537493365,492152,46,0
1437537494364,492244,47,0
1437537495365,492406,47,0
1437537496364,492514,47,0
1437537497364,492644,47,0
1437537498363,492743,44,0
1437537499364,492813,52,0
1437537500365,492882,51,0
1437537501364,493016,51,0
1437537502364,493107,52,0
1437537503363,493345,45,0
1437537504364,493545,40,0
1437537505364,493660,47,0
1437537506364,493746,48,0
1437537507364,493947,50,0
1437537508365,494110,40,0
1437537509366,494168,44,0
1437537510365,494331,45,0
1437537511365,494391,43,0
1437537512365,494479,47,0
1437537513365,494661,45,0
1437537514366,494871,44,0
1437537515366,495046,35,0
1437537516365,495169,38,0
1437537517365,495268,44,0
1437537518365,495338,44,0
1437537519365,495423,48,0
1437537520366,495530,47,0
1437537521366,495628,50,0
1437537522366,495679,54,0
1437537523366,495760,53,0
1437537524366,495884,51,0
1437537525365,495969,52,0
1437537526366,496104,47,0
1437537527366,496236,47,0
1437537528369,496334,46,0
1437537529367,496425,49,0
1437537530367,496517,47,0
1437537531366,496581,49,0
1437537532367,496687,44,0
1437537533367,496884,39,0
1437537534366,497048,42,0
1437537535366,497204,42,0
1437537536365,497321,43,0
1437537537366,497384,48,0
1437537538366,497507,46,0
1437537539365,497612,45,0
1437537540365,497730,44,0
1437537541366,497897,43,0
1437537542366,498059,43,0
1437537543366,498174,40,0
1437537544367,498274,41,0
1437537545366,498337,44,0
1437537546367,498423,45,0
1437537547368,498538,43,0
1437537548366,498637,44,0
1437537549367,498826,42,0
1437537550367,498940,40,0
1437537551368,499044,43,0
1437537552368,499170,43,0
1437537553368,499311,40,0
1437537554369,499477,31,0
1437537555368,499622,36,0
1437537556367,499758,35,0
1437537557368,499887,35,0
1437537558368,499976,37,0
1437537559368,500099,39,0
1437537560369,500207,38,0
1437537561369,500329,40,0
1437537570431,501524,23,0
1437537570467,501532,23,0
1437537571467,501693,24,0
1437537572468,501818,23,0
1437537573467,501995,24,0
1437537574467,502132,27,0
1437537575468,502258,32,0
1437537576468,502319,37,0
1437537577468,502414,37,0
1437537578468,502482,42,0
1437537579469,502545,41,0
1437537580469,502639,42,0
1437537581469,502726,42,0
1437537582469,502831,41,0
1437537583468,502958,38,0
1437537584469,503087,40,0
1437537585469,503231,36,0
1437537586469,503387,38,0
1437537587471,503514,36,0
1437537588470,503617,40,0
1437537589470,503761,37,0
1437537590470,503926,41,0
1437537591469,504087,40,0
1437537592470,504194,42,0
1437537593470,504300,40,0
1437537594470,504439,40,0
1437537595470,504551,41,0
1437537596470,504696,41,0
1437537597471,504810,37,0
1437537598469,504994,39,0
1437537599470,505211,34,0
1437537600471,505335,34,0
1437537601470,505436,38,0
1437537602470,505584,39,0
1437537603470,505729,35,0
1437537604470,505847,35,0
1437537605471,505996,34,0
1437537606473,506160,35,0
1437537607471,506324,33,0
1437537608472,506488,40,0
1437537609471,506543,40,0
1437537610472,506644,42,0
1437537611472,506746,38,0
1437537612473,506916,37,0
1437537613473,507057,36,0
1437537614473,507181,38,0
1437537615473,507398,36,0
1437537616473,507518,40,0
1437537617473,507669,40,0
1437537618476,507834,34,0
1437537619476,507991,37,0
1437537620476,508102,37,0
1437537621485,508258,33,0
1437537622476,508348,36,0
1437537623477,508432,36,0
1437537624477,508484,43,0
1437537625477,508549,46,0
1437537626477,508592,50,0
1437537627476,508659,53,0
1437537628477,508717,55,0
1437537629479,508808,54,0
1437537630476,508925,55,0
1437537631477,508994,51,0
1437537632477,509075,54,0
1437537633477,509169,49,0
1437537634477,509296,46,0
1437537635477,509397,47,0
1437537636476,509521,46,0
1437537637477,509645,44,0
1437537638477,509792,45,0
1437537639477,509912,45,0
1437537640477,510041,45,0
1437537641478,510118,48,0
1437537642477,510207,45,0
1437537643477,510261,44,0
1437537644478,510340,47,0
1437537645478,510451,46,0
1437537646483,510562,43,0
1437537647478,510658,42,0
1437537648479,510753,46,0
1437537649479,510855,44,0
1437537650479,510933,44,0
1437537651478,511088,42,0
1437537652479,511248,35,0
1437537653480,511349,39,0
1437537654480,511467,44,0
1437537655480,511569,42,0
1437537656549,511700,41,0
1437537657481,511778,41,0
1437537658481,511867,46,0
1437537659579,511980,42,0
1437537660481,512097,41,0
1437537661481,512196,38,0
1437537662481,512364,36,0
1437537663481,512519,39,0
1437537664482,512687,35,0
1437537665483,512827,26,0
1437537666483,512916,32,0
1437537667481,512996,36,0
1437537668482,513081,40,0
1437537678412,514162,42,0
1437537678493,514172,42,0
1437537679494,514255,41,0
1437537680494,514383,43,0
1437537681494,514471,45,0
1437537682494,514595,44,0
1437537683495,514725,40,0
1437537684494,514885,41,0
1437537685494,515024,46,0
1437537686498,515089,43,0
1437537687494,515216,46,0
1437537688494,515318,47,0
1437537689494,515445,46,0
1437537690494,515560,47,0
1437537691494,515649,46,0
1437537692494,515776,44,0
1437537693495,515831,50,0
1437537694495,515883,53,0
1437537695495,515929,57,0
1437537696496,515984,58,0
1437537697495,516030,58,0
1437537698495,516067,64,0
1437537699495,516110,67,0
1437537700494,516156,65,0
1437537701495,516222,61,0
1437537702495,516272,60,0
1437537703497,516337,58,0
1437537704496,516420,54,0
1437537705495,516555,48,0
1437537706495,516672,48,0
1437537707496,516787,46,0
1437537708495,516904,46,0
1437537709495,516994,45,0
1437537710495,517079,46,0
1437537711496,517173,45,0
1437537712496,517250,47,0
1437537713496,517363,45,0
1437537714495,517465,43,0
1437537715496,517636,43,0
1437537716495,517734,45,0
1437537717496,517842,47,0
1437537718497,517931,50,0
1437537719497,518050,44,0
1437537720497,518202,38,0
1437537721522,518354,42,0
1437537722497,518465,41,0
1437537723498,518604,38,0
1437537724497,518766,31,0
1437537725498,518895,37,0
1437537726500,518984,35,0
1437537727498,519105,40,0
1437537728498,519215,39,0
1437537729497,519373,37,0
1437537730497,519506,38,0
1437537731498,519626,43,0
1437537732498,519740,36,0
1437537733498,519856,33,0
1437537734498,519945,38,0
1437537735498,520009,41,0
1437537736498,520119,39,0
1437537737498,520252,39,0
1437537738498,520401,37,0
1437537739500,520560,37,0
1437537740499,520710,39,0
1437537741499,520810,37,0
1437537742500,520877,43,0
1437537743500,520951,42,0
1437537744501,521025,44,0
1437537745501,521122,42,0
1437537746500,521274,47,0
1437537747501,521396,49,0
1437537748501,521481,49,0
1437537749501,521559,46,0
1437537750501,521671,47,0
1437537751501,521768,45,0
1437537752501,521883,41,0
1437537753501,522059,37,0
1437537754502,522176,36,0
1437537755502,522275,37,0
1437537756502,522365,37,0
1437537757502,522436,38,0
1437537758504,522524,41,0
1437537759503,522598,45,0
1437537760503,522663,48,0
1437537761503,522717,50,0
1437537762503,522781,51,0
1437537763503,522834,53,0
1437537764504,522902,51,0
1437537765505,522960,50,0
1437537766504,523030,45,0
1437537767504,523124,45,0
1437537768504,523214,47,0
1437537769504,523291,50,0
1437537770505,523361,44,0
1437537771504,523480,45,0
1437537772505,523561,47,0
1437537773505,523675,50,0
1437537774505,523738,50,0
1437537775505,523862,49,0
1437537776505,523970,44,0
1437537800940,526608,38,0
1437537800945,526608,37,0
1437537801941,526726,40,0
1437537802941,526906,40,0
1437537803942,527026,38,0
1437537804943,527124,39,0
1437537805943,527303,40,0
1437537806942,527457,44,0
1437537807942,527559,43,0
1437537808942,527680,40,0
1437537809942,527843,41,0
1437537810942,527938,47,0
1437537811943,528006,46,0
1437537812944,528126,48,0
1437537813944,528234,47,0
1437537814944,528338,53,0
1437537815944,528477,47,0
1437537816944,528557,52,0
1437537817944,528613,49,0
1437537818944,528682,47,0
1437537819948,528793,43,0
1437537820945,528908,40,0
1437537821945,529027,40,0
1437537822944,529144,42,0
1437537823945,529228,39,0
1437537824944,529335,42,0
1437537825948,529446,39,0
1437537826946,529584,41,0
1437537827946,529714,34,0
1437537828946,529888,35,0
1437537829946,530064,33,0
1437537830959,530217,37,0
1437537831946,530325,38,0
1437537832947,530424,38,0
1437537833947,530570,36,0
1437537834948,530754,34,0
1437537835948,530895,37,0
1437537836949,530996,38,0
1437537837952,531158,35,0
1437537838949,531218,34,0
1437537839950,531368,35,0
1437537840950,531475,40,0
1437537841950,531624,37,0
1437537842950,531728,43,0
1437537843952,531887,41,0
1437537844950,532002,44,0
1437537845950,532132,50,0
1437537846950,532203,49,0
1437537847950,532274,50,0
1437537848951,532364,49,0
1437537849951,532496,40,0
1437537850952,532606,41,0
1437537851951,532711,40,0
1437537852951,532890,41,0
1437537853951,532964,44,0
1437537854951,533090,48,0
1437537855951,533187,44,0
1437537856951,533298,45,0
1437537857952,533398,42,0
1437537858954,533540,42,0
1437537859951,533647,46,0
1437537860951,533815,38,0
1437537861951,533965,39,0
1437537862951,534174,37,0
1437537863952,534346,33,0
1437537864951,534545,36,0
1437537865950,534741,32,0
1437537866950,534962,30,0
1437537867951,535160,31,0
1437537868951,535374,26,0
1437537869951,535550,28,0
1437537870950,535682,35,0
1437537871950,535813,33,0
1437537872952,535946,32,0
1437537873951,536030,38,0
1437537874951,536198,32,0
1437537875951,536347,33,0
1437537876951,536465,36,0
1437537877951,536548,43,0
1437537878951,536647,45,0
1437537879951,536727,44,0
1437537880951,536820,45,0
1437537881955,536958,44,0
1437537882956,537070,39,0
1437537883952,537216,37,0
1437537884952,537331,32,0
1437537885952,537490,37,0
1437537886953,537632,37,0
1437537887953,537784,39,0
1437537888954,537980,36,0
1437537889955,538179,33,0
1437537890954,538370,36,0
1437537891954,538547,40,0
1437537892954,538702,37,0
1437537893954,538859,37,0
1437537894954,539023,36,0
1437537895955,539230,31,0
1437537896954,539403,36,0
1437537897954,539554,37,0
1437537898954,539748,31,0
1437537900368,540025,33,0
1437537900954,540157,31,0
1437537901954,540316,36,0
1437537902955,540481,40,0
1437537903954,540657,39,0
1437537904954,540741,42,0
1437537905954,540789,51,0
1437537906954,540996,47,0
1437537907955,541180,40,0
1437537908956,541301,43,0
1437537909956,541380,46,0
1437537910956,541469,51,0
1437537911956,541616,48,0
1437537912956,541682,50,0
1437537913957,541827,47,0
1437537914956,541966,46,0
1437537915956,542067,45,0
1437537916956,542181,47,0
1437537917956,542293,50,0
1437537918956,542374,48,0
1437537919957,542531,45,0
1437537920958,542694,41,0
1437537921957,542829,45,0
1437537922957,542973,44,0
1437537923957,543160,41,0
1437537924957,543367,42,0
1437537925957,543594,40,0
1437537926958,543756,38,0
1437537927958,544029,39,0
1437537928958,544230,23,0
1437537929959,544454,24,0
1437537930959,544644,34,0
1437537931959,544697,40,0
1437537932959,544817,39,0
1437537933959,545097,36,0
1437537934959,545214,41,0
1437537935958,545372,51,0
1437537936959,545496,44,0
1437537937959,545605,43,0
1437537938959,545732,39,0
1437537939959,545796,50,0
1437537940959,545921,53,0
1437537941959,545987,48,0
1437537942960,546098,45,0
1437537943959,546160,52,0
1437537944960,546239,52,0
1437537945960,546294,56,0
1437537946960,546366,53,0
1437537947960,546456,50,0
1437537948960,546577,49,0
1437537949960,546678,51,0
1437537950961,546770,51,0
1437537951961,546846,53,0
1437537952961,546888,56,0
1437537953961,546958,57,0
1437537954961,546998,59,0
1437537955961,547050,63,0
1437537956961,547127,62,0
1437537957961,547215,57,0
1437537958962,547341,49,0
1437537959962,547481,46,0
1437537960962,547653,44,0
1437537961962,547778,44,0
1437537962963,547934,47,0
1437537963963,548048,48,0
1437537964964,548177,47,0
1437537965964,548295,44,0
1437537966964,548394,47,0
1437537967965,548471,50,0
1437537968965,548572,51,0
1437537969965,548742,42,0
1437537970965,548871,38,0
1437537971965,549005,40,0
1437537972964,549185,36,0
1437537973964,549291,36,0
1437537974964,549403,35,0
1437537975965,549540,38,0
1437537976965,549671,41,0
1437537977965,549848,37,0
1437537978964,550024,36,0
1437537979964,550219,34,0
1437537980965,550351,37,0
1437537981965,550546,31,0
1437537982967,550664,32,0
1437537983966,550776,34,0
1437537984966,550915,33,0
1437537985966,551092,32,0
1437537986966,551219,33,0
1437537987966,551386,32,0
1437537988966,551489,33,0
1437537989967,551592,33,0
1437537990966,551764,27,0
1437537991966,551885,35,0
1437537992966,552058,24,0
1437537993966,552216,28,0
1437537994967,552337,28,0
1437537995967,552480,31,0
1437537996967,552689,28,0
1437537997967,552898,24,0
1437537998967,553073,27,0
1437538000648,553440,25,0
1437538000967,553498,27,0
1437538001967,553616,32,0
1437538002968,553684,38,0
1437538003968,553744,46,0
1437538004982,553809,42,0
1437538005968,553859,41,0
1437538006967,553932,46,0
1437538007967,553986,47,0
1437538008968,554059,45,0
1437538009968,554167,43,0
1437538010968,554311,45,0
1437538011968,554391,46,0
1437538012968,554487,48,0
1437538013968,554610,48,0
1437538014968,554750,40,0
1437538015969,554905,36,0
1437538016968,555070,39,0
1437538017968,555226,36,0
1437538018970,555384,33,0
1437538019968,555494,35,0
1437538020968,555659,38,0
1437538021969,555805,39,0
1437538022968,556017,41,0
1437538023968,556133,40,0
1437538024968,556248,41,0
1437538025968,556386,40,0
1437538026969,556581,36,0
1437538027969,556731,37,0
1437538028969,556907,39,0
1437538029969,557010,40,0
1437538030969,557182,37,0
1437538031970,557375,36,0
1437538032970,557554,38,0
1437538033970,557703,40,0
1437538034970,557806,45,0
1437538035970,557913,44,0
1437538036970,558008,50,0
1437538037970,558092,51,0
1437538038970,558252,40,0
1437538039971,558377,30,0
1437538040971,558438,1,0
1437538041972,558494,1,0
1437538042971,558560,5,0
1437538043972,558614,1,0
1437538044971,558668,7,0
1437538045972,558698,1,0
1437538046972,558722,2,0
1437538047973,558741,1,0
1437538048974,558753,1,0
1437538049973,558762,1,0
1437538050972,558787,2,0
1437538051974,558796,1,0
1437538052974,558822,1,0
1437538053974,558834,1,0
1437538054975,558846,1,0
1437538055974,558858,1,0
1437538056974,558869,1,0
1437538057975,558879,1,0
1437538058976,558885,1,0
1437538059975,558889,1,0
1437538060975,558895,1,0
1437538061976,558895,1,0
1437538062976,558900,1,0
1437538063976,558904,1,0
1437538064975,558912,5,0
1437538065975,558917,1,0
1437538066975,558925,1,0
1437538067976,558948,1,0
1437538068975,558960,1,0
1437538069975,558969,1,0
1437538070975,558971,1,0
1437538071976,558971,1,0
1437538072976,558971,1,0
1437538073977,558971,1,0
1437538074977,558971,1,0
1437538075977,558971,1,0
1437538076977,558971,1,0
1437538077978,558971,1,0
1437538078978,558971,1,0
1437538079978,558971,1,0
1437538080978,558971,1,0
1437538081979,558971,1,0
1437538082979,558971,1,0
1437538083979,558971,1,0
1437538084980,558971,1,0
1437538085979,558971,1,0
1437538086979,558971,1,0
1437538087979,558971,1,0
1437538088980,558971,1,0
1437538089980,558971,1,0
1437538090980,558971,1,0
1437538091980,558971,1,0
1437538092981,558971,1,0
1437538093981,558971,1,0
1437538094981,558971,1,0
1437538095981,558971,1,0
1437538096981,558971,1,0
1437538097981,558971,1,0
1437538098981,558971,1,0
1437538099982,558971,1,0
1437538100981,558971,1,0
1437538101981,558971,1,0
1437538102982,558971,1,0
