Linux 3.11.0-15-generic (client-HVM-domU) 	04/01/2015

07:25:03 PM kbmemfree kbmemused  %memused kbbuffers  kbcached kbswpfree kbswpused  %swpused  kbswpcad
07:25:04 PM    352808   5495504     93.97      3156     36184     42808   1002692     95.91    293728
07:25:05 PM    342388   5505924     94.15      3172     36552     43424   1002076     95.85    295180
07:25:07 PM    337884   5510428     94.22      3188     36572     44720   1000780     95.72    298008
07:25:08 PM    329628   5518684     94.36      3204     37168     46380    999120     95.56    301760
07:25:09 PM    322652   5525660     94.48      3220     37096     47944    997556     95.41    304996
07:25:10 PM    317864   5530448     94.56      3236     37524     49000    996500     95.31    307392
07:25:11 PM    310360   5537952     94.69      3252     37388     50236    995264     95.20    310556
07:25:12 PM    300440   5547872     94.86      3268     37792     51932    993568     95.03    314428
07:25:13 PM    285952   5562360     95.11      3284     38092     53744    991756     94.86    318588
07:25:14 PM    277520   5570792     95.25      3300     38088     56124    989376     94.63    323580
07:25:15 PM    270240   5578072     95.38      3316     38540     58232    987268     94.43    328316
07:25:16 PM    259060   5589252     95.57      3324     38708     60304    985196     94.23    335028
07:25:17 PM    246916   5601396     95.78      3332     39224     62760    982740     94.00    341024
07:25:18 PM    236984   5611328     95.95      3340     39308     64944    980556     93.79    345684
07:25:20 PM    216380   5631932     96.30      3348     40148     70748    974752     93.23    357436
07:25:22 PM    185320   5662992     96.83      3364     41404     78744    966756     92.47    371388
07:25:25 PM    154320   5693992     97.36      3376     42300     88312    957188     91.55    386812
07:25:30 PM    100272   5748040     98.29      3364     43284    106080    939420     89.85    408396
07:28:11 PM    198940   5649372     96.60      1688     30580     67944    977556     93.50    342088
07:29:50 PM     90136   5758176     98.46      1252     29004     56840    988660     94.56    332800
07:30:30 PM    103944   5744368     98.22      1272     30216     42128   1003372     95.97    267624
07:30:50 PM     97928   5750384     98.33      1284     30724     42704   1002796     95.92    238076
07:31:16 PM    120244   5728068     97.94      1244     33240     46636    998864     95.54    167872
07:31:51 PM    140312   5708000     97.60       196     33932     36580   1008920     96.50    146168
07:34:28 PM    292252   5556060     95.00       400     24176         8   1045492    100.00     42948
07:34:29 PM    297888   5550424     94.91       560     27352       164   1045336     99.98     44172
Average:       238024   5610288     95.93      2575     35946     52671    992829     94.96    289386
