1.76
4.00
1.50
2.26
3.01
3.75
5.00
3.76
4.01
5.00
6.03
2.27
4.01
8.31
26.02
26.01
26.45
26.95
26.38
27.07
28.61
30.81
27.09
28.17
27.71
27.09
27.48
29.67
28.43
29.04
30.63
25.89
39.13
57.58
64.71
61.38
75.95
79.04
92.58
87.24
84.65
99.75
98.72
97.94
98.47
97.42
96.66
93.04
91.09
94.67
100.00
99.74
89.69
97.67
99.23
100.00
98.70
99.74
98.46
100.00
100.00
98.72
99.74
89.18
94.43
76.15
72.16
67.09
49.74
60.46
37.28
20.41
19.34
21.50
18.41
19.29
19.39
17.35
16.75
17.14
19.69
18.32
17.18
17.62
20.66
23.54
19.44
20.82
18.09
19.34
17.44
22.76
21.68
20.26
19.19
19.85
17.56
25.51
20.10
19.69
23.04
20.57
19.90
22.90
22.45
16.75
19.80
19.14
19.44
18.56
19.54
19.24
19.75
20.72
18.27
16.84
17.18
20.00
17.78
26.99
20.51
19.75
19.13
25.63
23.47
18.97
19.74
16.54
16.46
15.94
20.46
21.59
19.54
18.32
18.58
15.05
16.49
16.07
18.25
16.67
20.77
15.35
18.35
17.69
15.90
19.02
18.67
21.17
19.44
17.22
19.08
20.51
16.07
17.83
21.04
19.80
20.00
20.81
21.57
20.05
15.90
21.41
18.11
20.15
22.70
21.43
18.77
20.81
21.37
19.54
20.77
22.25
17.74
19.85
20.97
20.20
21.23
21.65
19.44
19.90
16.11
18.77
19.85
19.75
25.64
17.88
19.29
18.58
17.14
19.13
20.57
20.16
18.78
16.37
20.51
25.69
20.15
15.86
18.58
14.21
20.67
17.44
21.01
16.37
21.43
18.58
17.63
21.37
19.90
17.26
21.88
10.86
17.72
18.04
21.48
17.95
13.20
19.64
17.14
16.67
20.00
19.34
18.83
18.67
20.20
21.83
21.13
21.12
20.71
22.28
19.59
18.62
20.77
18.60
20.46
18.11
18.46
19.02
18.56
19.40
18.32
17.44
19.23
18.16
19.23
20.51
17.47
16.71
16.88
16.41
16.92
17.60
22.96
21.65
17.34
16.50
17.01
16.92
16.54
18.04
18.97
16.71
20.00
16.24
18.02
17.65
19.39
18.67
18.41
21.27
24.68
23.71
22.16
17.74
20.25
19.74
17.44
19.80
19.95
18.27
17.18
20.45
18.94
11.39
16.75
16.07
18.97
17.51
16.46
18.27
17.18
18.39
16.67
17.22
17.56
11.39
16.46
15.23
19.80
19.02
20.65
21.94
17.25
19.64
18.46
20.41
20.10
21.03
19.13
19.07
18.25
16.07
24.11
17.78
23.08
18.56
15.72
17.01
15.78
17.56
18.96
15.05
19.23
16.24
19.79
15.56
16.58
19.74
14.80
16.15
17.34
15.82
17.60
8.08
12.82
15.01
13.27
13.55
11.68
14.07
13.23
12.88
12.63
11.56
11.54
11.36
6.82
11.11
9.39
11.48
11.84
8.40
8.82
7.07
8.14
7.30
7.30
6.28
3.77
8.25
5.26
4.56
5.01
3.52
3.25
4.28
4.01
3.27
4.26
3.26
5.50
3.01
3.02
3.51
2.51
3.50
2.26
3.52
2.26
1.50
2.01
2.01
1.75
1.75
2.00
0.75
1.00
1.25
1.50
1.00
1.25
1.50
1.50
1.25
2.24
1.25
1.75
7.77
