5.08
5.11
5.13
5.18
5.28
5.49
5.71
5.92
6.13
6.36
6.59
6.62
6.66
6.70
6.75
6.83
6.90
6.98
7.06
7.22
7.51
7.85
7.96
8.09
8.22
8.33
8.47
8.63
8.80
8.97
9.14
9.22
9.28
9.37
10.49
11.21
11.55
11.91
12.38
12.83
13.37
13.61
13.83
13.98
14.12
14.24
14.42
14.58
14.80
14.99
15.11
15.28
15.39
15.53
15.62
15.69
15.81
15.90
16.03
16.10
16.16
16.24
16.34
16.44
16.62
16.87
17.37
17.89
17.97
18.05
18.11
18.15
18.17
18.25
18.27
18.30
18.31
18.32
18.32
18.32
18.33
18.33
18.32
18.33
18.32
18.32
18.31
18.31
18.30
18.29
18.29
18.28
18.27
18.27
18.26
18.25
18.25
18.26
18.30
18.30
18.29
18.28
18.28
18.27
18.25
18.24
18.25
18.26
18.29
18.29
18.29
18.29
18.29
18.28
18.27
18.26
18.25
18.24
18.24
18.23
18.24
18.27
18.32
18.44
18.65
18.66
18.66
18.65
18.65
18.64
18.63
18.62
18.61
18.60
18.60
18.58
18.57
18.56
18.55
18.54
18.53
18.52
18.51
18.49
18.48
18.47
18.46
18.45
18.44
18.43
18.41
18.40
18.39
18.38
18.36
18.36
18.39
18.44
18.54
18.57
18.57
18.56
18.57
18.56
18.55
18.54
18.53
18.55
18.57
18.63
18.73
18.73
18.73
18.75
18.78
18.84
18.84
18.84
18.84
18.83
18.81
18.80
18.80
18.79
18.77
18.76
18.75
18.74
18.73
18.72
18.70
18.69
18.70
18.70
18.69
18.70
18.70
18.70
18.70
18.68
18.67
18.66
18.65
18.63
18.62
18.61
18.59
18.59
18.60
18.60
18.61
18.63
18.68
18.69
18.70
18.70
18.69
18.68
18.67
18.65
18.65
18.65
18.64
18.66
18.69
18.73
18.84
18.95
19.08
19.08
19.06
19.05
19.05
19.04
19.03
19.02
19.01
19.01
18.99
18.98
18.97
18.96
18.96
18.94
18.93
18.92
18.90
18.89
18.88
18.87
18.85
18.84
18.82
18.81
18.80
18.78
18.78
18.76
18.75
18.74
18.73
18.71
18.70
18.68
18.68
18.67
18.66
18.64
18.64
18.65
18.68
18.72
18.82
18.83
18.82
18.82
18.80
18.79
18.79
18.78
18.77
18.76
18.74
18.74
18.72
18.71
18.70
18.68
18.67
18.65
18.64
18.63
18.61
18.60
18.58
18.57
18.56
18.55
18.55
18.58
18.63
18.74
18.96
18.97
18.96
18.95
18.94
18.93
18.92
18.91
18.90
18.89
18.88
18.87
18.85
18.84
18.83
18.82
18.81
18.79
18.78
18.76
18.75
18.73
18.72
18.71
18.70
18.69
18.67
18.66
18.65
18.63
18.61
18.60
18.59
18.57
18.55
18.54
18.53
18.51
18.50
18.48
18.47
18.46
18.44
18.43
18.41
18.40
18.38
18.36
18.35
18.34
18.32
18.31
18.29
18.27
18.26
18.25
18.23
18.22
18.20
18.19
18.17
18.16
18.14
18.13
18.11
18.10
18.08
18.07
18.05
18.04
18.02
18.01
17.99
17.98
17.96
17.95
17.93
17.92
17.91
17.89
17.87
17.86
17.84
17.83
17.81
17.80
17.79
17.77
17.76
17.74
17.72
17.71
17.69
17.68
17.66
17.65
