4.26
1.26
2.50
2.26
4.99
4.03
4.28
4.25
5.22
4.53
6.25
8.08
3.99
5.04
27.96
26.72
27.32
26.52
27.20
26.77
27.82
29.55
28.43
28.32
29.11
28.07
44.16
32.40
40.71
41.62
32.40
45.73
47.84
41.56
44.30
57.99
75.51
79.03
87.56
89.87
72.75
85.39
93.80
87.69
97.94
88.78
95.91
96.43
98.20
99.74
99.49
100.00
100.00
99.74
100.00
98.96
99.49
100.00
98.97
99.74
98.97
100.00
99.74
100.00
98.45
100.00
100.00
98.72
89.26
72.70
66.32
68.84
72.19
50.39
24.62
19.18
20.20
18.83
17.60
22.05
18.51
20.76
18.62
22.96
19.29
19.69
20.88
22.14
27.55
19.59
19.49
20.57
19.44
17.60
23.04
19.54
15.74
18.16
22.08
11.59
18.88
17.05
20.46
18.78
18.13
18.11
16.46
10.63
21.43
18.62
18.62
16.97
19.34
24.68
15.23
18.41
10.35
19.54
20.61
16.45
16.92
18.51
14.94
17.35
21.72
21.43
19.59
18.39
17.18
14.03
19.13
16.71
18.97
22.56
20.36
16.79
11.59
15.90
22.19
22.62
19.23
18.11
17.35
18.72
21.23
15.82
16.11
15.01
20.05
17.13
19.02
17.04
17.39
17.31
19.75
21.48
21.83
11.28
20.25
22.22
17.51
21.94
17.51
15.38
17.69
20.92
24.05
14.62
19.02
19.28
17.54
13.89
12.76
19.07
25.58
22.90
20.20
21.34
17.18
16.92
22.31
18.43
18.32
13.01
17.05
20.73
15.19
18.83
20.87
20.67
16.46
23.21
17.69
16.54
17.51
21.39
17.88
20.05
22.90
13.28
19.44
19.02
18.37
19.79
20.77
20.41
21.57
12.24
21.34
16.75
19.34
17.69
17.09
18.78
18.41
15.56
18.11
18.41
20.81
15.25
20.00
22.42
18.37
20.93
17.44
19.90
19.85
19.90
22.08
15.38
18.21
23.21
13.42
19.95
14.40
18.67
17.95
17.09
19.07
18.81
19.70
15.72
17.74
19.34
24.04
18.58
18.67
15.95
19.49
16.41
16.28
16.33
21.59
16.71
18.67
14.39
20.05
19.28
17.74
18.02
19.13
15.74
16.92
16.03
16.41
18.41
18.67
18.97
17.35
16.12
16.33
15.09
18.88
15.19
16.45
18.62
17.18
15.42
16.97
14.76
17.81
14.47
18.73
17.05
16.67
16.20
18.11
14.58
18.27
15.01
13.08
19.49
17.69
14.50
25.83
21.43
16.71
18.78
20.10
13.92
13.10
13.74
17.42
17.50
18.97
22.34
19.18
22.34
17.17
16.41
20.05
13.04
17.60
16.04
15.86
19.95
14.50
16.54
18.93
15.66
14.87
19.69
18.58
16.54
13.04
15.48
14.43
14.65
14.14
14.50
14.21
12.56
15.01
13.71
11.99
11.99
12.72
13.13
10.91
10.97
10.58
12.89
10.03
11.06
11.48
10.50
12.09
8.88
8.12
8.18
11.59
7.36
7.50
6.63
6.00
6.30
5.50
4.76
5.04
6.03
4.51
3.27
6.27
4.52
4.58
4.52
3.51
2.74
2.53
4.76
5.51
4.26
3.99
3.26
2.53
3.25
3.01
5.01
2.26
2.51
2.75
3.27
2.26
2.49
2.51
2.51
1.75
1.75
1.50
1.26
1.50
1.50
1.25
1.25
1.50
1.25
1.75
1.50
1.25
2.00
