7.78
7.82
7.91
8.08
8.43
8.79
9.17
9.52
9.90
10.29
10.67
11.08
11.14
11.27
11.37
11.54
11.69
11.85
12.20
12.34
12.78
13.37
13.60
13.86
14.19
14.50
14.85
15.04
15.32
15.67
15.96
16.16
16.32
16.54
16.74
17.13
17.99
19.29
20.29
21.09
21.34
21.70
21.93
22.13
22.40
22.57
22.75
22.94
23.14
23.33
23.46
23.60
23.71
23.86
23.98
24.14
24.42
24.54
24.67
24.82
25.02
25.30
25.42
25.54
25.68
25.85
26.13
26.61
27.52
28.33
28.88
29.27
30.18
30.27
30.33
30.41
30.43
30.41
30.44
30.51
30.52
30.55
30.56
30.56
30.56
30.56
30.55
30.55
30.56
30.57
30.56
30.55
30.55
30.55
30.55
30.53
30.52
30.50
30.49
30.48
30.45
30.44
30.42
30.41
30.40
30.37
30.35
30.34
30.31
30.29
30.28
30.26
30.24
30.23
30.21
30.19
30.17
30.16
30.14
30.12
30.10
30.07
30.07
30.05
30.05
30.02
30.00
30.01
29.99
29.97
29.95
29.93
29.91
29.89
29.87
29.86
29.84
29.84
29.84
29.85
29.86
29.85
29.82
29.80
29.82
29.85
29.93
29.92
29.91
29.90
29.88
29.86
29.84
29.83
29.82
29.80
29.81
29.85
29.93
30.08
30.45
30.48
30.48
30.50
30.51
30.49
30.49
30.51
30.53
30.54
30.58
30.67
30.85
30.84
30.85
30.85
30.84
30.83
30.81
30.80
30.79
30.77
30.76
30.74
30.72
30.70
30.68
30.66
30.64
30.64
30.62
30.60
30.57
30.55
30.52
30.50
30.48
30.45
30.47
30.45
30.42
30.40
30.40
30.38
30.36
30.34
30.32
30.29
30.27
30.28
30.29
30.29
30.31
30.32
30.33
30.36
30.37
30.35
30.33
30.30
30.28
30.26
30.27
30.25
30.25
30.27
30.30
30.40
30.56
30.58
30.58
30.58
30.58
30.57
30.56
30.55
30.54
30.52
30.50
30.48
30.46
30.44
30.41
30.39
30.36
30.34
30.32
30.30
30.28
30.25
30.25
30.23
30.21
30.19
30.18
30.14
30.12
30.09
30.07
30.05
30.06
30.06
30.07
30.10
30.18
30.32
30.67
30.70
30.70
30.69
30.68
30.68
30.66
30.66
30.65
30.65
30.63
30.61
30.59
30.56
30.54
30.52
30.50
30.48
30.46
30.45
30.42
30.39
30.37
30.35
30.33
30.31
30.29
30.26
30.26
30.23
30.23
30.23
30.24
30.25
30.27
30.31
30.40
30.53
30.55
30.56
30.56
30.55
30.54
30.51
30.50
30.50
30.49
30.47
30.44
30.43
30.41
30.38
30.36
30.34
30.31
30.29
30.27
30.25
30.22
30.20
30.17
30.15
30.13
30.10
30.08
30.10
30.03
30.01
29.98
29.96
29.98
29.96
29.91
29.88
29.84
29.83
29.80
29.77
29.75
29.73
29.70
29.68
29.65
29.63
29.60
29.58
29.55
29.52
29.50
29.47
29.44
29.41
29.38
29.36
29.34
29.32
29.29
29.27
29.25
29.22
29.20
29.17
29.14
29.11
29.09
29.07
29.04
29.02
28.99
28.96
28.94
28.91
28.89
28.87
28.84
28.81
28.79
28.76
28.74
28.72
28.69
28.67
28.65
28.62
28.60
28.57
28.54
28.52
28.49
28.47
28.44
28.41
28.39
28.36
