36.68
16.07
14.14
11.42
16.76
19.54
16.80
23.53
49.47
27.49
23.29
20.98
26.11
27.72
30.15
29.92
28.76
42.78
28.90
24.22
33.33
28.53
32.82
31.52
32.90
34.81
38.76
37.89
39.38
43.83
38.24
42.49
42.97
42.27
46.39
43.62
42.64
42.27
48.07
48.05
53.71
52.60
50.13
47.55
53.66
59.13
55.87
60.88
59.39
59.23
60.15
57.40
64.18
60.97
54.08
67.53
59.69
66.41
62.60
64.96
63.31
69.92
63.59
59.53
65.52
63.66
61.58
59.02
63.90
60.57
56.36
60.26
63.24
61.34
62.37
57.55
65.10
58.01
61.58
61.50
62.98
66.41
61.80
62.47
57.14
58.58
56.92
61.90
64.08
59.47
56.84
62.50
59.59
57.85
57.94
67.63
55.24
56.54
61.36
60.52
60.58
60.15
57.54
61.79
64.21
65.14
55.84
59.33
57.04
66.67
60.87
63.43
59.69
62.63
57.47
58.61
61.32
58.00
60.71
55.47
56.96
56.09
57.22
57.73
61.99
60.77
60.71
58.10
64.08
58.61
63.82
58.90
62.24
62.97
55.90
58.53
54.06
61.42
59.84
63.05
60.41
56.40
57.29
50.80
63.71
57.18
57.62
56.92
64.12
62.21
60.31
57.55
54.97
58.85
57.36
62.09
60.05
56.89
57.47
57.91
57.58
62.25
59.85
56.41
68.45
57.29
61.54
53.09
55.12
62.34
55.47
58.75
58.10
65.80
60.00
57.78
59.06
58.55
51.33
60.88
60.31
54.92
57.33
59.44
62.27
60.31
58.67
53.79
57.99
58.85
54.26
53.77
57.95
59.79
56.63
58.93
58.02
61.20
51.80
56.44
58.97
60.05
58.22
61.54
56.74
57.85
57.18
54.52
55.75
54.48
54.81
58.16
59.18
58.25
63.82
52.70
56.09
49.35
52.42
56.59
52.62
59.08
54.45
49.61
56.41
60.81
55.67
58.25
52.36
53.04
55.42
54.68
51.63
57.54
50.66
58.61
48.59
52.82
51.44
53.30
57.00
50.64
52.49
52.23
50.39
53.85
52.74
56.99
66.24
52.94
58.55
56.88
54.90
54.68
51.70
52.45
52.49
49.74
53.32
50.78
49.10
56.81
49.61
52.38
56.99
51.82
54.33
46.34
53.98
51.39
48.53
50.39
50.78
51.19
53.23
53.79
54.06
50.63
53.67
51.75
55.31
57.68
53.09
54.15
48.59
50.00
57.92
55.84
54.43
53.03
51.04
56.43
54.87
56.19
55.24
53.83
54.99
54.12
51.93
55.95
51.80
53.61
55.50
56.60
52.09
51.43
57.07
56.49
55.33
49.09
53.23
56.46
53.47
49.23
54.73
47.95
48.98
45.55
41.60
42.60
38.93
38.32
32.82
33.59
26.53
26.26
25.95
22.28
20.82
25.65
16.06
16.02
15.52
12.60
9.67
11.68
8.46
6.91
5.61
2.01
1.51
1.50
1.25
1.75
0.75
1.50
0.75
1.50
1.00
1.00
1.25
1.25
1.25
1.25
1.00
1.25
1.25
0.75
0.75
1.99
1.25
1.50
1.00
1.00
1.50
1.25
1.25
1.25
1.25
2.75
1.99
1.51
2.49
2.01
2.24
1.75
0.75
1.25
1.25
1.25
1.25
1.26
1.50
1.75
1.50
1.50
1.50
1.50
1.75
1.75
1.50
1.50
1.75
1.01
1.99
1.25
1.01
1.00
2.24
2.01
