71.37
71.39
71.42
71.43
71.47
71.60
71.80
71.83
71.82
71.87
71.90
71.98
72.13
72.34
72.71
72.75
72.78
72.81
72.85
72.89
72.98
73.02
73.02
73.04
73.07
73.10
73.15
73.17
73.18
73.19
73.19
73.18
73.17
73.18
73.17
73.20
73.23
73.30
73.45
73.69
74.15
74.64
75.08
75.22
75.75
76.31
76.93
77.58
78.22
78.84
79.45
80.05
80.69
81.09
81.38
81.98
82.56
83.15
83.74
84.36
84.99
85.59
85.70
85.77
85.83
85.87
85.92
85.97
86.05
86.08
86.12
86.17
86.25
86.40
86.43
86.44
86.45
86.47
86.51
86.56
86.63
86.78
86.80
86.79
86.78
86.78
86.78
86.78
86.80
86.82
86.81
86.81
86.80
86.79
86.78
86.77
86.76
86.75
86.74
86.72
86.71
86.73
86.77
86.84
86.99
87.25
87.26
87.28
87.31
87.34
87.43
87.58
87.58
87.57
87.56
87.58
87.60
87.62
87.67
87.65
87.64
87.62
87.61
87.59
87.58
87.57
87.56
87.56
87.55
87.53
87.51
87.51
87.49
87.48
87.47
87.45
87.48
87.51
87.52
87.53
87.51
87.50
87.50
87.48
87.47
87.48
87.50
87.50
87.49
87.47
87.46
87.46
87.45
87.44
87.43
87.45
87.47
87.55
87.56
87.58
87.61
87.68
87.81
88.08
88.67
88.67
88.67
88.68
88.67
88.66
88.66
88.67
88.67
88.66
88.65
88.64
88.62
88.62
88.60
88.60
88.58
88.57
88.56
88.54
88.53
88.52
88.50
88.49
88.48
88.48
88.47
88.46
88.44
88.42
88.41
88.40
88.39
88.37
88.35
88.34
88.32
88.32
88.30
88.28
88.27
88.25
88.26
88.29
88.29
88.28
88.26
88.25
88.24
88.22
88.21
88.19
88.17
88.16
88.15
88.14
88.12
88.10
88.09
88.07
88.06
88.04
88.03
88.04
88.08
88.13
88.23
88.22
88.22
88.21
88.20
88.22
88.24
88.31
88.31
88.30
88.30
88.29
88.28
88.26
88.25
88.23
88.23
88.21
88.19
88.18
88.16
88.14
88.13
88.12
88.10
88.10
88.08
88.06
88.04
88.03
88.01
88.00
87.98
87.97
87.95
87.96
87.93
87.92
87.90
87.89
87.88
87.86
87.85
87.82
87.81
87.80
87.78
87.79
87.84
87.90
88.01
88.28
88.27
88.27
88.25
88.23
88.22
88.21
88.21
88.19
88.18
88.17
88.16
88.15
88.15
88.12
88.12
88.10
88.08
88.07
88.05
88.04
88.03
88.01
87.99
87.98
87.97
87.95
87.94
87.92
87.91
87.89
87.88
87.86
87.84
87.83
87.80
87.79
87.77
87.75
87.74
87.72
87.70
87.68
87.65
87.63
87.60
87.57
87.55
87.52
87.50
87.48
87.46
87.44
87.41
87.40
87.38
87.36
87.34
87.32
87.31
87.29
87.27
87.26
87.24
87.22
87.20
87.18
87.17
87.15
87.13
87.11
87.10
87.07
87.06
87.04
87.02
87.01
86.99
86.97
86.95
86.93
86.91
86.90
86.88
86.85
86.84
86.82
86.81
86.79
86.77
86.75
86.73
86.71
86.70
86.68
86.66
86.64
86.62
86.60
86.59
86.57
86.55
86.53
86.52
86.50
86.48
86.46
86.44
86.42
86.41
86.39
86.37
86.35
86.33
86.32
86.30
86.28
86.26
86.24
