12.05,1
12.125,1
12.125,1
12.35,1
20.9,1
35.775,1
36.1,1
30.34,2
31.1,2
30.5,2
30.3625,1
26.2625,1
31.28,1
33.35,2
34.3375,2
34.275,2
35.25,2
34.9125,2
34.625,3
25.875,3
29.858334,3
32.725,3
32.808334,2
32.633335,2
33.955555,2
36.85,2
36.775,2
27.791666,3
27.908333,3
27.933332,3
27.908333,3
27.8,2
27.916666,2
35.5375,2
35.5375,2
32.833332,3
33.875,3
34.108334,3
34.408333,3
33.916668,2
33.408333,2
30.244444,3
27.575,3
28.266666,3
28.3,2
28.308332,2
36.4875,2
36.4125,2
32.4,3
27.741667,3
27.691668,3
12.2,3
29.227272,3
27.991667,2
28.05,2
32.07143,4
20.264706,5
21.51,5
21.545,5
21.58,4
21.835,3
28.5875,2
30.553846,2
36.825,2
28.733334,3
27.783333,3
31.183332,3
25.5,4
24.55,4
24.6875,3
24.8,2
30.733334,2
33.533333,1
31.45,1
30.46,1
36.05,1
33.9,3
27.8,5
25.44,5
25.43,5
24.935,4
21.525,3
23.158823,2
27.6,1
31.366667,1
36.55,1
36.2,1
32.425,2
27.833334,3
23.683332,3
23.725,2
23.866667,1
26.61111,1
35.95,1
35.1,2
35.5375,2
35.6125,2
35.8,2
35.9625,2
35.95,2
32.355556,3
32.125,3
31.627274,3
32.475,2
31.666666,1
33.05,1
33.7,1
36.0,1
26.68,3
20.191668,4
19.672222,9
18.572222,10
18.1725,9
18.765,8
19.788889,7
21.028126,6
21.731035,5
24.154167,4
26.705,3
33.2125,2
34.0,1
32.1625,1
33.04,2
24.0875,2
31.525,2
31.9625,2
31.4875,2
31.4375,1
29.475,1
25.075,1
22.155556,3
22.5125,5
21.490477,5
18.684376,6
19.12,5
20.970833,4
22.485714,3
26.20625,2
28.62143,2
35.975,2
35.914288,2
35.825,2
35.8375,2
36.65,2
36.7375,2
36.725,2
36.7375,2
36.675,2
36.7625,3
28.0,3
28.0,3
28.05,2
28.158333,2
36.35,2
36.0625,2
35.9875,2
36.05,2
36.1,2
36.025,2
35.85,2
36.0375,2
35.925,2
36.2125,2
37.0125,2
37.0375,2
37.0625,2
37.0375,2
36.975,2
36.7,2
36.6625,2
36.8125,2
36.825,2
36.7625,2
36.725,2
36.825,2
36.95,2
36.8375,2
37.075,2
36.925,2
36.925,2
37.1375,2
37.225,2
37.025,2
37.0625,2
37.2375,2
37.028572,2
37.125,2
37.125,2
37.05,2
37.15,2
37.1875,2
37.4875,2
37.375,2
37.425,2
37.275,2
30.6625,3
31.433332,3
33.491665,3
33.75,3
33.733334,3
33.316666,3
29.825,3
29.35,2
29.491667,2
34.08889,2
36.4625,2
36.475,2
31.0125,3
27.725,3
27.925,3
27.916666,3
27.95,2
27.245455,2
35.5875,2
35.8,2
35.7125,2
35.8,2
35.9125,2
35.7625,2
35.875,2
35.95,2
31.4625,3
32.833332,3
33.633335,3
34.075,3
33.783333,3
33.533333,3
31.858334,3
31.241667,3
31.441668,3
31.841667,2
30.125,2
33.875,2
36.4625,2
36.6125,2
36.475,2
36.4,2
36.3625,2
36.3,2
36.4875,2
36.4875,2
29.066668,3
25.133333,3
24.291666,3
24.416666,3
24.325,2
24.575,1
26.5625,1
32.16,1
36.075,1
36.1,1
30.925,1
34.3,1
34.925,1
34.85,1
35.75,1
30.075,2
30.35,2
30.15,2
34.975,2
35.1375,2
35.375,2
35.375,2
36.275,2
36.425,2
36.0875,2
36.2625,2
36.1,2
36.1,2
36.0875,2
36.275,2
36.3125,2
36.25,2
36.4625,2
36.25,2
36.5125,2
36.6125,2
36.5125,2
36.2375,2
36.2625,2
36.4625,2
33.771427,2
33.4125,2
33.475,2
33.25,2
34.0375,2
33.4625,2
33.1875,2
32.7625,2
32.6,2
32.425,2
33.45,2
33.45,2
34.0,2
34.475,2
35.225,2
35.2625,2
35.1625,2
35.1875,2
35.425,2
35.7875,2
36.125,2
36.1875,2
36.6125,2
36.5625,2
36.5375,2
36.4375,2
36.275,2
36.375,2
36.0875,2
36.2625,2
36.2125,2
36.15,2
36.3375,2
36.25,2
36.4,2
36.5375,2
36.45,2
36.4,2
36.45,2
36.325,2
35.6875,2
35.7,2
35.7625,2
35.2375,2
35.2625,2
35.4125,2
35.2625,2
35.2375,2
35.4,2
35.4625,2
35.275,2
35.3125,2
35.6,2
35.8125,2
35.8,2
35.7375,2
35.7875,2
35.825,2
35.875,2
36.05,2
36.1625,2
36.125,2
36.625,2
36.8,2
36.525,2
36.55,2
36.475,2
36.475,2
36.3875,2
36.425,2
36.4375,2
36.575,2
36.7125,2
36.6125,2
37.125,2
37.1125,2
37.5,2
37.6875,2
37.275,2
37.6,2
37.6125,2
31.1,4
24.71875,4
24.7,4
21.975,5
21.9,5
21.79,5
21.71,5
21.82,5
21.715,5
21.905,5
21.96,5
22.18,5
22.62,5
22.61,5
22.815,5
22.61,5
35.7,5
22.605,5
23.91,5
24.745,5
27.02,5
27.695,5
27.695,5
27.675,5
27.545,5
25.955,5
25.53,5
25.17,5
25.355,5
25.14,5
24.785,5
26.785,5
27.51,5
27.255,5
27.52,5
27.62,5
27.66,5
27.6,5
27.34,5
22.875,5
22.725,5
22.685,5
22.76,5
22.77,5
22.695,5
22.88,5
22.795,5
22.695,5
22.62,5
15.31,5
14.32,5
14.32,5
14.325,5
14.36,5
14.355,5
14.345,5
14.255,5
14.26,5
14.26,5
14.265,5
14.26,5
14.275,5
14.33,5
14.29,5
14.29,5
14.3,5
14.265,5
14.24,5
14.265,5
14.275,5
14.245,5
