0.0,1
0.0,1
0.0,1
0.0,1
0.0,1
11.0,1
23.25,1
26.75,2
0.0,2
0.0,2
0.0,1
13.0,1
14.0,1
0.0,2
0.0,2
0.0,2
0.0,2
0.0,2
0.0,3
0.0,3
0.0,3
0.0,3
0.0,2
0.0,2
7.5,2
3.0,2
0.0,2
0.0,3
0.0,3
0.0,3
0.0,3
0.0,2
0.0,2
0.0,2
36.0,2
15.0,3
0.0,3
0.0,3
0.0,3
0.0,2
8.25,2
0.0,3
0.0,3
0.0,3
0.0,2
0.0,2
0.0,2
0.0,2
0.0,3
0.0,3
0.0,3
0.0,3
0.0,3
0.0,2
0.0,2
0.0,4
0.0,5
0.0,5
0.0,5
0.0,4
0.0,3
0.0,2
0.0,2
0.0,2
0.0,3
0.0,3
0.0,3
0.0,4
0.0,4
0.0,3
0.0,2
0.0,2
0.0,1
131.5,1
338.5,1
421.25,1
0.0,3
0.0,5
0.0,5
0.0,5
0.0,4
0.0,3
0.0,2
0.0,1
10.5,1
23.0,1
63.5,1
80.25,2
0.0,3
0.0,3
0.0,2
0.0,1
37.75,1
60.0,1
0.0,2
0.0,2
0.0,2
0.0,2
0.0,2
0.0,2
0.0,3
0.0,3
0.0,3
0.0,2
11.75,1
133.25,1
216.75,1
138.0,1
126.75,3
171.25,4
0.0,9
0.0,10
0.0,9
0.0,8
0.0,7
0.0,6
0.0,5
0.0,4
0.0,3
0.0,2
0.0,1
4.5,1
31.75,2
25.25,2
0.0,2
0.0,2
0.0,2
0.0,1
33.0,1
40.0,1
62.75,3
0.0,5
0.0,5
0.0,6
0.0,5
0.0,4
0.0,3
0.0,2
0.0,2
0.0,2
5.5,2
27.75,2
16.0,2
20.75,2
0.0,2
0.0,2
0.0,2
0.0,2
0.0,3
0.0,3
0.0,3
0.0,2
0.0,2
0.0,2
57.0,2
78.5,2
86.5,2
73.0,2
88.75,2
85.5,2
0.0,2
0.0,2
0.0,2
0.0,2
0.0,2
0.0,2
0.0,2
0.0,2
0.0,2
0.0,2
0.0,2
0.0,2
0.0,2
0.0,2
0.0,2
0.0,2
0.0,2
0.0,2
0.0,2
0.0,2
8.75,2
0.0,2
0.0,2
10.0,2
0.0,2
27.5,2
0.5,2
0.0,2
0.0,2
0.0,2
0.0,2
0.0,2
0.0,2
0.0,2
80.0,2
54.75,3
0.0,3
0.0,3
0.0,3
0.0,3
0.0,3
0.0,3
0.0,2
0.0,2
0.0,2
0.0,2
0.0,2
0.0,3
0.0,3
0.0,3
0.0,3
0.0,2
0.0,2
0.0,2
0.0,2
0.0,2
0.0,2
0.0,2
0.0,2
0.0,2
0.0,2
7.0,3
0.0,3
0.0,3
0.0,3
0.0,3
0.0,3
0.0,3
0.0,3
0.0,3
0.0,2
0.0,2
0.0,2
0.0,2
25.25,2
79.25,2
76.25,2
69.25,2
77.25,2
71.5,2
0.0,2
0.0,3
0.0,3
0.0,3
0.0,3
0.0,2
0.0,1
7.0,1
36.75,1
34.5,1
73.75,1
76.0,1
27.0,1
66.75,1
132.25,1
99.0,1
0.0,2
0.0,2
0.0,2
0.0,2
0.0,2
0.0,2
12.0,2
0.0,2
0.0,2
23.75,2
0.0,2
0.0,2
0.0,2
0.0,2
0.0,2
0.0,2
0.0,2
0.0,2
46.5,2
34.25,2
62.0,2
0.0,2
79.75,2
1.5,2
0.0,2
0.0,2
0.0,2
0.0,2
0.0,2
0.0,2
0.0,2
0.0,2
0.0,2
0.0,2
0.0,2
0.0,2
0.0,2
0.0,2
0.0,2
0.0,2
0.0,2
0.0,2
0.0,2
0.0,2
22.0,2
10.75,2
0.0,2
0.0,2
0.0,2
0.0,2
0.0,2
0.0,2
0.0,2
0.0,2
0.0,2
0.0,2
0.0,2
0.0,2
45.0,2
59.0,2
0.0,2
23.0,2
0.0,2
42.25,2
28.5,2
0.0,2
0.0,2
0.0,2
0.0,2
0.0,2
0.0,2
0.0,2
0.0,2
0.0,2
0.0,2
0.0,2
0.0,2
0.0,2
0.0,2
0.0,2
0.0,2
0.0,2
0.0,2
0.0,2
0.0,2
0.0,2
0.0,2
0.0,2
0.0,2
6.0,2
0.0,2
0.0,2
0.0,2
0.0,2
0.0,2
0.0,2
0.0,2
0.0,2
12.25,2
93.25,2
122.0,2
33.5,2
27.0,2
62.5,2
0.0,2
0.0,2
0.0,4
0.0,4
0.0,4
0.0,5
0.0,5
0.0,5
0.0,5
0.0,5
0.0,5
0.0,5
0.0,5
0.0,5
0.0,5
0.0,5
0.0,5
0.0,5
0.0,5
0.0,5
0.0,5
0.0,5
0.0,5
0.0,5
0.0,5
0.0,5
0.0,5
0.0,5
0.0,5
0.0,5
0.0,5
0.0,5
0.0,5
0.0,5
0.0,5
0.0,5
0.0,5
0.0,5
0.0,5
0.0,5
0.0,5
0.0,5
0.0,5
0.0,5
0.0,5
0.0,5
0.0,5
0.0,5
0.0,5
0.0,5
0.0,5
0.0,5
0.0,5
0.0,5
0.0,5
0.0,5
0.0,5
0.0,5
0.0,5
0.0,5
0.0,5
0.0,5
0.0,5
0.0,5
0.0,5
0.0,5
0.0,5
0.0,5
0.0,5
0.0,5
0.0,5
0.0,5
0.0,5
