53.23
57.48
17.05
22.19
23.10
16.77
36.36
43.52
27.85
64.77
31.87
29.37
24.45
33.33
47.55
36.05
39.89
42.11
56.50
41.86
46.04
50.39
54.73
56.05
54.33
63.05
63.99
64.66
60.68
69.67
69.77
69.29
69.33
73.48
80.35
81.19
75.00
76.94
74.29
75.13
79.95
83.17
87.25
90.75
82.05
80.96
86.87
84.92
98.01
100.00
100.00
100.00
100.00
100.00
99.75
100.00
75.63
93.26
91.56
95.14
99.50
98.74
100.00
99.75
88.30
95.97
98.50
95.23
96.98
99.75
100.00
100.00
100.00
100.00
100.00
100.00
100.00
100.00
100.00
100.00
100.00
100.00
100.00
100.00
98.75
81.59
95.76
98.00
100.00
100.00
100.00
100.00
100.00
100.00
100.00
100.00
100.00
100.00
100.00
100.00
100.00
99.75
88.61
84.36
54.59
88.04
100.00
100.00
100.00
99.75
100.00
100.00
100.00
100.00
100.00
100.00
100.00
100.00
100.00
100.00
100.00
100.00
100.00
100.00
100.00
99.25
87.40
90.95
92.11
80.36
99.75
99.50
100.00
100.00
100.00
100.00
100.00
100.00
100.00
100.00
100.00
100.00
100.00
100.00
99.50
98.25
77.12
85.06
98.24
99.50
100.00
100.00
100.00
100.00
100.00
100.00
100.00
100.00
100.00
100.00
100.00
100.00
100.00
100.00
100.00
95.18
76.82
97.49
100.00
100.00
100.00
100.00
99.50
100.00
100.00
100.00
100.00
100.00
100.00
100.00
100.00
100.00
100.00
94.71
86.80
89.80
91.71
100.00
100.00
100.00
100.00
100.00
100.00
100.00
100.00
100.00
100.00
100.00
100.00
100.00
100.00
99.24
96.40
61.97
99.25
100.00
100.00
100.00
100.00
100.00
100.00
100.00
100.00
100.00
100.00
100.00
99.75
100.00
100.00
100.00
100.00
100.00
100.00
100.00
100.00
100.00
97.24
93.97
96.98
91.35
100.00
100.00
100.00
100.00
100.00
100.00
100.00
100.00
100.00
100.00
100.00
99.50
100.00
100.00
100.00
100.00
100.00
100.00
100.00
100.00
100.00
100.00
100.00
100.00
100.00
100.00
99.75
93.61
51.58
84.65
92.17
99.75
100.00
100.00
100.00
100.00
100.00
100.00
100.00
100.00
100.00
100.00
100.00
100.00
100.00
100.00
99.50
81.89
87.50
94.96
100.00
100.00
100.00
100.00
100.00
100.00
100.00
100.00
100.00
100.00
100.00
100.00
100.00
100.00
100.00
100.00
100.00
100.00
100.00
100.00
100.00
100.00
100.00
100.00
100.00
100.00
100.00
100.00
100.00
100.00
100.00
100.00
100.00
100.00
100.00
100.00
100.00
100.00
100.00
100.00
100.00
100.00
100.00
100.00
100.00
100.00
95.95
100.00
96.39
96.98
87.34
100.00
95.44
100.00
96.71
100.00
100.00
100.00
99.77
91.93
98.46
92.23
96.74
100.00
100.00
99.50
100.00
88.94
92.40
100.00
100.00
100.00
100.00
100.00
100.00
100.00
100.00
98.47
94.67
81.36
35.28
39.10
