95.11
95.15
95.15
95.15
95.17
95.21
95.23
95.31
95.31
95.30
95.31
95.33
95.35
95.40
95.52
95.53
95.55
95.57
95.56
95.57
95.57
95.59
95.59
95.59
95.58
95.57
95.58
95.57
95.55
95.55
95.54
95.53
95.53
95.52
95.52
95.50
95.50
95.52
95.54
95.60
95.71
95.93
96.33
96.75
97.17
97.50
97.81
98.16
98.62
98.58
98.62
98.60
98.60
98.61
98.61
98.49
98.00
98.05
98.17
98.40
98.41
98.39
98.44
98.36
98.49
98.39
98.43
98.31
98.45
98.48
98.43
98.43
98.45
98.50
98.55
98.62
98.46
98.45
98.42
98.41
98.39
98.36
98.32
98.36
98.36
98.50
98.73
98.49
98.73
98.57
98.58
98.45
98.49
98.47
98.31
98.29
98.27
98.28
98.29
98.31
98.35
98.35
98.34
98.41
98.53
98.43
98.49
98.46
98.36
98.44
98.46
98.53
98.45
98.44
98.48
98.49
98.44
98.44
98.43
98.44
98.16
98.17
98.22
98.27
98.23
98.15
98.17
98.21
98.27
98.39
98.42
98.51
98.49
98.47
98.17
98.20
98.13
98.16
98.10
98.14
98.21
98.22
98.19
98.16
98.21
98.24
98.28
98.35
98.48
98.39
98.58
98.60
98.55
98.37
98.33
98.34
98.42
98.44
98.46
98.47
98.51
98.43
98.39
98.36
98.38
98.37
98.47
98.57
98.56
98.46
98.41
98.41
98.38
98.43
98.47
98.48
98.47
98.48
98.48
98.39
98.38
98.37
98.28
98.28
98.33
98.39
98.52
98.71
98.69
98.69
98.60
98.39
98.40
98.44
98.46
98.47
98.50
98.58
98.63
98.50
98.45
98.44
98.38
98.42
98.46
98.53
98.53
98.45
98.55
98.48
98.47
98.44
98.46
98.51
98.49
98.50
98.52
98.51
98.36
98.41
98.40
98.36
98.37
98.40
98.43
98.41
98.41
98.44
98.52
98.58
98.41
98.54
98.40
98.45
98.45
98.46
98.46
98.54
98.41
98.42
98.48
98.54
98.51
98.47
98.50
98.41
98.44
98.46
98.43
98.45
98.47
98.53
98.42
98.43
98.44
98.42
98.33
98.27
98.31
98.33
98.41
98.52
98.46
98.49
98.45
98.35
98.32
98.21
98.26
98.31
98.31
98.32
98.36
98.34
98.30
98.33
98.38
98.40
98.46
98.49
98.40
98.44
98.45
98.49
98.54
98.56
98.54
98.51
98.42
98.36
98.28
98.28
98.27
98.31
98.38
98.51
98.40
98.52
98.53
98.46
98.41
98.45
98.52
98.58
98.50
98.58
98.69
98.55
98.65
98.72
98.61
98.46
98.35
98.37
98.43
98.51
98.53
98.74
98.55
98.49
98.60
98.50
98.38
98.60
98.47
98.49
98.42
98.51
98.61
98.55
98.73
98.62
98.58
98.47
98.37
98.74
98.73
98.71
98.75
98.72
98.72
98.73
98.71
98.73
98.71
98.72
98.71
98.07
90.44
90.70
93.34
93.87
93.99
94.28
94.53
94.77
95.14
95.26
95.48
95.21
95.40
96.01
