Linux 3.11.0-15-generic (client-HVM-domU) 	04/22/2015

08:03:21 PM kbmemfree kbmemused  %memused kbbuffers  kbcached kbswpfree kbswpused  %swpused  kbswpcad
08:03:22 PM     88432   4727688     98.16       360      7496         0   1045500    100.00     11608
08:03:23 PM     88820   4727300     98.16       168      8172         4   1045496    100.00     11268
08:03:24 PM     87116   4729004     98.19       320      7700         0   1045500    100.00     11080
08:03:25 PM     90560   4725560     98.12       280      5536         0   1045500    100.00      8664
08:03:27 PM     90912   4725208     98.11       176      4448         0   1045500    100.00      8488
08:03:28 PM     91988   4724132     98.09       140      3240         0   1045500    100.00      8128
08:03:29 PM     92188   4723932     98.09       156      3692         0   1045500    100.00      7868
08:03:30 PM     87464   4728656     98.18       200      4772         0   1045500    100.00      7072
08:03:31 PM     87992   4728128     98.17       140      4608         0   1045500    100.00      6612
08:03:32 PM     88964   4727156     98.15       140      4880         0   1045500    100.00      5740
08:03:35 PM     86860   4729260     98.20       132      6172         0   1045500    100.00      5876
08:03:36 PM     87936   4728184     98.17       144      5124         4   1045496    100.00      5728
08:03:37 PM     87564   4728556     98.18       268      5312         4   1045496    100.00      5860
08:03:38 PM     86960   4729160     98.19       280      5348         0   1045500    100.00      5580
08:03:39 PM     87744   4728376     98.18       312      5688         0   1045500    100.00      4700
08:03:40 PM     88396   4727724     98.16       156      5848         0   1045500    100.00      4308
08:03:41 PM     88692   4727428     98.16       160      5064         0   1045500    100.00      4200
08:03:42 PM     93396   4722724     98.06       112      5936         0   1045500    100.00     13492
08:06:08 PM     90740   4725380     98.12       224     10976         8   1045492    100.00     17612
08:06:50 PM     90652   4725468     98.12       140     12116         0   1045500    100.00     14208
08:07:14 PM     99644   4716476     97.93       108      8576         0   1045500    100.00     13992
08:07:47 PM     88436   4727684     98.16       128      7716       516   1044984     99.95     31024
08:08:09 PM    102628   4713492     97.87       116      6648         0   1045500    100.00     21044
08:08:13 PM     99080   4717040     97.94       256      8136         0   1045500    100.00     21436
08:08:26 PM    112464   4703656     97.66       104      7072         0   1045500    100.00      7004
08:12:26 PM    112052   4704068     97.67       180      9828         0   1045500    100.00      6420
08:12:27 PM    111520   4704600     97.68       132      8664         0   1045500    100.00      7792
08:12:28 PM    110268   4705852     97.71       144      9216         0   1045500    100.00      8380
08:12:29 PM    112664   4703456     97.66       288      7220         0   1045500    100.00      9544
08:12:30 PM    114932   4701188     97.61       212      5672         0   1045500    100.00      8672
08:12:31 PM    112136   4703984     97.67       176      5336         0   1045500    100.00     11912
08:12:38 PM    107644   4708476     97.76       172      6532         0   1045500    100.00     11956
08:12:46 PM    109788   4706332     97.72       396      9952         0   1045500    100.00      8352
08:12:47 PM    108312   4707808     97.75       376     10004         0   1045500    100.00      9956
08:12:49 PM    110536   4705584     97.70       364      9396         0   1045500    100.00      9892
08:12:53 PM    115204   4700916     97.61       324      8444         0   1045500    100.00      6064
08:12:55 PM    114584   4701536     97.62       880      8644         0   1045500    100.00      6364
08:12:56 PM    115720   4700400     97.60       564      9400         0   1045500    100.00      5816
08:12:57 PM    115452   4700668     97.60      1176      9788         0   1045500    100.00      6168
08:12:58 PM    115108   4701012     97.61       932      8692         0   1045500    100.00      7432
08:12:59 PM    116312   4699808     97.58       644      7584         0   1045500    100.00      7052
08:13:00 PM    116968   4699152     97.57       592      7748         0   1045500    100.00      5756
08:13:01 PM    117688   4698432     97.56       180      7596         0   1045500    100.00      5196
08:13:04 PM    114612   4701508     97.62       564     11548         0   1045500    100.00      3368
08:13:05 PM    113156   4702964     97.65      1156     12528         0   1045500    100.00      3760
08:13:07 PM    117128   4698992     97.57       416      8872         0   1045500    100.00      4840
08:13:09 PM    119432   4696688     97.52       140      7172         0   1045500    100.00      4436
08:13:12 PM    117324   4698796     97.56       312      7960         0   1045500    100.00      4044
08:13:13 PM    116116   4700004     97.59       340      8980         0   1045500    100.00      3992
08:13:14 PM    117656   4698464     97.56       272      8064         0   1045500    100.00      4012
08:13:15 PM    116480   4699640     97.58       884      9512         0   1045500    100.00      3940
08:13:16 PM    119632   4696488     97.52       248      7440         0   1045500    100.00      3472
08:13:17 PM    119380   4696740     97.52       192      7696         0   1045500    100.00      3012
08:13:18 PM    118536   4697584     97.54       160      9032         0   1045500    100.00      2880
08:13:19 PM    118524   4697596     97.54       164      8408         0   1045500    100.00      3288
08:13:20 PM    112380   4703740     97.67       284      9628         0   1045500    100.00      3932
08:13:21 PM    114064   4702056     97.63       388      8176         0   1045500    100.00      4636
08:13:23 PM    111560   4704560     97.68       268      7924         0   1045500    100.00      6224
08:13:25 PM    111960   4704160     97.68       268      8644         0   1045500    100.00      5548
08:13:27 PM    111424   4704696     97.69       280      9508         0   1045500    100.00      4268
08:13:30 PM    112304   4703816     97.67       300      8716         0   1045500    100.00      4972
08:13:32 PM    105528   4710592     97.81       516      8232         0   1045500    100.00      5528
08:13:34 PM    105944   4710176     97.80       512      7708         0   1045500    100.00      5540
08:13:37 PM    107804   4708316     97.76       420     10288         0   1045500    100.00      4688
08:13:38 PM    115856   4700264     97.59       812      9180         0   1045500    100.00      4292
08:13:39 PM    113200   4702920     97.65       872     10760         0   1045500    100.00      4372
08:13:40 PM    114376   4701744     97.63       256     10648         0   1045500    100.00      4496
08:13:41 PM    113896   4702224     97.64       772     10976         0   1045500    100.00      4728
08:13:42 PM    115032   4701088     97.61       432     13452         0   1045500    100.00      4436
08:13:43 PM    120676   4695444     97.49       716     10788         0   1045500    100.00      4244
08:13:44 PM    111528   4704592     97.68       996     19132         0   1045500    100.00      4552
Average:       106029   4710091     97.80       358      8183         8   1045492    100.00      7420
