Linux 3.13.0-43-generic (Apollo) 	2015-07-23 	_x86_64_	(4 CPU)

01:53:17        CPU     %user     %nice   %system   %iowait    %steal     %idle
01:53:18        all      0.00      0.00      0.00      0.00      0.00    100.00
01:53:19        all      0.00      0.00      0.00      0.00      0.00    100.00
01:53:20        all      1.75      0.00      0.50      0.00      0.00     97.74
01:53:21        all      0.00      0.00      0.25      0.00      0.00     99.75
01:53:22        all      0.50      0.00      0.00      0.00      0.00     99.50
01:53:23        all      0.00      0.00      0.25      0.75      0.00     99.00
01:53:24        all      0.50      0.00      0.99      0.00      0.00     98.51
01:53:25        all      1.00      0.00      0.25      0.00      0.00     98.75
01:53:26        all      0.25      0.00      0.00      0.00      0.00     99.75
01:53:27        all      0.50      0.00      0.50      0.00      0.00     99.00
01:53:28        all      0.25      0.00      0.25      0.75      0.00     98.75
01:53:29        all      0.00      0.00      0.00      0.00      0.00    100.00
01:53:30        all      0.25      0.00      0.25      0.00      0.00     99.50
01:53:31        all      0.25      0.00      0.00      0.00      0.00     99.75
01:53:32        all      0.25      0.00      0.25      0.00      0.00     99.50
01:53:33        all      0.25      0.00      0.25      0.50      0.00     99.00
01:53:34        all      0.00      0.00      0.25      0.00      0.00     99.75
01:53:35        all     16.50      0.00      6.60      0.00      0.00     76.90
01:53:36        all     20.20      0.00      8.44      0.00      0.00     71.36
01:53:37        all     20.87      0.00      7.38      0.00      0.00     71.76
01:53:38        all     19.95      0.00      8.95      0.51      0.00     70.59
01:53:39        all     48.69      0.00     19.90      0.00      0.00     31.41
01:53:40        all     41.88      0.00     17.02      0.00      0.00     41.10
01:53:41        all     38.95      0.00     16.84      0.00      0.00     44.21
01:53:42        all     37.70      0.00     17.80      0.00      0.00     44.50
01:53:43        all     40.21      0.00     14.88      0.26      0.00     44.65
01:53:44        all     33.42      0.00     13.73      0.00      0.00     52.85
01:53:45        all      1.50      0.00      0.75      0.00      0.00     97.75
01:53:46        all      0.25      0.00      0.25      0.00      0.00     99.50
01:53:47        all      0.00      0.00      0.25      0.00      0.00     99.75
01:53:48        all      0.50      0.00      0.25      0.50      0.00     98.76
01:53:49        all      0.25      0.00      0.00      0.00      0.00     99.75
01:53:50        all      0.25      0.00      0.25      0.00      0.00     99.50
01:53:51        all      0.25      0.00      0.25      0.00      0.00     99.50
01:53:52        all      0.00      0.00      0.50      0.00      0.00     99.50
01:53:53        all      0.00      0.00      0.25      0.75      0.00     99.00
01:53:54        all      0.25      0.00      0.25      0.00      0.00     99.50
01:53:55        all      0.25      0.00      0.50      0.25      0.00     99.00
01:53:56        all      0.00      0.00      0.25      0.00      0.00     99.75
01:53:57        all      0.25      0.00      0.25      0.25      0.00     99.25
01:53:58        all      0.25      0.00      0.25      0.50      0.00     99.00
01:53:59        all      0.25      0.00      0.25      0.00      0.00     99.50
01:54:00        all      0.50      0.00      0.25      0.00      0.00     99.25
01:54:01        all      0.00      0.00      0.25      0.00      0.00     99.75
01:54:02        all      0.50      0.00      0.25      0.00      0.00     99.25
01:54:03        all      0.50      0.00      0.25      0.50      0.00     98.75
01:54:04        all      1.25      0.00      0.75      0.00      0.00     98.00
01:54:05        all      0.25      0.00      0.50      0.00      0.00     99.25
01:54:06        all      0.25      0.00      0.25      0.00      0.00     99.50
01:54:07        all      0.00      0.00      0.25      0.00      0.00     99.75
01:54:08        all      0.75      0.00      0.50      0.50      0.00     98.25
01:54:09        all      0.50      0.00      0.50      0.00      0.00     99.00
01:54:10        all      0.25      0.00      0.75      0.00      0.00     99.00
01:54:11        all      0.25      0.00      0.76      0.00      0.00     98.99
01:54:12        all      0.75      0.00      1.51      0.00      0.00     97.74
01:54:13        all      0.50      0.00      0.50      0.75      0.00     98.25
01:54:14        all      0.00      0.00      0.75      0.00      0.00     99.25
01:54:15        all      0.25      0.00      0.50      0.00      0.00     99.25
01:54:16        all      0.25      0.00      0.75      0.00      0.00     99.00
01:54:17        all     33.25      0.00     12.04      0.00      0.00     54.71
01:54:18        all     47.52      0.00     20.89      0.00      0.00     31.59
01:54:19        all     50.13      0.00     21.26      0.00      0.00     28.61
01:54:20        all     50.00      0.00     23.58      0.00      0.00     26.42
01:54:21        all     50.78      0.00     22.02      0.00      0.00     27.20
01:54:22        all     51.55      0.00     21.39      0.00      0.00     27.06
01:54:23        all     42.27      0.00     14.95      0.26      0.00     42.53
01:54:24        all     17.01      0.00      8.12      0.25      0.00     74.62
01:54:25        all      5.30      0.00      3.28      0.00      0.00     91.41
01:54:26        all     27.06      0.00     10.82      0.00      0.00     62.11
01:54:27        all     41.11      0.00     14.85      0.00      0.00     44.03
01:54:28        all     38.50      0.00     18.35      0.26      0.00     42.89
01:54:29        all     40.63      0.00     15.04      0.00      0.00     44.33
01:54:30        all     39.84      0.00     16.09      0.00      0.00     44.06
01:54:31        all     25.91      0.00      9.84      0.26      0.00     63.99
01:54:32        all      2.51      0.00      2.01      0.00      0.00     95.49
01:54:33        all      0.25      0.00      0.25      0.75      0.00     98.74
01:54:34        all      0.25      0.00      0.25      0.00      0.00     99.50
01:54:35        all      0.50      0.00      0.25      0.00      0.00     99.25
01:54:36        all      0.25      0.00      1.00      0.00      0.00     98.75
01:54:37        all      0.25      0.00      0.51      0.00      0.00     99.24
01:54:38        all      1.00      0.00      1.50      0.25      0.00     97.25
01:54:39        all     14.80      0.00      6.89      0.00      0.00     78.32
01:54:40        all     31.50      0.00     12.07      0.00      0.00     56.43
01:54:41        all     39.79      0.00     16.49      0.00      0.00     43.72
01:54:42        all     51.16      0.00     21.34      0.00      0.00     27.51
01:54:43        all     51.93      0.00     28.79      0.00      0.00     19.28
01:54:44        all     60.31      0.00     27.32      0.00      0.00     12.37
01:54:45        all     61.21      0.00     30.98      0.00      0.00      7.81
01:54:46        all     64.45      0.00     28.13      0.00      0.00      7.42
01:54:47        all     62.75      0.00     27.75      0.00      0.00      9.50
01:54:48        all     62.00      0.00     29.50      0.00      0.00      8.50
01:54:49        all     63.89      0.00     28.28      0.00      0.00      7.83
01:54:50        all     62.00      0.00     30.00      0.25      0.00      7.75
01:54:51        all     62.78      0.00     28.61      0.00      0.00      8.61
01:54:52        all     62.31      0.00     27.18      0.00      0.00     10.51
01:54:53        all     63.64      0.00     27.02      0.00      0.00      9.34
01:54:54        all     58.99      0.00     31.65      0.00      0.00      9.37
01:54:55        all     60.81      0.00     29.26      0.00      0.00      9.92
01:54:56        all     60.55      0.00     30.40      0.00      0.00      9.05
01:54:57        all     60.50      0.00     30.00      0.00      0.00      9.50
01:54:58        all     59.39      0.00     31.47      0.25      0.00      8.88
01:54:59        all     60.56      0.00     30.79      0.00      0.00      8.65
01:55:00        all     64.91      0.00     27.82      0.00      0.00      7.27
01:55:01        all     63.03      0.00     29.78      0.00      0.00      7.20
01:55:02        all     62.25      0.00     29.50      0.00      0.00      8.25
01:55:03        all     62.09      0.00     29.68      0.00      0.00      8.23
01:55:04        all     63.08      0.00     28.97      0.00      0.00      7.95
01:55:05        all     61.90      0.00     32.83      0.00      0.00      5.26
01:55:06        all     61.77      0.00     31.14      0.00      0.00      7.09
01:55:07        all     63.41      0.00     30.83      0.00      0.00      5.76
01:55:08        all     60.20      0.00     30.98      0.00      0.00      8.82
01:55:09        all     57.71      0.00     30.60      0.25      0.00     11.44
01:55:10        all     64.47      0.00     29.70      0.00      0.00      5.84
01:55:11        all     61.62      0.00     32.32      0.00      0.00      6.06
01:55:12        all     61.04      0.00     34.00      0.00      0.00      4.96
01:55:13        all     62.00      0.00     32.50      0.25      0.00      5.25
01:55:14        all     61.71      0.00     33.25      0.00      0.00      5.04
01:55:15        all     63.48      0.00     30.98      0.00      0.00      5.54
01:55:16        all     60.20      0.00     33.75      0.00      0.00      6.05
01:55:17        all     61.36      0.00     32.83      0.00      0.00      5.81
01:55:18        all     60.15      0.00     33.91      0.00      0.00      5.94
01:55:19        all     60.95      0.00     33.08      0.00      0.00      5.97
01:55:20        all     61.42      0.00     31.73      0.00      0.00      6.85
01:55:21        all     59.75      0.00     31.39      0.00      0.00      8.86
01:55:22        all     58.42      0.00     30.36      0.26      0.00     10.97
01:55:23        all     62.00      0.00     29.25      0.00      0.00      8.75
01:55:24        all     59.34      0.00     29.16      0.00      0.00     11.51
01:55:25        all     57.92      0.00     29.09      0.00      0.00     12.99
01:55:26        all     59.69      0.00     26.36      0.00      0.00     13.95
01:55:27        all     39.84      0.00     18.73      0.26      0.00     41.16
01:55:28        all     11.76      0.00      6.39      0.51      0.00     81.33
01:55:29        all     46.77      0.00     21.96      0.78      0.00     30.49
01:55:30        all     60.00      0.00     23.85      0.00      0.00     16.15
01:55:31        all     59.24      0.00     27.59      0.00      0.00     13.16
01:55:32        all     59.79      0.00     28.35      0.00      0.00     11.86
01:55:33        all     60.10      0.00     27.72      0.00      0.00     12.18
01:55:34        all     59.65      0.00     26.57      0.25      0.00     13.53
01:55:35        all     57.61      0.00     30.20      0.00      0.00     12.18
01:55:36        all     60.51      0.00     26.08      0.00      0.00     13.42
01:55:37        all     57.00      0.00     28.75      0.00      0.00     14.25
01:55:38        all     58.14      0.00     31.01      0.00      0.00     10.85
01:55:39        all     59.44      0.00     28.06      0.00      0.00     12.50
01:55:40        all     57.80      0.00     26.85      0.00      0.00     15.35
01:55:41        all     58.72      0.00     30.77      0.00      0.00     10.51
01:55:42        all     60.86      0.00     29.04      0.00      0.00     10.10
01:55:43        all     61.68      0.00     30.20      0.25      0.00      7.87
01:55:44        all     61.21      0.00     28.21      0.00      0.00     10.58
01:55:45        all     58.51      0.00     29.90      0.00      0.00     11.60
01:55:46        all     63.50      0.00     30.50      0.00      0.00      6.00
01:55:47        all     61.01      0.00     29.11      0.00      0.00      9.87
01:55:48        all     65.58      0.00     28.89      0.00      0.00      5.53
01:55:49        all     64.30      0.00     30.13      0.00      0.00      5.57
01:55:50        all     63.41      0.00     31.58      0.00      0.00      5.01
01:55:51        all     62.05      0.00     32.05      0.00      0.00      5.90
01:55:52        all     60.71      0.00     29.85      0.00      0.00      9.44
01:55:53        all     63.07      0.00     29.90      0.00      0.00      7.04
01:55:54        all     61.71      0.00     27.20      0.25      0.00     10.83
01:55:55        all     62.00      0.00     33.25      0.00      0.00      4.75
01:55:56        all     65.40      0.00     29.29      0.00      0.00      5.30
01:55:57        all     64.90      0.00     31.57      0.00      0.00      3.54
01:55:58        all     60.76      0.00     31.90      0.00      0.00      7.34
01:55:59        all     63.22      0.00     33.00      0.00      0.00      3.78
01:56:00        all     63.41      0.00     30.58      0.00      0.00      6.02
01:56:01        all     62.25      0.00     29.75      0.00      0.00      8.00
01:56:02        all     67.75      0.00     29.25      0.00      0.00      3.00
01:56:03        all     67.49      0.00     28.78      0.25      0.00      3.47
01:56:04        all     67.34      0.00     27.09      0.00      0.00      5.57
01:56:05        all     61.62      0.00     28.54      0.00      0.00      9.85
01:56:06        all     63.89      0.00     32.07      0.00      0.00      4.04
01:56:07        all     62.47      0.00     33.50      0.00      0.00      4.03
01:56:08        all     63.93      0.00     32.09      0.00      0.00      3.98
01:56:09        all     63.71      0.00     31.73      0.00      0.00      4.57
01:56:10        all     62.47      0.00     30.48      0.00      0.00      7.05
01:56:11        all     62.44      0.00     29.70      0.00      0.00      7.87
01:56:12        all     63.16      0.00     30.33      0.00      0.00      6.52
01:56:13        all     66.42      0.00     30.08      0.00      0.00      3.51
01:56:14        all     65.01      0.00     32.01      0.00      0.00      2.98
01:56:15        all     66.33      0.00     31.41      0.00      0.00      2.26
01:56:16        all     64.66      0.00     32.08      0.00      0.00      3.26
01:56:17        all     65.76      0.00     31.27      0.00      0.00      2.98
01:56:18        all     65.84      0.00     30.94      0.25      0.00      2.97
01:56:19        all     64.23      0.00     29.47      0.00      0.00      6.30
01:56:20        all     64.16      0.00     30.83      0.00      0.00      5.01
01:56:21        all     63.48      0.00     33.75      0.00      0.00      2.77
01:56:22        all     63.00      0.00     33.50      0.00      0.00      3.50
01:56:23        all     67.34      0.00     29.62      0.00      0.00      3.04
01:56:24        all     63.59      0.00     32.92      0.00      0.00      3.49
01:56:25        all     61.21      0.00     31.99      0.00      0.00      6.80
01:56:26        all     64.00      0.00     31.25      0.00      0.00      4.75
01:56:27        all     64.68      0.00     29.85      0.00      0.00      5.47
01:56:28        all     66.42      0.00     31.08      0.00      0.00      2.51
01:56:29        all     65.01      0.00     32.75      0.00      0.00      2.23
01:56:30        all     65.59      0.00     32.17      0.00      0.00      2.24
01:56:31        all     62.84      0.00     33.42      0.00      0.00      3.74
01:56:32        all     62.69      0.00     30.10      0.00      0.00      7.21
01:56:33        all     67.84      0.00     29.90      0.00      0.00      2.26
01:56:34        all     67.82      0.00     29.70      0.00      0.00      2.48
01:56:35        all     67.50      0.00     29.25      0.00      0.00      3.25
01:56:36        all     64.91      0.00     31.83      0.00      0.00      3.26
01:56:37        all     64.20      0.00     31.85      0.00      0.00      3.95
01:56:38        all     65.16      0.00     32.33      0.00      0.00      2.51
01:56:39        all     66.33      0.00     31.92      0.00      0.00      1.75
01:56:40        all     66.92      0.00     30.33      0.00      0.00      2.76
01:56:41        all     66.58      0.00     31.41      0.00      0.00      2.01
01:56:42        all     67.59      0.00     29.90      0.00      0.00      2.51
01:56:43        all     67.74      0.00     30.27      0.00      0.00      1.99
01:56:44        all     65.50      0.00     31.25      0.00      0.00      3.25
01:56:45        all     64.84      0.00     33.67      0.00      0.00      1.50
01:56:46        all     66.08      0.00     31.91      0.00      0.00      2.01
01:56:47        all     65.33      0.00     30.65      0.00      0.00      4.02
01:56:48        all     67.49      0.00     29.53      0.00      0.00      2.98
01:56:49        all     67.68      0.00     29.80      0.00      0.00      2.53
01:56:50        all     62.56      0.00     34.42      0.00      0.00      3.02
01:56:51        all     65.05      0.00     30.36      0.00      0.00      4.59
01:56:52        all     62.78      0.00     32.66      0.00      0.00      4.56
01:56:53        all     63.93      0.00     31.84      0.00      0.00      4.23
01:56:54        all     66.08      0.00     30.15      0.00      0.00      3.77
01:56:55        all     66.33      0.00     30.42      0.00      0.00      3.24
01:56:56        all     65.58      0.00     31.41      0.00      0.00      3.02
01:56:57        all     65.49      0.00     33.00      0.00      0.00      1.51
Average:        all     42.84      0.00     20.49      0.06      0.00     36.61
