Linux 3.13.0-43-generic (Apollo) 	2015-07-23 	_x86_64_	(4 CPU)

01:53:18    kbmemfree kbmemused  %memused kbbuffers  kbcached  kbcommit   %commit  kbactive   kbinact   kbdirty
01:53:19      2186048   1822664     45.47     52984    942808   2546568     31.20   1391120    293688        44
01:53:20      2171216   1837496     45.84     52984    942848   2692624     32.99   1406484    293724        52
01:53:21      2171184   1837528     45.84     52984    942848   2692624     32.99   1406564    293720        56
01:53:22      2170804   1837908     45.85     52992    942840   2708476     33.18   1406892    293720        60
01:53:23      2169732   1838980     45.87     52992    942848   2744536     33.62   1407404    293728       116
01:53:24      2167620   1841092     45.93     52992    942852   2808824     34.41   1408380    293724       120
01:53:25      2161632   1847080     46.08     52992    942852   2941392     36.03   1412000    293724       120
01:53:26      2161448   1847264     46.08     52992    942856   2941392     36.03   1412544    293728       124
01:53:27      2160952   1847760     46.09     53000    942848   2941392     36.03   1412888    293728       124
01:53:28      2160952   1847760     46.09     53000    942860   2941392     36.03   1413000    293736       128
01:53:29      2160456   1848256     46.11     53000    942860   2941392     36.03   1413456    293736       128
01:53:30      2160424   1848288     46.11     53000    942860   2941392     36.03   1413272    293736       128
01:53:31      2160424   1848288     46.11     53000    942864   2941392     36.03   1413296    293740       132
01:53:32      2160176   1848536     46.11     53008    942856   2941392     36.03   1413536    293736       132
01:53:33      2160052   1848660     46.12     53008    942864   2941392     36.03   1413552    293744       132
01:53:34      2160300   1848412     46.11     53008    942864   2929104     35.88   1413400    293744       132
01:53:35      2158756   1849956     46.15     53008    942864   2914076     35.70   1414940    293744       132
01:53:36      2158192   1850520     46.16     53008    942864   2900524     35.53   1414704    293744       132
01:53:37      2159444   1849268     46.13     53016    942856   2884380     35.33   1415308    293744       132
01:53:38      2157864   1850848     46.17     53016    942864   2868260     35.14   1416176    293744       132
01:53:39      2157732   1850980     46.17     53016    942868   2868260     35.14   1415576    293756       136
01:53:40      2158444   1850268     46.16     53016    942868   2868260     35.14   1415604    293752       136
01:53:41      2157340   1851372     46.18     53016    942868   2872248     35.19   1416796    293752       136
01:53:42      2156596   1852116     46.20     53024    942860   2872248     35.19   1417712    293752       136
01:53:43      2155376   1853336     46.23     53024    942876   2872248     35.19   1417300    293768       148
01:53:44      2158560   1850152     46.15     53024    942880   2872248     35.19   1413428    293764       152
01:53:45      2158620   1850092     46.15     53024    942880   2872248     35.19   1415480    293764       152
01:53:46      2158620   1850092     46.15     53024    942880   2872248     35.19   1415908    293764       152
01:53:47      2158620   1850092     46.15     53032    942872   2872248     35.19   1415908    293764       152
01:53:48      2158620   1850092     46.15     53032    942884   2872248     35.19   1415912    293772       156
01:53:49      2158620   1850092     46.15     53032    942884   2872248     35.19   1415912    293772       148
01:53:50      2158620   1850092     46.15     53032    942884   2872248     35.19   1416004    293772       188
01:53:51      2158620   1850092     46.15     53032    942888   2872248     35.19   1416168    293772       192
01:53:52      2158496   1850216     46.15     53040    942880   2872248     35.19   1416240    293772       192
01:53:53      2158372   1850340     46.16     53040    942892   2872248     35.19   1416252    293780       208
01:53:54      2158372   1850340     46.16     53040    942896   2872248     35.19   1416256    293780        56
01:53:55      2157256   1851456     46.19     53040    942908   2872248     35.19   1416740    293792        72
01:53:56      2157320   1851392     46.18     53040    942908   2872248     35.19   1416744    293788        72
01:53:57      2157320   1851392     46.18     53040    942916   2872248     35.19   1416820    293788       116
01:53:58      2157320   1851392     46.18     53048    942908   2872248     35.19   1416828    293788       116
01:53:59      2157196   1851516     46.19     53048    942924   2872248     35.19   1416832    293788       168
01:54:00      2157196   1851516     46.19     53048    942924   2872248     35.19   1416836    293788       168
01:54:01      2156948   1851764     46.19     53048    942928   2872248     35.19   1417088    293788       172
01:54:02      2156700   1852012     46.20     53048    942928   2872248     35.19   1417092    293788       172
01:54:03      2156700   1852012     46.20     53056    942932   2872248     35.19   1417116    293800       176
01:54:04      2156108   1852604     46.21     53056    942936   2872248     35.19   1417868    293800       180
01:54:05      2156080   1852632     46.22     53056    942952   2872248     35.19   1417992    293804       196
01:54:06      2155956   1852756     46.22     53056    942956   2872248     35.19   1418068    293804       200
01:54:07      2155544   1853168     46.23     53056    942956   2884776     35.34   1418196    293824       200
01:54:08      2154536   1854176     46.25     53064    942964   2916920     35.73   1418944    293824       212
01:54:09      2152236   1856476     46.31     53064    942968   2981256     36.52   1420156    293832       192
01:54:10      2148508   1860204     46.40     53064    942968   3109864     38.10   1422156    293832       192
01:54:11      2137832   1870880     46.67     53064    942976   3367016     41.25   1426748    293832       196
01:54:12      2117220   1891492     47.18     53064    942984   3881320     47.55   1434380    293836       204
01:54:13      2115144   1893568     47.24     53072    942996   3885304     47.60   1436272    293840       216
01:54:14      2113700   1895012     47.27     53072    942996   3885304     47.60   1437516    293840       216
01:54:15      2113452   1895260     47.28     53072    943000   3885304     47.60   1437700    293844       220
01:54:16      2110552   1898160     47.35     53072    943004   3885304     47.60   1439948    293840       224
01:54:17      2107312   1901400     47.43     53072    943004   3885304     47.60   1442404    293840       224
01:54:18      2104412   1904300     47.50     53080    943012   3870880     47.42   1443804    293800       232
01:54:19      2104188   1904524     47.51     53080    943012   3855540     47.23   1445856    293800       232
01:54:20      2103248   1905464     47.53     53080    943012   3843328     47.08   1447208    293792       232
01:54:21      2102388   1906324     47.55     53080    943020   3827076     46.88   1448560    293796       240
01:54:22      2101528   1907184     47.58     53080    943020   3812212     46.70   1449056    293792       240
01:54:23      2105340   1903372     47.48     53088    943020   3790452     46.43   1445656    293792       240
01:54:24      2106308   1902404     47.46     53088    943032   3774452     46.24   1444628    293796       176
01:54:25      2103764   1904948     47.52     53088    943040   3760728     46.07   1446836    293796       188
01:54:26      2104464   1904248     47.50     53088    943040   3744800     45.87   1447544    293796       188
01:54:27      2105828   1902884     47.47     53088    943052   3728500     45.68   1447404    293796       196
01:54:28      2105312   1903400     47.48     53096    943052   3712200     45.48   1447552    293800       196
01:54:29      2106180   1902532     47.46     53096    943052   3697688     45.30   1447896    293804        24
01:54:30      2107224   1901488     47.43     53096    943060   3683988     45.13   1447408    293804        44
01:54:31      2110500   1898212     47.35     53096    943096   3665476     44.90   1443304    293804        92
01:54:32      2109948   1898764     47.37     53096    943104   3650600     44.72   1443860    293824       116
01:54:33      2109600   1899112     47.37     53104    943108   3662860     44.87   1444120    293824       156
01:54:34      2108052   1900660     47.41     53104    943112   3695004     45.26   1444784    293832       152
01:54:35      2105688   1903024     47.47     53104    943120   3759292     46.05   1445828    293828       168
01:54:36      2099852   1908860     47.62     53104    943124   3887868     47.63   1449000    293832       172
01:54:37      2088180   1920532     47.91     53104    943132   4145020     50.78   1453748    293828       180
01:54:38      2066852   1941860     48.44     53112    943144   4663272     57.13   1462212    293836       204
01:54:39      2041632   1967080     49.07     53112    943160   5180648     63.46   1472656    293836       240
01:54:40      2017292   1991420     49.68     53112    943180   5699964     69.83   1484036    293840       260
01:54:41      1993080   2015632     50.28     53112    943196   6219336     76.19   1494568    293836       276
01:54:42      1965188   2043524     50.98     53112    943236   6738652     82.55   1509316    293856       312
01:54:43      1935792   2072920     51.71     53120    943256   7262932     88.97   1524600    293720       356
01:54:44      1929984   2078728     51.86     53120    943272   7251604     88.83   1531036    293720       384
01:54:45      1921608   2087104     52.06     53120    943288   7240976     88.70   1538720    293712       400
01:54:46      1916744   2091968     52.19     53120    943304   7225984     88.52   1544188    293520       416
01:54:47      1912640   2096072     52.29     53120    943320   7211740     88.35   1548044    293516       460
01:54:48      1909120   2099592     52.38     53128    943332   7199840     88.20   1551628    293516       492
01:54:49      1900116   2108596     52.60     53128    943352   7188452     88.06   1560364    293508       504
01:54:50      1896860   2111852     52.68     53128    943392   7174012     87.88   1564124    293408       544
01:54:51      1892028   2116684     52.80     53128    943412   7158296     87.69   1567680    293412       572
01:54:52      1889316   2119396     52.87     53128    943436   7142540     87.50   1571240    293412       620
01:54:53      1885124   2123588     52.97     53136    943448   7126732     87.30   1574992    293420       640
01:54:54      1883324   2125388     53.02     53136    943460   7115000     87.16   1577452    293420       652
01:54:55      1881472   2127240     53.07     53136    943500   7100656     86.99   1578840    293448       700
01:54:56      1880980   2127732     53.08     53136    943516   7084728     86.79   1580392    293436       728
01:54:57      1876372   2132340     53.19     53136    943548   7066448     86.57   1584344    293452       760
01:54:58      1869676   2139036     53.36     53144    943592   7084804     86.79   1589152    293476       820
01:54:59      1862992   2145720     53.53     53144    943612   7122552     87.25   1594440    293480       840
01:55:00      1855412   2153300     53.72     53144    943636   7187152     88.04   1599924    293312       860
01:55:01      1848224   2160488     53.89     53144    943652   7315900     89.62   1603096    293312       900
01:55:02      1834336   2174376     54.24     53144    943692   7573288     92.77   1610012    293328       920
01:55:03      1808332   2200380     54.89     53152    943708   8101472     99.25   1622868    293336       960
01:55:04      1780672   2228040     55.58     53152    943724   8617076    105.56   1635932    293332       204
01:55:05      1749792   2258920     56.35     53152    943760   9143488    112.01   1653048    293336       148
01:55:06      1720140   2288572     57.09     53152    943808   9659560    118.33   1668492    293344       180
01:55:07      1691572   2317140     57.80     53152    943852  10180308    124.71   1683572    293344       260
01:55:08      1666768   2341944     58.42     53160    943888  10580528    129.61   1698108    293344       340
01:55:09      1652616   2356096     58.77     53160    943960  10676932    130.80   1708604    293208       380
01:55:10      1646012   2362700     58.94     53160    943996  10666232    130.66   1714212    293160       448
01:55:11      1640560   2368152     59.08     53160    944028  10666232    130.66   1719508    293164       484
01:55:12      1634360   2374352     59.23     53160    944080  10652244    130.49   1725464    293172       532
01:55:13      1628780   2379932     59.37     53168    944124  10645644    130.41   1730812    293188       572
01:55:14      1621068   2387644     59.56     53168    944172  10633492    130.26   1737984    293200       628
01:55:15      1619224   2389488     59.61     53168    944220  10618460    130.08   1739884    293212       620
01:55:16      1617392   2391320     59.65     53168    944248  10604280    129.91   1742168    293208       644
01:55:17      1620668   2388044     59.57     53168    944312  10580148    129.61   1735160    293240       676
01:55:18      1618784   2389928     59.62     53176    944496  10564456    129.42   1740240    293360       720
01:55:19      1613512   2395200     59.75     53176    944528  10550092    129.24   1744596    293368       792
01:55:20      1617792   2390920     59.64     53176    944572  10524456    128.93   1740524    293380       824
01:55:21      1610236   2398476     59.83     53176    944616  10512836    128.79   1745904    293396       844
01:55:22      1606668   2402044     59.92     53176    944704  10498188    128.61   1751656    293428       952
01:55:23      1599580   2409132     60.10     53184    944736  10517244    128.84   1757620    293428      1008
01:55:24      1593612   2415100     60.25     53184    944804  10551400    129.26   1760912    293464      1056
01:55:25      1588812   2419900     60.37     53184    944844  10625760    130.17   1763584    293476      1060
01:55:26      1591508   2417204     60.30     53184    944884  10693412    131.00   1757876    293480      1096
01:55:27      1592092   2416620     60.28     53184    944912  10693412    131.00   1755740    293480      1120
01:55:28      1589620   2419092     60.35     53192    944940  10693412    131.00   1758628    293492      1172
01:55:29      1576820   2431892     60.67     53192    945208  10697508    131.05   1769428    293652      1232
01:55:30      1570876   2437836     60.81     53192    945256  10697508    131.05   1775300    293656      1220
01:55:31      1566992   2441720     60.91     53192    945284  10705536    131.15   1778752    293652      1256
01:55:32      1562612   2446100     61.02     53192    945328  10705536    131.15   1783164    293660      1292
01:55:33      1558132   2450580     61.13     53200    945376  10709484    131.19   1786620    293664      1340
01:55:34      1553464   2455248     61.25     53200    945416  10713396    131.24   1792008    293664       608
01:55:35      1551976   2456736     61.28     53200    945452  10713396    131.24   1792556    293664       464
01:55:36      1547692   2461020     61.39     53200    945536  10717392    131.29   1797116    293712       504
01:55:37      1545152   2463560     61.46     53200    945624  10717392    131.29   1799760    293744       572
01:55:38      1543376   2465336     61.50     53208    945660  10717392    131.29   1801148    293748       628
01:55:39      1542088   2466624     61.53     53208    945720  10725340    131.39   1802412    293768       328
01:55:40      1538488   2470224     61.62     53208    945760  10728480    131.43   1804592    293780       304
01:55:41      1534872   2473840     61.71     53208    945848  10728480    131.43   1809332    293812       392
01:55:42      1531096   2477616     61.81     53208    945900  10732488    131.48   1812460    293824       444
01:55:43      1526808   2481904     61.91     53216    945956  10732488    131.48   1816800    293844       508
01:55:44      1520832   2487880     62.06     53216    945996  10736400    131.52   1821576    293840       568
01:55:45      1517780   2490932     62.14     53216    946048  10736400    131.52   1824588    293848       664
01:55:46      1511072   2497640     62.31     53216    946104  10744420    131.62   1831348    293864       696
01:55:47      1504256   2504456     62.48     53216    946176  10752524    131.72   1838040    293884       792
01:55:48      1499636   2509076     62.59     53224    946204  10752524    131.72   1842560    293896       848
01:55:49      1496832   2511880     62.66     53224    946268  10756472    131.77   1845024    293920       916
01:55:50      1494660   2514052     62.71     53224    946336  10756472    131.77   1846536    293944       972
01:55:51      1492148   2516564     62.78     53224    946380  10760460    131.82   1848668    293956      1016
01:55:52      1487192   2521520     62.90     53224    946432  10760460    131.82   1853652    293980      1096
01:55:53      1483912   2524800     62.98     53232    946532  10760460    131.82   1856500    294052      1140
01:55:54      1480276   2528436     63.07     53232    946580  10768388    131.92   1860652    294056      1224
01:55:55      1477576   2531136     63.14     53232    946636  10772344    131.96   1862984    294068      1240
01:55:56      1474156   2534556     63.23     53232    946728  10772344    131.96   1866148    294112      1300
01:55:57      1466156   2542556     63.43     53232    946996  10776256    132.01   1873120    294344      1324
01:55:58      1464308   2544404     63.47     53240    947036  10780260    132.06   1875944    294336      1408
01:55:59      1463856   2544856     63.48     53240    947064  10780260    132.06   1876316    294340      1456
01:56:00      1461960   2546752     63.53     53240    947112  10780260    132.06   1878220    294340      1536
01:56:01      1456808   2551904     63.66     53240    947152  10788264    132.16   1883528    294324      1604
01:56:02      1453408   2555304     63.74     53240    947208  10788264    132.16   1885236    294332      1708
01:56:03      1453488   2555224     63.74     53248    947232  10788264    132.16   1885564    294328      1764
01:56:04      1451772   2556940     63.78     53248    947276  10788264    132.16   1887064    294344       824
01:56:05      1447120   2561592     63.90     53248    947296  10792252    132.21   1890784    294332       988
01:56:06      1445392   2563320     63.94     53248    947360  10796184    132.26   1893168    294352      1040
01:56:07      1443652   2565060     63.99     53248    947416  10796184    132.26   1894736    294360      1096
01:56:08      1441988   2566724     64.03     53256    947444  10800128    132.30   1896412    294364      1128
01:56:09      1439224   2569488     64.10     53256    947468  10804092    132.35   1899480    294360      1188
01:56:10      1434936   2573776     64.20     53256    947536  10808008    132.40   1903344    294388      1232
01:56:11      1433636   2575076     64.24     53256    947572  10808008    132.40   1905388    294208      1268
01:56:12      1429636   2579076     64.34     53256    947596  10811936    132.45   1909208    294208      1292
01:56:13      1427168   2581544     64.40     53264    947624  10811936    132.45   1911188    294204      1328
01:56:14      1425352   2583360     64.44     53264    947672  10815904    132.50   1912656    294212       412
01:56:15      1425452   2583260     64.44     53264    947688  10815904    132.50   1913676    294208       444
01:56:16      1424136   2584576     64.47     53264    947704  10819940    132.55   1915188    294208       460
01:56:17      1424628   2584084     64.46     53264    947724  10819652    132.54   1914952    294212       472
01:56:18      1421912   2586800     64.53     53272    947736  10823628    132.59   1917332    294204       492
01:56:19      1419316   2589396     64.59     53272    947764  10827596    132.64   1920032    294208       624
01:56:20      1417568   2591144     64.64     53272    947796  10827596    132.64   1921652    294216       564
01:56:21      1417004   2591708     64.65     53272    947820  10831608    132.69   1922700    294220       596
01:56:22      1416640   2592072     64.66     53272    947872  10831608    132.69   1923644    294240       648
01:56:23      1409308   2599404     64.84     53280    947900  10831608    132.69   1930792    294272       668
01:56:24      1405500   2603212     64.94     53280    947940  10831608    132.69   1935112    294300       680
01:56:25      1408300   2600412     64.87     53280    947972  10839620    132.79   1933092    294308       720
01:56:26      1404704   2604008     64.96     53280    947988  10843660    132.84   1936856    294308       736
01:56:27      1403608   2605104     64.99     53280    947988  10826188    132.62   1938276    294304       756
01:56:28      1403892   2604820     64.98     53288    947980  10811444    132.44   1938400    294304       756
01:56:29      1405076   2603636     64.95     53288    947988  10795144    132.24   1937652    294312       768
01:56:30      1406624   2602088     64.91     53288    947988  10778844    132.04   1936948    294312       744
01:56:31      1405916   2602796     64.93     53288    947992  10762544    131.84   1937120    294316       764
01:56:32      1408612   2600100     64.86     53288    947996  10746244    131.64   1935660    294316       784
01:56:33      1410596   2598116     64.81     53296    947988  10729944    131.44   1934824    294312       784
01:56:34      1411600   2597112     64.79     53296    947996  10713476    131.24   1933852    294320       344
01:56:35      1413128   2595584     64.75     53296    947996  10696980    131.04   1932868    294320       324
01:56:36      1413636   2595076     64.74     53296    947996  10681432    130.85   1932284    294320       328
01:56:37      1413648   2595064     64.74     53296    947996  10665004    130.65   1932492    294320       328
01:56:38      1414720   2593992     64.71     53296    947996  10648596    130.45   1932144    294320       332
01:56:39      1412012   2596700     64.78     53304    947996  10632968    130.26   1935168    294328       344
01:56:40      1413216   2595496     64.75     53304    947996  10618204    130.08   1934296    294328       344
01:56:41      1415088   2593624     64.70     53304    947996  10601728    129.87   1933312    294328       344
01:56:42      1407520   2601192     64.89     53304    948000  10594208    129.78   1941272    294328       348
01:56:43      1421884   2586828     64.53     53304    948000  10566848    129.45   1927472    294328       348
01:56:44      1423800   2584912     64.48     53316    948000  10552768    129.27   1925392    294336       352
01:56:45      1425148   2583564     64.45     53316    948008  10536308    129.07   1924600    294336       352
01:56:46      1425556   2583156     64.44     53316    948016  10522040    128.90   1924228    294336       360
01:56:47      1426052   2582660     64.43     53316    948016  10505868    128.70   1923696    294336       380
01:56:48      1427924   2580788     64.38     53316    948016  10489424    128.50   1922824    294336       380
01:56:49      1429164   2579548     64.35     53324    948016  10472956    128.30   1921860    294344       172
01:56:50      1431136   2577576     64.30     53324    948032  10456532    128.10   1921120    294344       176
01:56:51      1431716   2576996     64.28     53324    948040  10439344    127.88   1920280    294344       184
01:56:52      1432704   2576008     64.26     53324    948040  10422876    127.68   1919424    294344       184
01:56:53      1434284   2574428     64.22     53324    948040  10406576    127.48   1918568    294344       184
01:56:54      1435932   2572780     64.18     53332    948040  10390452    127.29   1917940    294344       208
01:56:55      1436720   2571992     64.16     53332    948040  10374152    127.09   1917224    294352       124
01:56:56      1435792   2572920     64.18     53332    948040  10357812    126.89   1918144    294312       124
01:56:57      1434832   2573880     64.21     53332    948048  10342644    126.70   1919332    294320       132
01:56:58      1437152   2571560     64.15     53332    948048  10325928    126.50   1918608    294316       132
Average:      1777125   2231587     55.67     53158    944896   7526341     92.20   1663334    293856       497
