Linux 3.11.0-15-generic (client-HVM-domU) 	03/31/2015

08:09:52 PM kbmemfree kbmemused  %memused kbbuffers  kbcached kbswpfree kbswpused  %swpused  kbswpcad
08:09:53 PM    386808   7525880     95.11     40768    585300   1045500         0      0.00         0
08:09:54 PM    383744   7528944     95.15     40776    585576   1045500         0      0.00         0
08:09:55 PM    384108   7528580     95.15     40784    585776   1045500         0      0.00         0
08:09:56 PM    383548   7529140     95.15     40792    585820   1045500         0      0.00         0
08:09:57 PM    382400   7530288     95.17     40800    585860   1045500         0      0.00         0
08:09:58 PM    379348   7533340     95.21     40808    585908   1045500         0      0.00         0
08:09:59 PM    377816   7534872     95.23     40816    585952   1045500         0      0.00         0
08:10:00 PM    371040   7541648     95.31     40824    586072   1045500         0      0.00         0
08:10:01 PM    371020   7541668     95.31     40832    586176   1045500         0      0.00         0
08:10:02 PM    371860   7540828     95.30     40840    586252   1045500         0      0.00         0
08:10:03 PM    371000   7541688     95.31     40848    586472   1045500         0      0.00         0
08:10:04 PM    369648   7543040     95.33     40856    586540   1045500         0      0.00         0
08:10:05 PM    367688   7545000     95.35     40864    586608   1045500         0      0.00         0
08:10:06 PM    363760   7548928     95.40     40872    586684   1045500         0      0.00         0
08:10:07 PM    354576   7558112     95.52     40880    586808   1045500         0      0.00         0
08:10:08 PM    353344   7559344     95.53     40888    586904   1045500         0      0.00         0
08:10:09 PM    352248   7560440     95.55     40896    586996   1045500         0      0.00         0
08:10:10 PM    350872   7561816     95.57     40904    587088   1045500         0      0.00         0
08:10:11 PM    351332   7561356     95.56     40912    587192   1045500         0      0.00         0
08:10:12 PM    350800   7561888     95.57     40920    587344   1045500         0      0.00         0
08:10:13 PM    350216   7562472     95.57     40928    587460   1045500         0      0.00         0
08:10:14 PM    349312   7563376     95.59     40936    587572   1045500         0      0.00         0
08:10:15 PM    348772   7563916     95.59     40944    587696   1045500         0      0.00         0
08:10:16 PM    349308   7563380     95.59     40952    587824   1045500         0      0.00         0
08:10:17 PM    350036   7562652     95.58     40960    587956   1045500         0      0.00         0
08:10:18 PM    350480   7562208     95.57     40968    588084   1045500         0      0.00         0
08:10:19 PM    350052   7562636     95.58     40976    588232   1045500         0      0.00         0
08:10:20 PM    350520   7562168     95.57     40984    588372   1045500         0      0.00         0
08:10:21 PM    351960   7560728     95.55     40992    588512   1045500         0      0.00         0
08:10:22 PM    351772   7560916     95.55     41000    588656   1045500         0      0.00         0
08:10:23 PM    353192   7559496     95.54     41008    588808   1045500         0      0.00         0
08:10:24 PM    353676   7559012     95.53     41016    588960   1045500         0      0.00         0
08:10:25 PM    354080   7558608     95.53     41024    589120   1045500         0      0.00         0
08:10:26 PM    354708   7557980     95.52     41032    589272   1045500         0      0.00         0
08:10:27 PM    354876   7557812     95.52     41040    589436   1045500         0      0.00         0
08:10:28 PM    356200   7556488     95.50     41048    589604   1045500         0      0.00         0
08:10:29 PM    356296   7556392     95.50     41056    589780   1045500         0      0.00         0
08:10:30 PM    354712   7557976     95.52     41064    589936   1045500         0      0.00         0
08:10:31 PM    352516   7560172     95.54     41072    590140   1045500         0      0.00         0
08:10:32 PM    347852   7564836     95.60     41080    590316   1045500         0      0.00         0
08:10:33 PM    339572   7573116     95.71     41088    590480   1045500         0      0.00         0
08:10:34 PM    322340   7590348     95.93     41096    590648   1045500         0      0.00         0
08:10:35 PM    290212   7622476     96.33     41104    590824   1045500         0      0.00         0
08:10:36 PM    257428   7655260     96.75     41112    591000   1045500         0      0.00         0
08:10:37 PM    224312   7688376     97.17     41120    591176   1045500         0      0.00         0
08:10:38 PM    198036   7714652     97.50     41128    591356   1045500         0      0.00         0
08:10:39 PM    173604   7739084     97.81     41136    591524   1045500         0      0.00         0
08:10:40 PM    145916   7766772     98.16     41144    591708   1045500         0      0.00         0
08:10:41 PM    109524   7803164     98.62     40916    591660   1045496         4      0.00         4
08:10:42 PM    112568   7800120     98.58     38840    587336   1045340       160      0.02       136
08:10:45 PM    109572   7803116     98.62     35428    575808   1045152       348      0.03       320
08:10:46 PM    110400   7802288     98.60     34688    572168   1044988       512      0.05       240
08:10:47 PM    110640   7802048     98.60     34580    569580   1044988       512      0.05       240
08:10:48 PM    110040   7802648     98.61     34476    569232   1044988       512      0.05       240
08:10:49 PM    110324   7802364     98.61     34220    567888   1044988       512      0.05       240
08:10:50 PM    119668   7793020     98.49     33388    564380   1044988       512      0.05       240
08:10:51 PM    157952   7754736     98.00     29720    528132   1044972       528      0.05        92
08:10:52 PM    154000   7758688     98.05     29728    528120   1044972       528      0.05        92
08:10:53 PM    144896   7767792     98.17     29736    528304   1044972       528      0.05        92
08:10:54 PM    126712   7785976     98.40     29744    528472   1044972       528      0.05        92
08:10:55 PM    125600   7787088     98.41     28492    497268   1044972       528      0.05        80
08:10:56 PM    127432   7785256     98.39     28324    458708   1044968       532      0.05        76
08:10:57 PM    123296   7789392     98.44     28332    458996   1044968       532      0.05        76
08:10:58 PM    129752   7782936     98.36     14764    423900   1044968       532      0.05        76
08:10:59 PM    119620   7793068     98.49      8196    417560   1044968       532      0.05        76
08:11:00 PM    127048   7785640     98.39       796    398980   1044968       532      0.05        76
08:11:01 PM    124288   7788400     98.43       160    360032   1044968       532      0.05        76
08:11:02 PM    133596   7779092     98.31       156    310216   1044968       532      0.05        76
08:11:03 PM    122788   7789900     98.45       160    287728   1044968       532      0.05        76
08:11:04 PM    120396   7792292     98.48       168    285584   1044968       532      0.05        76
08:11:05 PM    124356   7788332     98.43       176    278248   1044968       532      0.05        76
08:11:06 PM    123900   7788788     98.43       164    275640   1044968       532      0.05        76
08:11:07 PM    122572   7790116     98.45       172    275864   1044968       532      0.05        76
08:11:08 PM    118800   7793888     98.50       180    275428   1044968       532      0.05        76
08:11:09 PM    114676   7798012     98.55       188    275452   1044968       532      0.05        76
08:11:10 PM    109420   7803268     98.62       196    275648   1044968       532      0.05        76
08:11:11 PM    122140   7790548     98.46       204    260340   1044968       532      0.05        76
08:11:12 PM    122412   7790276     98.45       208    258896   1044968       532      0.05        76
08:11:13 PM    124740   7787948     98.42       216    257796   1044968       532      0.05        76
08:11:14 PM    125536   7787152     98.41       224    255228   1044312      1188      0.11        88
08:11:15 PM    127712   7784976     98.39       232    253332   1043436      2064      0.20        88
08:11:16 PM    129940   7782748     98.36       232    252080   1042476      3024      0.29        76
08:11:17 PM    132916   7779772     98.32       240    250520   1041684      3816      0.36        88
08:11:18 PM    130152   7782536     98.36       248    251524   1041684      3816      0.36        76
08:11:19 PM    129384   7783304     98.36       256    251972   1041684      3816      0.36        76
08:11:20 PM    118300   7794388     98.50       264    252376   1041684      3816      0.36        76
08:11:21 PM    100480   7812208     98.73       264    251320   1041048      4452      0.43       456
08:11:22 PM    119276   7793412     98.49       264    225412   1034100     11400      1.09        92
08:11:23 PM    100304   7812384     98.73       272    223764   1033220     12280      1.17       548
08:11:24 PM    112816   7799872     98.57       272    212964   1030156     15344      1.47      1392
08:11:25 PM    112488   7800200     98.58       280    213184   1029832     15668      1.50      1716
08:11:26 PM    122784   7789904     98.45       288    202516   1027888     17612      1.68       692
08:11:27 PM    119428   7793260     98.49       296    201116   1026480     19020      1.82      2132
08:11:28 PM    120848   7791840     98.47       304    198500   1025488     20012      1.91      1156
08:11:29 PM    134076   7778612     98.31       304    187412   1020788     24712      2.36      2224
08:11:30 PM    135120   7777568     98.29       308    186908   1019984     25516      2.44      1548
08:11:31 PM    136956   7775732     98.27       316    186736   1019468     26032      2.49      1560
08:11:32 PM    136020   7776668     98.28       324    186888   1019468     26032      2.49      1624
08:11:33 PM    134920   7777768     98.29       332    187252   1019472     26028      2.49      1748
08:11:34 PM    133676   7779012     98.31       340    187472   1019152     26348      2.52      1796
08:11:35 PM    130312   7782376     98.35       484    188096   1019152     26348      2.52      2408
08:11:36 PM    130852   7781836     98.35       492    189328   1019152     26348      2.52      2408
08:11:37 PM    131392   7781296     98.34       500    189708   1019152     26348      2.52      2408
08:11:38 PM    125844   7786844     98.41       508    190248   1019152     26348      2.52      2408
08:11:39 PM    116100   7796588     98.53       516    190676   1019152     26348      2.52      2408
08:11:40 PM    124044   7788644     98.43       516    184508   1013748     31752      3.04      4764
08:11:41 PM    119720   7792968     98.49       524    184656   1013120     32380      3.10      4396
08:11:42 PM    122180   7790508     98.46       532    182872   1012992     32508      3.11      3372
08:11:43 PM    129508   7783180     98.36       532    178736   1007332     38168      3.65      5988
08:11:44 PM    123700   7788988     98.44       540    179268   1007332     38168      3.65      5988
08:11:45 PM    122132   7790556     98.46       548    179564   1007332     38168      3.65      5988
08:11:46 PM    116292   7796396     98.53       556    179932   1007332     38168      3.65      5988
08:11:47 PM    122848   7789840     98.45       548    175032   1004396     41104      3.93      4172
08:11:48 PM    123732   7788956     98.44       548    172720   1003004     42496      4.06      3364
08:11:49 PM    120320   7792368     98.48       556    172596   1002712     42788      4.09      3944
08:11:50 PM    119876   7792812     98.49       556    172928   1002548     42952      4.11      4108
08:11:51 PM    123144   7789544     98.44       556    171096   1001464     44036      4.21      3224
08:11:52 PM    123516   7789172     98.44       564    171512   1000808     44692      4.27      4580
08:11:53 PM    124020   7788668     98.43       572    171624   1000480     45020      4.31      5068
08:11:54 PM    123528   7789160     98.44       580    172040    999620     45880      4.39      5288
08:11:55 PM    145460   7767228     98.16       536    162048    989420     56080      5.36      6244
08:11:56 PM    144464   7768224     98.17       544    162636    989420     56080      5.36      6308
08:11:57 PM    140580   7772108     98.22       552    162864    989428     56072      5.36      6428
08:11:58 PM    137228   7775460     98.27       560    163320    989428     56072      5.36      6780
08:11:59 PM    140224   7772464     98.23       568    163824    989432     56068      5.36      7116
08:12:00 PM    146404   7766284     98.15       576    164524    989432     56068      5.36      7116
08:12:01 PM    144728   7767960     98.17       584    164780    989432     56068      5.36      7148
08:12:02 PM    141908   7770780     98.21       592    165156    989432     56068      5.36      7148
08:12:03 PM    136496   7776192     98.27       600    165524    989432     56068      5.36      7148
08:12:04 PM    127344   7785344     98.39       608    166112    989436     56064      5.36      7176
08:12:05 PM    125252   7787436     98.42       568    156596    980540     64960      6.21      8836
08:12:06 PM    117724   7794964     98.51       472    145772    971356     74144      7.09      7252
08:12:07 PM    119096   7793592     98.49       352    143360    969968     75532      7.22      7084
08:12:08 PM    120772   7791916     98.47       360    141512    969600     75900      7.26      5644
08:12:09 PM    144468   7768220     98.17       172    128916    958944     86556      8.28      6128
08:12:10 PM    142732   7769956     98.20       180    129704    956836     88664      8.48      6228
08:12:11 PM    148320   7764368     98.13       188    130148    936356    109144     10.44     20652
08:12:12 PM    145288   7767400     98.16       196    130460    936360    109140     10.44     20680
08:12:13 PM    150612   7762076     98.10       204    131308    936360    109140     10.44     20680
08:12:14 PM    146808   7765880     98.14       212    131708    936360    109140     10.44     20680
08:12:15 PM    141296   7771392     98.21       220    132132    936360    109140     10.44     20680
08:12:16 PM    140980   7771708     98.22       228    132816    936360    109140     10.44     20680
08:12:17 PM    143608   7769080     98.19       236    133140    936360    109140     10.44     20680
08:12:18 PM    145248   7767440     98.16       244    134144    936368    109132     10.44     20704
08:12:19 PM    142024   7770664     98.21       252    134772    936368    109132     10.44     20704
08:12:20 PM    139096   7773592     98.24       260    135560    936376    109124     10.44     20696
08:12:21 PM    135804   7776884     98.28       268    136032    936376    109124     10.44     20696
08:12:22 PM    130228   7782460     98.35       276    136372    936376    109124     10.44     20696
08:12:23 PM    120284   7792404     98.48       284    137048    936376    109124     10.44     20696
08:12:24 PM    127500   7785188     98.39       252    130928    927444    118056     11.29      9032
08:12:25 PM    112232   7800456     98.58       212    127480    920964    124536     11.91      7120
08:12:26 PM    110664   7802024     98.60       220    127864    918204    127296     12.18      7548
08:12:27 PM    115104   7797584     98.55       196    126068    915488    130012     12.44      5360
08:12:28 PM    129060   7783628     98.37       172    122388    902288    143212     13.70      6936
08:12:29 PM    132504   7780184     98.33       180    122920    897756    147744     14.13      7372
08:12:30 PM    131440   7781248     98.34       188    123652    897760    147740     14.13      7368
08:12:31 PM    125368   7787320     98.42       196    126724    897760    147740     14.13      7368
08:12:32 PM    123248   7789440     98.44       204    127456    897760    147740     14.13      7368
08:12:33 PM    122124   7790564     98.46       212    127968    897760    147740     14.13      7368
08:12:34 PM    120720   7791968     98.47       220    128400    897760    147740     14.13      7368
08:12:35 PM    117716   7794972     98.51       228    130276    897760    147740     14.13      7368
08:12:36 PM    124604   7788084     98.43       152    124632    885652    159848     15.29      9168
08:12:37 PM    127352   7785336     98.39       136    122368    882292    163208     15.61      5832
08:12:38 PM    129660   7783028     98.36       144    124052    880164    165336     15.81      5912
08:12:39 PM    127980   7784708     98.38       152    126128    880164    165336     15.81      5912
08:12:40 PM    129000   7783688     98.37       160    131752    880288    165212     15.80      7004
08:12:41 PM    120908   7791780     98.47       168    134568    880448    165052     15.79      8492
08:12:42 PM    113100   7799588     98.57       176    134912    879884    165616     15.84      8240
08:12:43 PM    113696   7798992     98.56       184    133904    878124    167376     16.01      8536
08:12:44 PM    121476   7791212     98.46       164    127904    872376    173124     16.56      8648
08:12:45 PM    125988   7786700     98.41       172    128808    868704    176796     16.91      8388
08:12:46 PM    125628   7787060     98.41       180    129400    868708    176792     16.91      8416
08:12:47 PM    128332   7784356     98.38       188    129972    868712    176788     16.91      8444
08:12:48 PM    124280   7788408     98.43       196    131856    868712    176788     16.91      8444
08:12:49 PM    120912   7791776     98.47       204    132456    868724    176776     16.91      8528
08:12:50 PM    120664   7792024     98.48       212    133024    868752    176748     16.91      8564
08:12:51 PM    120724   7791964     98.47       220    133816    868752    176748     16.91      8564
08:12:52 PM    120384   7792304     98.48       228    134084    868756    176744     16.91      8592
08:12:53 PM    120528   7792160     98.48       232    131072    864864    180636     17.28      9972
08:12:54 PM    127380   7785308     98.39       240    128168    858380    187120     17.90      8732
08:12:55 PM    128056   7784632     98.38       248    129028    858380    187120     17.90      8732
08:12:56 PM    128644   7784044     98.37       256    130040    858384    187116     17.90      8760
08:12:57 PM    136416   7776272     98.28       264    131356    858388    187112     17.90      8756
08:12:58 PM    136292   7776396     98.28       272    132088    858388    187112     17.90      8756
08:12:59 PM    131920   7780768     98.33       280    133296    858396    187104     17.90      8812
08:13:00 PM    127248   7785440     98.39       288    133976    858408    187092     17.89      8896
08:13:01 PM    117432   7795256     98.52       296    134604    858540    186960     17.88      8956
08:13:02 PM    101872   7810816     98.71       280    132332    856304    189196     18.10      8260
08:13:03 PM    103880   7808808     98.69       272    131080    853692    191808     18.35      8448
08:13:04 PM    103860   7808828     98.69       212    128660    851536    193964     18.55     10504
08:13:05 PM    110660   7802028     98.60       120    123628    848852    196648     18.81      9056
08:13:06 PM    127448   7785240     98.39       100    118560    832124    213376     20.41     13024
08:13:07 PM    126528   7786160     98.40       108    122460    831096    214404     20.51     10116
08:13:08 PM    123452   7789236     98.44       116    125688    828088    217412     20.80     12924
08:13:09 PM    121600   7791088     98.46       260    128016    828088    217412     20.80     12924
08:13:10 PM    120724   7791964     98.47       268    130168    828100    217400     20.79     13008
08:13:11 PM    118468   7794220     98.50       276    132104    828104    217396     20.79     13036
08:13:14 PM    111996   7800692     98.58       284    134880    828148    217352     20.79     10136
08:13:15 PM    108452   7804236     98.63       292    136472    827216    218284     20.88     10792
08:13:16 PM    118848   7793840     98.50       288    127860    821092    224408     21.46     10732
08:13:17 PM    123036   7789652     98.45       296    128468    817588    227912     21.80     11868
08:13:18 PM    123264   7789424     98.44       304    130640    817596    227904     21.80     11924
08:13:19 PM    127956   7784732     98.38       312    132764    817596    227904     21.80     11924
08:13:20 PM    125268   7787420     98.42       320    132964    817612    227888     21.80     11972
08:13:21 PM    122124   7790564     98.46       328    133876    817616    227884     21.80     12000
08:13:22 PM    116444   7796244     98.53       336    134512    817640    227860     21.79     12104
08:13:23 PM    116348   7796340     98.53       208    129956    813156    232344     22.22     11632
08:13:24 PM    122500   7790188     98.45       208    126828    806360    239140     22.87     12812
08:13:25 PM    115012   7797676     98.55       216    127728    806372    239128     22.87     12896
08:13:26 PM    119924   7792764     98.48       192    124180    801068    244432     23.38     10676
08:13:27 PM    121280   7791408     98.47       184    122088    799976    245524     23.48     11768
08:13:28 PM    123104   7789584     98.44       184    121404    795716    249784     23.89     11972
08:13:29 PM    121544   7791144     98.46       192    121768    795724    249776     23.89     12060
08:13:30 PM    118116   7794572     98.51       200    126140    795736    249764     23.89     12080
08:13:31 PM    119508   7793180     98.49       208    127220    795740    249760     23.89     12108
08:13:32 PM    118376   7794312     98.50       216    128444    795748    249752     23.89     12164
08:13:33 PM    117192   7795496     98.52       224    128952    795756    249744     23.89     12156
08:13:34 PM    118260   7794428     98.51       216    128036    792220    253280     24.23     12756
08:13:35 PM    129944   7782744     98.36       140    124776    783008    262492     25.11     13140
08:13:36 PM    126176   7786512     98.41       148    125216    783020    262480     25.11     13224
08:13:37 PM    126824   7785864     98.40       156    126136    783036    262464     25.10     13272
08:13:38 PM    129768   7782920     98.36       164    127556    783040    262460     25.10     13300
08:13:39 PM    129040   7783648     98.37       172    127916    783044    262456     25.10     13328
08:13:40 PM    126920   7785768     98.40       180    128672    783064    262436     25.10     13404
08:13:41 PM    124100   7788588     98.43       188    129436    783064    262436     25.10     13436
08:13:42 PM    125820   7786868     98.41       196    130316    783068    262432     25.10     13432
08:13:43 PM    126104   7786584     98.41       204    131004    783076    262424     25.10     13456
08:13:44 PM    123168   7789520     98.44       212    131920    783080    262420     25.10     13484
08:13:45 PM    116924   7795764     98.52       220    132584    783088    262412     25.10     13540
08:13:46 PM    112628   7800060     98.58       220    131568    780672    264828     25.33     12276
08:13:47 PM    125600   7787088     98.41       188    124160    775452    270048     25.83      9340
08:13:48 PM    115532   7797156     98.54       180    123592    774588    270912     25.91      9548
08:13:50 PM    126716   7785972     98.40       124    119376    762740    282760     27.05      9428
08:13:51 PM    122460   7790228     98.45       132    119936    762740    282760     27.05      9552
08:13:52 PM    122836   7789852     98.45       140    120320    762740    282760     27.05      9680
08:13:53 PM    121592   7791096     98.46       148    121196    762768    282732     27.04      9844
08:13:54 PM    121564   7791124     98.46       156    121816    762784    282716     27.04     11188
08:13:55 PM    115816   7796872     98.54       164    124128    762796    282704     27.04     11312
08:13:56 PM    126060   7786628     98.41       124    120296    757068    288432     27.59      9772
08:13:57 PM    124680   7788008     98.42       132    123540    754240    291260     27.86      9668
08:13:58 PM    120400   7792288     98.48       140    127508    754272    291228     27.86      9924
08:13:59 PM    115316   7797372     98.54       148    130228    754092    291408     27.87      9968
08:14:00 PM    118200   7794488     98.51       148    127796    749268    296232     28.33     12284
08:14:01 PM    121024   7791664     98.47       140    127812    747548    297952     28.50     11388
08:14:02 PM    119028   7793660     98.50       148    129880    744728    300772     28.77     10144
08:14:03 PM    125464   7787224     98.41       148    126704    737420    308080     29.47     11444
08:14:04 PM    123596   7789092     98.44       156    128832    737440    308060     29.47     11616
08:14:05 PM    122064   7790624     98.46       164    129112    737452    308048     29.46     11796
08:14:06 PM    124268   7788420     98.43       172    129940    737460    308040     29.46     11820
08:14:07 PM    122768   7789920     98.45       180    131768    737468    308032     29.46     12000
08:14:08 PM    120772   7791916     98.47       188    132672    737468    308032     29.46     12000
08:14:09 PM    116224   7796464     98.53       196    135072    737476    308024     29.46     12152
08:14:10 PM    125156   7787532     98.42       208    133244    732356    313144     29.95     11124
08:14:11 PM    124028   7788660     98.43       216    134452    732364    313136     29.95     11212
08:14:12 PM    123044   7789644     98.44       224    134956    732384    313116     29.95     11288
08:14:13 PM    125160   7787528     98.42       232    135620    732396    313104     29.95     11372
08:14:14 PM    131864   7780824     98.33       240    136584    732448    313052     29.94     11376
08:14:15 PM    136764   7775924     98.27       248    137128    732448    313052     29.94     11376
08:14:16 PM    133532   7779156     98.31       256    137616    732452    313048     29.94     11404
08:14:17 PM    132232   7780456     98.33       264    138072    732476    313024     29.94     11508
08:14:18 PM    125992   7786696     98.41       272    138740    732488    313012     29.94     11528
08:14:19 PM    117356   7795332     98.52       280    139428    732512    312988     29.94     11696
08:14:20 PM    121660   7791028     98.46       252    134572    726780    318720     30.48     11468
08:14:21 PM    119500   7793188     98.49       244    132024    723984    321516     30.75     12804
08:14:22 PM    122280   7790408     98.45       228    130492    720540    324960     31.08     12184
08:14:23 PM    130488   7782200     98.35       224    125460    717328    328172     31.39     13784
08:14:24 PM    132644   7780044     98.32       188    124712    713160    332340     31.79     13920
08:14:25 PM    141660   7771028     98.21       196    125264    708172    337328     32.26     10680
08:14:26 PM    137348   7775340     98.26       204    125500    708188    337312     32.26     10696
08:14:27 PM    133480   7779208     98.31       212    125736    708192    337308     32.26     10756
08:14:28 PM    133744   7778944     98.31       220    126040    708204    337296     32.26     10340
08:14:29 PM    132572   7780116     98.32       228    126892    708220    337280     32.26     10388
08:14:30 PM    129624   7783064     98.36       236    127768    707968    337532     32.28     10224
08:14:31 PM    131120   7781568     98.34       244    128296    707264    338236     32.35     10300
08:14:32 PM    134752   7777936     98.30       252    128732    706932    338568     32.38     10384
08:14:33 PM    132096   7780592     98.33       260    129528    706548    338952     32.42     10556
08:14:34 PM    127912   7784776     98.38       268    130928    706284    339216     32.45     10620
08:14:35 PM    126980   7785708     98.40       276    131420    706092    339408     32.46     10640
08:14:36 PM    121800   7790888     98.46       284    131988    705780    339720     32.49     10704
08:14:37 PM    119372   7793316     98.49       240    128288    701236    344264     32.93     11676
08:14:38 PM    126776   7785912     98.40       208    124156    696316    349184     33.40     11640
08:14:39 PM    123608   7789080     98.44       352    125136    695236    350264     33.50     11336
08:14:40 PM    122828   7789860     98.45       360    126420    694604    350896     33.56     10724
08:14:41 PM    119196   7793492     98.49       368    127460    694096    351404     33.61     10808
08:14:42 PM    115364   7797324     98.54       376    128228    693328    352172     33.68     10804
08:14:43 PM    114032   7798656     98.56       336    127768    674028    371472     35.53     14788
08:14:44 PM    115744   7796944     98.54       312    125884    669220    376280     35.99     15740
08:14:45 PM    117612   7795076     98.51       176    120292    657628    387872     37.10     16132
08:14:46 PM    124832   7787856     98.42       144    117928    652812    392688     37.56     15264
08:14:47 PM    129844   7782844     98.36       144    117996    648488    397012     37.97     15000
08:14:48 PM    135940   7776748     98.28       156    116396    643688    401812     38.43     15768
08:14:49 PM    135784   7776904     98.28       164    117568    641436    404064     38.65     16036
08:14:50 PM    136664   7776024     98.27       172    121296    636676    408824     39.10     16452
08:14:51 PM    133988   7778700     98.31       180    125440    636508    408992     39.12     14664
08:14:52 PM    128184   7784504     98.38       188    128200    636280    409220     39.14     14596
08:14:53 PM    117976   7794712     98.51       196    131476    636312    409188     39.14     14660
08:14:54 PM    126632   7786056     98.40       140    122072    630300    415200     39.71     15792
08:14:55 PM    116908   7795780     98.52       148    125724    628696    416804     39.87     16104
08:14:56 PM    116616   7796072     98.53       148    126264    625808    419692     40.14     15704
08:14:57 PM    121612   7791076     98.46       132    121632    622508    422992     40.46     15528
08:14:58 PM    125480   7787208     98.41       140    121700    617868    427632     40.90     15836
08:14:59 PM    123012   7789676     98.45       148    123756    617868    427632     40.90     15836
08:15:00 PM    117372   7795316     98.52       156    127636    617880    427620     40.90     15856
08:15:01 PM    112152   7800536     98.58       164    129100    617696    427804     40.92     14604
08:15:02 PM    118388   7794300     98.50       152    123328    609536    435964     41.70     16680
08:15:03 PM    112048   7800640     98.58       136    117332    603740    441760     42.25     14488
08:15:04 PM    103728   7808960     98.69       144    121248    601632    443868     42.46     16276
08:15:05 PM    114984   7797704     98.55       136    118332    593388    452112     43.24     13300
08:15:06 PM    106636   7806052     98.65       144    119548    589140    456360     43.65     12200
08:15:07 PM    101136   7811552     98.72       128    112112    579792    465708     44.54     12532
08:15:08 PM    110360   7802328     98.61       128    107128    566584    478916     45.81     15880
08:15:09 PM    121684   7791004     98.46       120     99884    563668    481832     46.09     10616
08:15:10 PM    130944   7781744     98.35       112     94472    551076    494424     47.29     10824
08:15:11 PM    129240   7783448     98.37       120     98896    547548    497952     47.63     12208
08:15:12 PM    124300   7788388     98.43       132    103648    540384    505116     48.31     18436
08:15:13 PM    118104   7794584     98.51       140    109212    540500    505000     48.30     19080
08:15:14 PM    116616   7796072     98.53       132    111452    539588    505912     48.39     11736
08:15:21 PM     99760   7812928     98.74       100     57068    489036    556464     53.22     26788
08:15:24 PM    115076   7797612     98.55        92     33560    423956    621544     59.45     27948
08:15:25 PM    119720   7792968     98.49        96     28996    383988    661512     63.27     41148
08:15:30 PM    110584   7802104     98.60        88     26556    329312    716188     68.50     35408
08:15:35 PM    118736   7793952     98.50       232     28352    285008    760492     72.74     41116
08:15:38 PM    127848   7784840     98.38       240     34740    268476    777024     74.32     33100
08:15:39 PM    110868   7801820     98.60       240     37700    268716    776784     74.30     33792
08:15:40 PM    121348   7791340     98.47       120     38080    268912    776588     74.28     21624
08:15:41 PM    119312   7793376     98.49       128     39956    261632    783868     74.98     25456
08:15:42 PM    124740   7787948     98.42       268     39760    244720    800780     76.59     35492
08:15:43 PM    117980   7794708     98.51       404     42504    244952    800548     76.57     36368
08:15:46 PM    109744   7802944     98.61       100     35640    245300    800200     76.54     35396
08:15:47 PM    114512   7798176     98.55       100     29672    229524    815976     78.05     32944
08:15:48 PM    100384   7812304     98.73       104     30276    212944    832556     79.63     29472
08:15:49 PM    108872   7803816     98.62       100     27604    212956    832544     79.63     19660
08:15:50 PM    112696   7799992     98.58       104     28780    178460    867040     82.93     32636
08:15:52 PM    120960   7791728     98.47       112     33336    105716    939784     89.89     40036
08:15:55 PM    129260   7783428     98.37       120     39228     34696   1010804     96.68     55164
08:15:58 PM     99756   7812932     98.74       116     37940      8904   1036596     99.15     38740
08:16:07 PM    100328   7812360     98.73       108     37420      3564   1041936     99.66     39356
08:16:12 PM    101836   7810852     98.71       120     37460      1252   1044248     99.88     39644
08:16:19 PM     99084   7813604     98.75        92     19368         0   1045500    100.00     36208
08:16:25 PM    100936   7811752     98.72        96     18752         0   1045500    100.00     36208
08:16:26 PM    101088   7811600     98.72        92     17916         0   1045500    100.00     36208
08:16:27 PM    100752   7811936     98.73       368     18508         0   1045500    100.00     36196
08:16:28 PM    101832   7810856     98.71       152     17320         0   1045500    100.00     36196
08:16:29 PM    100496   7812192     98.73       124     18400         0   1045500    100.00     36196
08:16:30 PM    102028   7810660     98.71       128     16264         0   1045500    100.00     36196
08:16:31 PM    100920   7811768     98.72       152     16516         0   1045500    100.00     36196
08:16:32 PM    101864   7810824     98.71       132     15308         0   1045500    100.00     36196
08:16:33 PM    152676   7760012     98.07       136     23144        24   1045476    100.00     36268
08:16:37 PM    756516   7156172     90.44       388     28168     97992    947508     90.63     45760
08:16:38 PM    736268   7176420     90.70       396     28520     99832    945668     90.45     53712
08:16:49 PM    526804   7385884     93.34       412     30540    116888    928612     88.82    153272
08:16:53 PM    485156   7427532     93.87       420     31468    123820    921680     88.16    180996
08:16:54 PM    475788   7436900     93.99       428     32404    125536    919964     87.99    185452
08:16:55 PM    452520   7460168     94.28      1276     35736    127184    918316     87.84    188456
08:16:56 PM    433012   7479676     94.53      1284     36480    132052    913448     87.37    196924
08:16:57 PM    413736   7498952     94.77      1416     37108    135852    909648     87.01    202732
08:16:58 PM    384200   7528488     95.14      1560     37304    142296    903204     86.39    207020
08:16:59 PM    375168   7537520     95.26      1572     37124    154212    891288     85.25    203572
08:17:00 PM    357520   7555168     95.48      1728     38152    164192    881308     84.30    199956
08:17:01 PM    379196   7533492     95.21      2640     42040    165352    880148     84.18    200596
08:17:02 PM    364044   7548644     95.40      3540     53192    166604    878896     84.06    203024
08:17:03 PM    315384   7597304     96.01      4668     65160    166852    878648     84.04    202960
Average:       165186   7747502     97.91      7101    211293    792322    253178     24.22     16298
