13.00
6.28
6.05
6.55
12.07
10.61
15.56
23.80
10.80
13.23
14.82
16.75
19.42
24.55
24.42
22.65
18.81
22.31
22.37
24.17
25.26
25.77
27.69
23.04
23.80
21.88
27.66
21.59
20.82
26.67
19.49
20.21
23.98
21.76
26.26
21.48
24.68
32.99
28.06
31.39
30.81
29.41
32.32
30.95
28.93
32.73
29.41
27.41
27.02
29.11
28.68
24.23
28.21
33.16
28.61
27.78
33.84
28.61
33.33
29.05
28.10
28.32
29.35
31.39
29.16
36.57
33.42
31.97
35.99
31.38
31.11
27.81
28.06
29.77
33.16
31.55
32.05
27.13
29.13
26.67
28.24
30.10
27.58
29.12
29.20
28.02
24.29
25.52
30.83
31.44
25.58
25.71
29.12
35.69
30.45
35.90
28.28
31.11
33.75
31.91
31.89
31.44
31.55
32.47
30.87
28.50
26.94
31.54
27.32
32.72
28.94
27.20
27.39
26.80
30.37
29.27
30.20
28.24
31.33
26.30
26.74
32.91
28.06
30.18
30.69
27.23
28.02
32.32
28.24
27.49
30.33
29.31
27.98
28.12
26.17
26.53
29.64
25.19
27.82
29.46
29.59
28.90
29.61
26.15
26.94
32.30
28.94
28.31
32.40
27.88
30.37
28.46
27.91
28.50
29.04
31.34
27.37
27.42
27.56
29.92
29.95
28.17
29.79
31.14
30.20
29.31
29.20
27.37
33.66
32.41
34.59
26.48
25.13
30.10
30.59
31.11
28.68
29.87
26.42
29.52
30.18
30.23
26.56
29.44
26.67
30.43
30.08
30.57
30.23
31.20
31.71
29.79
27.84
30.49
33.42
31.96
26.42
32.13
25.00
28.94
26.23
28.24
29.82
29.41
25.33
28.42
30.00
27.58
29.08
25.77
30.10
30.59
29.31
29.16
28.50
28.79
28.06
28.05
29.92
28.35
24.74
26.48
24.81
31.15
23.83
27.98
29.52
29.59
31.96
28.02
26.55
27.11
27.74
30.61
26.85
26.89
27.58
27.79
26.48
28.02
27.30
32.91
28.46
29.31
26.61
27.58
28.17
27.46
29.64
29.56
30.57
24.67
26.68
30.79
30.05
32.57
29.05
28.86
32.00
29.72
26.42
32.47
28.35
29.29
31.11
28.86
28.09
25.58
28.42
26.75
28.97
27.53
27.84
25.58
29.44
28.90
26.17
27.95
29.43
26.63
28.43
30.46
36.32
27.13
28.83
29.49
29.31
26.23
28.43
27.75
27.91
27.95
27.98
28.57
28.02
27.91
29.80
30.30
30.51
28.21
28.87
28.94
31.39
29.20
27.23
28.06
30.18
27.91
28.94
27.13
31.05
29.46
27.55
27.13
28.64
26.65
31.11
30.69
25.63
26.58
29.55
24.22
29.90
23.79
26.53
21.37
20.20
20.56
20.66
18.53
18.27
14.32
14.76
10.35
13.59
14.54
13.78
10.26
9.11
8.38
6.84
7.89
6.82
8.84
7.63
7.59
6.57
7.30
6.85
5.82
3.76
3.82
5.29
4.05
4.28
4.28
3.52
3.76
6.02
4.26
5.03
5.03
4.01
4.27
3.02
4.27
4.30
3.51
3.77
3.50
3.02
3.76
4.26
2.53
6.55
2.76
3.75
3.54
3.51
2.26
3.51
2.51
2.26
2.76
3.02
2.24
0.75
0.75
1.75
1.00
2.24
2.26
2.24
1.76
1.25
1.25
1.75
1.00
1.25
1.50
