31.91
31.92
31.95
32.00
32.11
32.33
32.32
32.34
32.37
32.41
32.47
32.67
33.03
33.36
33.42
33.47
33.53
33.60
33.75
33.93
34.20
34.70
35.20
35.30
35.38
35.47
35.61
35.76
35.85
35.91
35.97
35.97
36.00
36.06
36.16
36.33
36.61
37.15
37.70
38.25
38.83
39.36
39.92
40.54
41.16
41.79
42.36
42.51
42.59
42.66
42.77
42.83
42.87
42.94
43.01
43.12
43.19
43.34
43.64
43.67
43.71
43.76
43.84
43.98
44.30
44.87
45.42
45.97
46.55
47.13
47.15
47.20
47.23
47.26
47.31
47.34
47.36
47.38
47.39
47.38
47.39
47.38
47.39
47.38
47.39
47.38
47.37
47.35
47.35
47.34
47.32
47.31
47.31
47.30
47.28
47.28
47.26
47.25
47.27
47.30
47.37
47.48
47.75
48.25
48.31
48.31
48.30
48.30
48.29
48.29
48.29
48.29
48.28
48.28
48.27
48.26
48.25
48.24
48.23
48.22
48.20
48.19
48.17
48.16
48.15
48.14
48.11
48.10
48.09
48.08
48.06
48.05
48.04
48.02
48.01
47.99
47.97
47.96
47.95
47.93
47.92
47.90
47.90
47.88
47.86
47.87
47.86
47.84
47.83
47.80
47.80
47.80
47.80
47.80
47.81
47.83
47.89
47.92
47.92
47.91
47.92
47.92
47.92
47.95
48.01
48.02
48.01
48.02
48.05
48.12
48.23
48.25
48.27
48.28
48.31
48.38
48.39
48.39
48.39
48.37
48.36
48.34
48.33
48.32
48.31
48.29
48.28
48.27
48.25
48.23
48.22
48.21
48.19
48.18
48.16
48.15
48.13
48.11
48.11
48.09
48.08
48.06
48.04
48.02
48.01
47.99
47.99
47.98
47.98
48.00
47.96
47.98
47.95
47.96
47.97
48.00
47.99
48.00
47.99
47.97
47.96
47.95
47.95
47.96
47.95
47.93
47.95
47.96
47.94
47.93
47.91
47.92
47.91
47.91
47.90
47.91
47.90
47.89
47.87
47.85
47.84
47.84
47.85
47.88
47.96
47.94
47.96
47.94
47.93
47.92
47.90
47.89
47.87
47.86
47.84
47.86
47.88
47.94
48.07
48.08
48.08
48.06
48.04
48.03
48.01
48.00
48.00
47.98
47.97
47.96
47.94
47.92
47.91
47.90
47.88
47.86
47.84
47.84
47.85
47.88
47.93
48.07
48.31
48.31
48.31
48.30
48.29
48.28
48.27
48.26
48.25
48.24
48.23
48.21
48.20
48.18
48.17
48.15
48.14
48.13
48.11
48.09
48.08
48.06
48.05
48.03
48.02
48.00
47.99
47.97
47.95
47.94
47.92
47.91
47.89
47.87
47.85
47.84
47.82
47.80
47.79
47.77
47.75
47.73
47.71
47.69
47.67
47.65
47.63
47.61
47.59
47.57
47.55
47.53
47.51
47.50
47.47
47.46
47.44
47.42
47.40
47.38
47.36
47.34
47.32
47.31
47.29
47.27
47.26
47.24
47.23
47.21
47.19
47.17
47.15
47.13
47.12
47.10
47.08
47.06
47.04
47.02
47.00
46.98
46.97
46.95
46.93
46.92
46.90
46.88
46.86
46.85
46.84
46.83
46.81
46.79
46.77
46.76
46.74
46.72
46.71
46.69
46.67
46.63
46.62
46.60
46.58
46.57
46.55
46.54
46.52
46.50
46.49
46.47
46.46
46.44
46.42
46.40
46.36
46.35
