Linux 3.11.0-15-generic (client-HVM-domU) 	04/01/2015

07:05:03 PM kbmemfree kbmemused  %memused kbbuffers  kbcached kbswpfree kbswpused  %swpused  kbswpcad
07:05:12 PM    136932   5711380     97.66      9340     53968    171832    873668     83.56    349624
07:05:34 PM     86792   5761520     98.52      9336     45612    174228    871272     83.34    364332
07:10:42 PM    110928   5737384     98.10      1068     29020     71252    974248     93.18    387480
07:12:57 PM    302272   5546040     94.83      1808     35804     38840   1006660     96.29    218380
07:16:17 PM    345280   5503032     94.10       552     24652      4644   1040856     99.56    215000
07:18:34 PM    390624   5457688     93.32       604     21724       440   1045060     99.96    167756
07:18:57 PM    362152   5486160     93.81       812     23912      3960   1041540     99.62    186572
07:19:13 PM    342848   5505464     94.14       724     25696      6812   1038688     99.35    200628
07:19:24 PM    334184   5514128     94.29       912     29288      6284   1039216     99.40    205104
07:19:33 PM    328232   5520080     94.39      1364     34040      4688   1040812     99.55    207148
07:19:45 PM    323332   5524980     94.47      1952     36180      2668   1042832     99.74    209552
07:19:53 PM    323516   5524796     94.47      1988     35148      1320   1044180     99.87    210684
07:19:59 PM    322960   5525352     94.48      2100     35268       324   1045176     99.97    212060
07:22:14 PM    295948   5552364     94.94      1472     21860       360   1045140     99.97    258980
07:23:49 PM    306296   5542016     94.76       780     18292      5212   1040288     99.50    249872
07:23:50 PM    296660   5551652     94.93       792     18588      6716   1038784     99.36    253316
07:23:51 PM    266044   5582268     95.45       812     19492     12308   1033192     98.82    258156
07:23:52 PM    215320   5632992     96.32      1360     23240     14152   1031348     98.65    259384
Average:       282796   5565516     95.16      2099     29544     29224   1016276     97.20    245224
