Linux 3.11.0-15-generic (client-HVM-domU) 	04/21/2015

01:36:49 AM kbmemfree kbmemused  %memused kbbuffers  kbcached kbswpfree kbswpused  %swpused  kbswpcad
01:36:53 AM    177640   6702860     97.42       140     15508      5496   1040004     99.47    104072
01:36:54 AM    176956   6703544     97.43       152     17100      6480   1039020     99.38    107364
01:36:56 AM    173392   6707108     97.48       148     21332      9656   1035844     99.08    117644
01:36:57 AM    167808   6712692     97.56       160     22180     10652   1034848     98.98    121236
01:36:58 AM    159672   6720828     97.68       172     22816     11856   1033644     98.87    124556
01:36:59 AM    153856   6726644     97.76       184     24108     12608   1032892     98.79    126888
01:37:00 AM    154772   6725728     97.75       192     24868     13396   1032104     98.72    128164
01:37:01 AM    140644   6739856     97.96       204     26268     14024   1031476     98.66    130036
01:37:02 AM    143936   6736564     97.91       220     27068     14288   1031212     98.63    130984
01:37:03 AM    140852   6739648     97.95       232     28816     14556   1030944     98.61    131700
01:37:04 AM    135884   6744616     98.03       256     29988     15304   1030196     98.54    133408
01:37:05 AM     96372   6784128     98.60       240     26232     17256   1028244     98.35    142444
01:38:31 AM    141400   6739100     97.94       104     10980      2244   1043256     99.79     77400
01:41:23 AM    115596   6764904     98.32       360     13092      1932   1043568     99.82     79732
01:41:39 AM    114976   6765524     98.33       276      9052         0   1045500    100.00     82196
01:42:15 AM    412316   6468184     94.01       384      9392      1372   1044128     99.87     42856
01:43:12 AM    179196   6701304     97.40       816     21372     11104   1034396     98.94     97184
01:43:14 AM    138528   6741972     97.99       824     21256     17236   1028264     98.35    114532
01:43:15 AM    125552   6754948     98.18       836     21968     19528   1025972     98.13    117840
01:43:16 AM    109320   6771180     98.41       892     22516     21456   1024044     97.95    121192
01:43:17 AM    539136   6341364     92.16      1604     25728     29416   1016084     97.19    119524
01:43:18 AM    517592   6362908     92.48      2260     42952     29656   1015844     97.16    120004
01:43:19 AM    466880   6413620     93.21      2724     59004     29724   1015776     97.16    120084
Average:       203577   6676923     97.04       582     23635     13445   1032055     98.71    112654
