2.01
4.27
2.25
1.50
2.49
3.75
5.04
4.48
3.78
5.25
5.28
4.27
3.52
7.04
26.33
26.75
25.76
26.57
25.94
27.53
28.89
29.47
28.97
26.58
28.17
26.33
27.78
30.81
32.24
26.85
30.89
28.79
29.55
30.83
37.97
41.62
47.13
61.83
65.99
67.61
80.72
83.29
87.59
82.23
82.58
95.09
86.29
97.71
96.65
91.60
93.20
94.94
100.00
98.73
98.20
99.49
99.74
99.23
100.00
99.23
98.44
99.74
98.46
98.74
100.00
100.00
99.49
93.67
93.61
84.44
57.18
61.68
51.54
54.90
38.82
19.90
18.11
14.18
12.72
14.47
15.95
18.02
11.22
11.48
15.17
14.40
15.48
14.72
17.26
16.28
13.99
15.48
11.59
14.54
15.98
16.88
13.85
14.18
13.23
13.18
17.97
18.62
17.99
14.76
15.05
17.56
12.53
14.18
14.86
16.03
12.47
15.64
14.03
16.92
14.91
13.71
12.11
17.47
16.24
14.39
12.31
13.82
16.50
17.27
17.22
21.71
17.95
20.15
20.56
17.01
21.37
20.61
17.81
17.51
14.76
18.43
15.19
16.79
15.21
20.72
19.13
17.77
20.25
15.95
20.66
18.96
19.06
20.05
17.90
20.88
16.62
19.02
21.39
19.28
17.69
19.90
18.60
22.56
20.30
20.82
20.51
21.68
22.17
19.33
20.10
22.59
16.11
23.33
19.33
17.77
18.16
18.23
20.61
18.32
19.85
17.40
18.88
22.19
14.99
20.66
20.30
19.33
18.51
18.41
20.20
16.67
19.74
18.67
16.54
18.65
21.37
17.35
21.52
20.31
19.44
20.92
17.57
21.68
15.56
16.71
20.72
19.69
17.56
17.53
22.22
18.93
20.15
18.78
20.20
19.02
18.88
17.81
17.77
19.28
17.56
19.80
19.28
18.51
16.88
19.69
21.07
17.44
20.20
21.76
15.91
18.53
17.22
14.61
22.90
22.84
20.56
20.56
16.33
19.44
18.51
19.18
21.63
15.27
17.39
16.33
20.05
16.41
17.69
18.62
20.56
21.93
20.77
19.28
19.33
19.07
17.95
19.18
17.78
15.86
21.01
20.66
17.72
18.07
15.27
19.06
14.95
14.83
19.39
17.95
16.92
14.40
17.99
20.82
19.90
16.62
17.48
20.05
20.67
21.77
17.53
21.17
22.88
19.33
18.88
15.90
20.56
19.13
17.01
17.95
17.90
19.28
19.54
16.92
14.36
20.67
18.93
16.75
17.90
16.33
17.81
17.97
15.82
19.90
12.94
15.87
20.72
20.30
19.18
19.90
23.47
16.07
21.27
13.27
13.88
17.90
19.74
18.67
16.02
20.51
13.67
19.44
16.54
18.83
15.17
17.18
17.44
17.88
18.56
18.72
27.41
17.14
17.99
15.52
18.62
18.93
15.01
15.64
15.60
18.37
15.40
18.97
16.80
13.81
12.15
10.89
12.47
9.82
14.14
12.18
13.74
10.86
10.35
12.24
11.96
8.91
7.36
9.37
10.38
9.90
6.58
6.48
6.05
6.53
5.85
6.28
6.52
6.09
3.27
5.53
6.03
5.28
5.51
3.27
3.01
3.77
2.26
4.50
4.27
3.75
3.01
2.51
3.01
2.76
3.01
3.53
3.77
3.01
3.02
3.50
2.75
1.75
1.26
1.50
1.00
0.75
1.00
1.25
0.75
1.00
0.75
1.25
1.25
1.50
1.25
