Linux 3.11.0-15-generic (client-HVM-domU) 	04/01/2015

05:34:11 PM kbmemfree kbmemused  %memused kbbuffers  kbcached kbswpfree kbswpused  %swpused  kbswpcad
05:34:12 PM   5467228    381084      6.52     13932    131256   1045500         0      0.00         0
05:34:13 PM   5465584    382728      6.54     13940    131964   1045500         0      0.00         0
05:34:14 PM   5463456    384856      6.58     13948    131908   1045500         0      0.00         0
05:34:15 PM   5459268    389044      6.65     13956    131912   1045500         0      0.00         0
05:34:16 PM   5451296    397016      6.79     13964    131920   1045500         0      0.00         0
05:34:17 PM   5434644    413668      7.07     13972    131924   1045500         0      0.00         0
05:34:18 PM   5416380    431932      7.39     13980    131932   1045500         0      0.00         0
05:34:19 PM   5398828    449484      7.69     13988    131948   1045500         0      0.00         0
05:34:20 PM   5381360    466952      7.98     13996    131956   1045500         0      0.00         0
05:34:21 PM   5362344    485968      8.31     14004    131968   1045500         0      0.00         0
05:34:22 PM   5343840    504472      8.63     14012    132164   1045500         0      0.00         0
05:34:23 PM   5341752    506560      8.66     14020    132828   1045500         0      0.00         0
05:34:24 PM   5337516    510796      8.73     14028    132796   1045500         0      0.00         0
05:34:25 PM   5334580    513732      8.78     14036    132984   1045500         0      0.00         0
05:34:26 PM   5328964    519348      8.88     14044    134472   1045500         0      0.00         0
05:34:27 PM   5324120    524192      8.96     14052    135908   1045500         0      0.00         0
05:34:28 PM   5319648    528664      9.04     14064    136956   1045500         0      0.00         0
05:34:29 PM   5313092    535220      9.15     14072    138240   1045500         0      0.00         0
05:34:30 PM   5305524    542788      9.28     14080    139592   1045500         0      0.00         0
05:34:31 PM   5294804    553508      9.46     14088    141176   1045500         0      0.00         0
05:34:32 PM   5270288    578024      9.88     14096    142308   1045500         0      0.00         0
05:34:33 PM   5256792    591520     10.11     14104    143636   1045500         0      0.00         0
05:34:34 PM   5234052    614260     10.50     14112    144928   1045500         0      0.00         0
05:34:35 PM   5226624    621688     10.63     14120    146424   1045500         0      0.00         0
05:34:36 PM   5214632    633680     10.84     14128    147664   1045500         0      0.00         0
05:34:37 PM   5209680    638632     10.92     14136    149424   1045500         0      0.00         0
05:34:38 PM   5196200    652112     11.15     14144    150600   1045500         0      0.00         0
05:34:39 PM   5182620    665692     11.38     14152    152068   1045500         0      0.00         0
05:34:40 PM   5167556    680756     11.64     14160    154152   1045500         0      0.00         0
05:34:41 PM   5154176    694136     11.87     14168    156588   1045500         0      0.00         0
05:34:42 PM   5138872    709440     12.13     14180    158572   1045500         0      0.00         0
05:34:43 PM   5133868    714444     12.22     14188    160208   1045500         0      0.00         0
05:34:44 PM   5128160    720152     12.31     14196    162224   1045500         0      0.00         0
05:34:45 PM   5119996    728316     12.45     14204    164524   1045500         0      0.00         0
05:34:46 PM   5111708    736604     12.60     14212    167220   1045500         0      0.00         0
05:34:47 PM   5096732    751580     12.85     14220    169592   1045500         0      0.00         0
05:34:48 PM   5063432    784880     13.42     14228    172124   1045500         0      0.00         0
05:34:49 PM   5028812    819500     14.01     14236    175108   1045500         0      0.00         0
05:34:50 PM   4968368    879944     15.05     14244    177600   1045500         0      0.00         0
05:34:51 PM   4939672    908640     15.54     14252    180772   1045500         0      0.00         0
05:34:52 PM   4895672    952640     16.29     14260    183168   1045500         0      0.00         0
05:34:53 PM   4860916    987396     16.88     14268    186540   1045500         0      0.00         0
05:34:54 PM   4823568   1024744     17.52     14276    189504   1045500         0      0.00         0
05:34:55 PM   4802080   1046232     17.89     14284    192780   1045500         0      0.00         0
05:34:56 PM   4788540   1059772     18.12     14292    196012   1045500         0      0.00         0
05:34:57 PM   4774296   1074016     18.36     14300    200192   1045500         0      0.00         0
05:34:58 PM   4759116   1089196     18.62     14308    204280   1045500         0      0.00         0
05:34:59 PM   4751848   1096464     18.75     14316    207196   1045500         0      0.00         0
05:35:00 PM   4735220   1113092     19.03     14324    210472   1045500         0      0.00         0
05:35:01 PM   4722392   1125920     19.25     14332    213244   1045500         0      0.00         0
05:35:02 PM   4708824   1139488     19.48     14340    216880   1045500         0      0.00         0
05:35:03 PM   4696504   1151808     19.69     14348    220344   1045500         0      0.00         0
05:35:04 PM   4685028   1163284     19.89     14356    224480   1045500         0      0.00         0
05:35:05 PM   4672640   1175672     20.10     14364    228336   1045500         0      0.00         0
05:35:06 PM   4666204   1182108     20.21     14372    231832   1045500         0      0.00         0
05:35:07 PM   4658692   1189620     20.34     14380    235852   1045500         0      0.00         0
05:35:08 PM   4649360   1198952     20.50     14388    239364   1045500         0      0.00         0
05:35:09 PM   4641776   1206536     20.63     14396    243408   1045500         0      0.00         0
05:35:10 PM   4633812   1214500     20.77     14404    247068   1045500         0      0.00         0
05:35:11 PM   4626808   1221504     20.89     14412    251048   1045500         0      0.00         0
05:35:12 PM   4621476   1226836     20.98     14420    254784   1045500         0      0.00         0
05:35:13 PM   4615696   1232616     21.08     14432    258868   1045500         0      0.00         0
05:35:14 PM   4608700   1239612     21.20     14440    262488   1045500         0      0.00         0
05:35:15 PM   4602344   1245968     21.30     14448    266404   1045500         0      0.00         0
05:35:16 PM   4594700   1253612     21.44     14456    270032   1045500         0      0.00         0
05:35:17 PM   4586084   1262228     21.58     14464    273512   1045500         0      0.00         0
05:35:18 PM   4564508   1283804     21.95     14472    276276   1045500         0      0.00         0
05:35:19 PM   4522616   1325696     22.67     14480    280204   1045500         0      0.00         0
05:35:20 PM   4486444   1361868     23.29     14488    284100   1045500         0      0.00         0
05:35:21 PM   4472336   1375976     23.53     14496    286948   1045500         0      0.00         0
05:35:22 PM   4428448   1419864     24.28     14504    289460   1045500         0      0.00         0
05:35:23 PM   4392448   1455864     24.89     14512    292036   1045500         0      0.00         0
05:35:24 PM   4384596   1463716     25.03     14520    294968   1045500         0      0.00         0
05:35:25 PM   4376180   1472132     25.17     14528    297756   1045500         0      0.00         0
05:35:26 PM   4371784   1476528     25.25     14536    299448   1045500         0      0.00         0
05:35:27 PM   4368864   1479448     25.30     14544    299512   1045500         0      0.00         0
05:35:28 PM   4367012   1481300     25.33     14552    299596   1045500         0      0.00         0
05:35:29 PM   4364812   1483500     25.37     14560    299648   1045500         0      0.00         0
05:35:30 PM   4362868   1485444     25.40     14568    299732   1045500         0      0.00         0
05:35:31 PM   4361016   1487296     25.43     14576    299824   1045500         0      0.00         0
05:35:32 PM   4358400   1489912     25.48     14584    299884   1045500         0      0.00         0
05:35:33 PM   4356408   1491904     25.51     14592    299996   1045500         0      0.00         0
05:35:34 PM   4355548   1492764     25.52     14600    300076   1045500         0      0.00         0
05:35:35 PM   4355620   1492692     25.52     14608    300140   1045500         0      0.00         0
05:35:36 PM   4355380   1492932     25.53     14616    300184   1045500         0      0.00         0
05:35:37 PM   4355512   1492800     25.53     14624    300212   1045500         0      0.00         0
05:35:38 PM   4355444   1492868     25.53     14632    300412   1045500         0      0.00         0
05:35:39 PM   4355576   1492736     25.52     14640    300492   1045500         0      0.00         0
05:35:40 PM   4355840   1492472     25.52     14648    300628   1045500         0      0.00         0
05:35:41 PM   4355856   1492456     25.52     14656    300776   1045500         0      0.00         0
05:35:42 PM   4356060   1492252     25.52     14664    300988   1045500         0      0.00         0
05:35:43 PM   4356556   1491756     25.51     14672    301040   1045500         0      0.00         0
05:35:44 PM   4356808   1491504     25.50     14680    301164   1045500         0      0.00         0
05:35:45 PM   4357288   1491024     25.49     14688    301284   1045500         0      0.00         0
05:35:46 PM   4357740   1490572     25.49     14696    301588   1045500         0      0.00         0
05:35:47 PM   4358036   1490276     25.48     14704    301636   1045500         0      0.00         0
05:35:48 PM   4358704   1489608     25.47     14712    301768   1045500         0      0.00         0
05:35:49 PM   4359512   1488800     25.46     14720    301820   1045500         0      0.00         0
05:35:50 PM   4360008   1488304     25.45     14728    301920   1045500         0      0.00         0
05:35:51 PM   4361180   1487132     25.43     14736    302012   1045500         0      0.00         0
05:35:52 PM   4361312   1487000     25.43     14744    302444   1045500         0      0.00         0
05:35:53 PM   4361732   1486580     25.42     14752    302732   1045500         0      0.00         0
05:35:54 PM   4361564   1486748     25.42     14760    303076   1045500         0      0.00         0
05:35:55 PM   4362604   1485708     25.40     14768    303144   1045500         0      0.00         0
05:35:56 PM   4363148   1485164     25.39     14776    303308   1045500         0      0.00         0
05:35:57 PM   4364188   1484124     25.38     14784    303352   1045500         0      0.00         0
05:35:58 PM   4364700   1483612     25.37     14792    303444   1045500         0      0.00         0
05:35:59 PM   4365600   1482712     25.35     14800    303512   1045500         0      0.00         0
05:36:00 PM   4366936   1481376     25.33     14808    303568   1045500         0      0.00         0
05:36:01 PM   4367936   1480376     25.31     14816    303608   1045500         0      0.00         0
05:36:02 PM   4368596   1479716     25.30     14824    303760   1045500         0      0.00         0
05:36:03 PM   4368968   1479344     25.30     14832    303820   1045500         0      0.00         0
05:36:04 PM   4369908   1478404     25.28     14840    303944   1045500         0      0.00         0
05:36:05 PM   4371064   1477248     25.26     14848    304044   1045500         0      0.00         0
05:36:06 PM   4371608   1476704     25.25     14856    304156   1045500         0      0.00         0
05:36:07 PM   4372476   1475836     25.24     14864    304324   1045500         0      0.00         0
05:36:08 PM   4373640   1474672     25.22     14872    304452   1045500         0      0.00         0
05:36:09 PM   4374680   1473632     25.20     14880    304680   1045500         0      0.00         0
05:36:10 PM   4375536   1472776     25.18     14888    304688   1045500         0      0.00         0
05:36:11 PM   4376452   1471860     25.17     14896    304828   1045500         0      0.00         0
05:36:12 PM   4376996   1471316     25.16     14904    304932   1045500         0      0.00         0
05:36:13 PM   4378036   1470276     25.14     14912    305040   1045500         0      0.00         0
05:36:14 PM   4378984   1469328     25.12     14920    305144   1045500         0      0.00         0
05:36:15 PM   4379836   1468476     25.11     14928    305276   1045500         0      0.00         0
05:36:16 PM   4380816   1467496     25.09     14936    305372   1045500         0      0.00         0
05:36:17 PM   4380500   1467812     25.10     14944    306056   1045500         0      0.00         0
05:36:18 PM   4381120   1467192     25.09     14952    306160   1045500         0      0.00         0
05:36:19 PM   4382344   1465968     25.07     14960    306204   1045500         0      0.00         0
05:36:20 PM   4383068   1465244     25.05     14968    306248   1045500         0      0.00         0
05:36:21 PM   4383456   1464856     25.05     14976    306332   1045500         0      0.00         0
05:36:22 PM   4384684   1463628     25.03     14984    306408   1045500         0      0.00         0
05:36:23 PM   4385692   1462620     25.01     14992    306460   1045500         0      0.00         0
05:36:24 PM   4386576   1461736     24.99     15000    306536   1045500         0      0.00         0
05:36:25 PM   4387896   1460416     24.97     15008    306624   1045500         0      0.00         0
05:36:26 PM   4388812   1459500     24.96     15016    306668   1045500         0      0.00         0
05:36:27 PM   4389728   1458584     24.94     15024    306796   1045500         0      0.00         0
05:36:28 PM   4390472   1457840     24.93     15032    306832   1045500         0      0.00         0
05:36:29 PM   4390568   1457744     24.93     15040    306960   1045500         0      0.00         0
05:36:30 PM   4390452   1457860     24.93     15048    307084   1045500         0      0.00         0
05:36:31 PM   4391140   1457172     24.92     15056    307180   1045500         0      0.00         0
05:36:32 PM   4391948   1456364     24.90     15064    307228   1045500         0      0.00         0
05:36:33 PM   4392708   1455604     24.89     15072    307384   1045500         0      0.00         0
05:36:34 PM   4394068   1454244     24.87     15080    307444   1045500         0      0.00         0
05:36:35 PM   4394076   1454236     24.87     15088    307484   1045500         0      0.00         0
05:36:36 PM   4393488   1454824     24.88     15096    307604   1045500         0      0.00         0
05:36:37 PM   4393084   1455228     24.88     15104    307652   1045500         0      0.00         0
05:36:38 PM   4391648   1456664     24.91     15112    307788   1045500         0      0.00         0
05:36:39 PM   4392640   1455672     24.89     15120    307848   1045500         0      0.00         0
05:36:40 PM   4393768   1454544     24.87     15128    307896   1045500         0      0.00         0
05:36:41 PM   4394544   1453768     24.86     15136    307996   1045500         0      0.00         0
05:36:42 PM   4394528   1453784     24.86     15144    308076   1045500         0      0.00         0
05:36:43 PM   4395620   1452692     24.84     15152    308100   1045500         0      0.00         0
05:36:44 PM   4396436   1451876     24.83     15160    308260   1045500         0      0.00         0
05:36:45 PM   4397072   1451240     24.81     15168    308324   1045500         0      0.00         0
05:36:46 PM   4398360   1449952     24.79     15176    308416   1045500         0      0.00         0
05:36:47 PM   4399524   1448788     24.77     15184    308464   1045500         0      0.00         0
05:36:48 PM   4399224   1449088     24.78     15192    308564   1045500         0      0.00         0
05:36:49 PM   4398208   1450104     24.80     15200    308616   1045500         0      0.00         0
05:36:50 PM   4397140   1451172     24.81     15208    308660   1045500         0      0.00         0
05:36:51 PM   4395328   1452984     24.84     15216    308772   1045500         0      0.00         0
05:36:52 PM   4391104   1457208     24.92     15224    308876   1045500         0      0.00         0
05:36:53 PM   4381796   1466516     25.08     15232    308948   1045500         0      0.00         0
05:36:54 PM   4363560   1484752     25.39     15240    309116   1045500         0      0.00         0
05:36:55 PM   4363480   1484832     25.39     15248    309264   1045500         0      0.00         0
05:36:56 PM   4363792   1484520     25.38     15256    309344   1045500         0      0.00         0
05:36:57 PM   4364576   1483736     25.37     15264    309392   1045500         0      0.00         0
05:36:58 PM   4364956   1483356     25.36     15272    309444   1045500         0      0.00         0
05:36:59 PM   4365988   1482324     25.35     15280    309496   1045500         0      0.00         0
05:37:00 PM   4366756   1481556     25.33     15288    309640   1045500         0      0.00         0
05:37:01 PM   4367168   1481144     25.33     15296    309760   1045500         0      0.00         0
05:37:02 PM   4368016   1480296     25.31     15304    309812   1045500         0      0.00         0
05:37:03 PM   4367900   1480412     25.31     15312    309852   1045500         0      0.00         0
05:37:04 PM   4367380   1480932     25.32     15320    309896   1045500         0      0.00         0
05:37:05 PM   4367380   1480932     25.32     15328    309932   1045500         0      0.00         0
05:37:06 PM   4366784   1481528     25.33     15336    309980   1045500         0      0.00         0
05:37:07 PM   4366256   1482056     25.34     15344    310092   1045500         0      0.00         0
05:37:08 PM   4365192   1483120     25.36     15352    310216   1045500         0      0.00         0
05:37:09 PM   4364976   1483336     25.36     15360    310260   1045500         0      0.00         0
05:37:10 PM   4365192   1483120     25.36     15368    310364   1045500         0      0.00         0
05:37:11 PM   4366280   1482032     25.34     15376    310404   1045500         0      0.00         0
05:37:12 PM   4366876   1481436     25.33     15384    310448   1045500         0      0.00         0
05:37:13 PM   4368120   1480192     25.31     15392    310552   1045500         0      0.00         0
05:37:14 PM   4368708   1479604     25.30     15400    310596   1045500         0      0.00         0
05:37:15 PM   4369344   1478968     25.29     15408    310824   1045500         0      0.00         0
05:37:16 PM   4370696   1477616     25.27     15416    310828   1045500         0      0.00         0
05:37:17 PM   4371860   1476452     25.25     15424    310868   1045500         0      0.00         0
05:37:18 PM   4372652   1475660     25.23     15432    311048   1045500         0      0.00         0
05:37:19 PM   4373412   1474900     25.22     15440    311156   1045500         0      0.00         0
05:37:20 PM   4374296   1474016     25.20     15448    311200   1045500         0      0.00         0
05:37:21 PM   4375400   1472912     25.19     15456    311280   1045500         0      0.00         0
05:37:22 PM   4376696   1471616     25.16     15464    311868   1045500         0      0.00         0
05:37:23 PM   4376112   1472200     25.17     15472    311844   1045500         0      0.00         0
05:37:24 PM   4374964   1473348     25.19     15480    311988   1045500         0      0.00         0
05:37:25 PM   4375092   1473220     25.19     15488    312020   1045500         0      0.00         0
05:37:26 PM   4375340   1472972     25.19     15496    312048   1045500         0      0.00         0
05:37:27 PM   4376488   1471824     25.17     15504    312140   1045500         0      0.00         0
05:37:28 PM   4377652   1470660     25.15     15512    312172   1045500         0      0.00         0
05:37:29 PM   4377700   1470612     25.15     15520    312204   1045500         0      0.00         0
05:37:30 PM   4378328   1469984     25.14     15528    312340   1045500         0      0.00         0
05:37:31 PM   4378368   1469944     25.13     15536    312500   1045500         0      0.00         0
05:37:32 PM   4377080   1471232     25.16     15544    312548   1045500         0      0.00         0
05:37:33 PM   4376676   1471636     25.16     15552    312576   1045500         0      0.00         0
05:37:34 PM   4377512   1470800     25.15     15560    312680   1045500         0      0.00         0
05:37:35 PM   4377460   1470852     25.15     15568    312776   1045500         0      0.00         0
05:37:36 PM   4376940   1471372     25.16     15576    312816   1045500         0      0.00         0
05:37:37 PM   4375532   1472780     25.18     15584    312932   1045500         0      0.00         0
05:37:38 PM   4373408   1474904     25.22     15592    312968   1045500         0      0.00         0
05:37:39 PM   4373256   1475056     25.22     15600    313068   1045500         0      0.00         0
05:37:40 PM   4374244   1474068     25.21     15608    313116   1045500         0      0.00         0
05:37:41 PM   4374016   1474296     25.21     15616    313240   1045500         0      0.00         0
05:37:42 PM   4374892   1473420     25.19     15624    313272   1045500         0      0.00         0
05:37:43 PM   4375668   1472644     25.18     15632    313372   1045500         0      0.00         0
05:37:44 PM   4374676   1473636     25.20     15640    313444   1045500         0      0.00         0
05:37:45 PM   4374372   1473940     25.20     15648    313524   1045500         0      0.00         0
05:37:46 PM   4375148   1473164     25.19     15656    313552   1045500         0      0.00         0
05:37:47 PM   4375088   1473224     25.19     15664    313652   1045500         0      0.00         0
05:37:48 PM   4374596   1473716     25.20     15672    313708   1045500         0      0.00         0
05:37:49 PM   4374064   1474248     25.21     15680    313772   1045500         0      0.00         0
05:37:50 PM   4371472   1476840     25.25     15688    313804   1045500         0      0.00         0
05:37:51 PM   4372372   1475940     25.24     15696    313844   1045500         0      0.00         0
05:37:52 PM   4371780   1476532     25.25     15704    313936   1045500         0      0.00         0
05:37:53 PM   4372784   1475528     25.23     15712    313976   1045500         0      0.00         0
05:37:54 PM   4374116   1474196     25.21     15720    314008   1045500         0      0.00         0
05:37:55 PM   4374716   1473596     25.20     15728    314084   1045500         0      0.00         0
05:37:56 PM   4375640   1472672     25.18     15736    314360   1045500         0      0.00         0
05:37:57 PM   4376788   1471524     25.16     15744    314400   1045500         0      0.00         0
05:37:58 PM   4375952   1472360     25.18     15752    314624   1045500         0      0.00         0
05:37:59 PM   4373988   1474324     25.21     15760    314748   1045500         0      0.00         0
05:38:00 PM   4369120   1479192     25.29     15768    315008   1045500         0      0.00         0
05:38:01 PM   4359968   1488344     25.45     15776    315060   1045500         0      0.00         0
05:38:02 PM   4346700   1501612     25.68     15784    315192   1045500         0      0.00         0
05:38:03 PM   4342792   1505520     25.74     15792    315224   1045500         0      0.00         0
05:38:04 PM   4343444   1504868     25.73     15800    315264   1045500         0      0.00         0
05:38:05 PM   4343896   1504416     25.72     15808    315288   1045500         0      0.00         0
05:38:06 PM   4344468   1503844     25.71     15816    315328   1045500         0      0.00         0
05:38:07 PM   4345408   1502904     25.70     15824    315464   1045500         0      0.00         0
05:38:08 PM   4346688   1501624     25.68     15832    315504   1045500         0      0.00         0
05:38:09 PM   4346628   1501684     25.68     15840    315592   1045500         0      0.00         0
05:38:10 PM   4347792   1500520     25.66     15848    315672   1045500         0      0.00         0
05:38:11 PM   4348452   1499860     25.65     15856    315712   1045500         0      0.00         0
05:38:12 PM   4349336   1498976     25.63     15864    315824   1045500         0      0.00         0
05:38:13 PM   4349912   1498400     25.62     15872    315856   1045500         0      0.00         0
05:38:14 PM   4351136   1497176     25.60     15880    315904   1045500         0      0.00         0
05:38:15 PM   4351788   1496524     25.59     15888    315936   1045500         0      0.00         0
05:38:16 PM   4353032   1495280     25.57     15896    316012   1045500         0      0.00         0
05:38:17 PM   4354072   1494240     25.55     15904    316436   1045500         0      0.00         0
05:38:18 PM   4354616   1493696     25.54     15912    316400   1045500         0      0.00         0
05:38:19 PM   4355716   1492596     25.52     15920    316456   1045500         0      0.00         0
05:38:20 PM   4356788   1491524     25.50     15928    316488   1045500         0      0.00         0
05:38:21 PM   4357924   1490388     25.48     15936    316584   1045500         0      0.00         0
05:38:22 PM   4359120   1489192     25.46     15944    316620   1045500         0      0.00         0
05:38:23 PM   4359848   1488464     25.45     15952    316672   1045500         0      0.00         0
05:38:24 PM   4361076   1487236     25.43     15960    316744   1045500         0      0.00         0
05:38:25 PM   4362116   1486196     25.41     15968    316788   1045500         0      0.00         0
05:38:26 PM   4363092   1485220     25.40     15976    316868   1045500         0      0.00         0
05:38:27 PM   4364196   1484116     25.38     15984    316912   1045500         0      0.00         0
05:38:28 PM   4365484   1482828     25.35     15992    316952   1045500         0      0.00         0
05:38:29 PM   4366524   1481788     25.34     16000    317040   1045500         0      0.00         0
05:38:30 PM   4367688   1480624     25.32     16008    317064   1045500         0      0.00         0
05:38:31 PM   4368604   1479708     25.30     16016    317520   1045500         0      0.00         0
05:38:32 PM   4369488   1478824     25.29     16024    317492   1045500         0      0.00         0
05:38:33 PM   4370808   1477504     25.26     16032    317524   1045500         0      0.00         0
05:38:34 PM   4372096   1476216     25.24     16040    317556   1045500         0      0.00         0
05:38:35 PM   4373228   1475084     25.22     16048    317640   1045500         0      0.00         0
05:38:36 PM   4374424   1473888     25.20     16056    317684   1045500         0      0.00         0
05:38:37 PM   4374224   1474088     25.21     16064    317804   1045500         0      0.00         0
05:38:38 PM   4375016   1473296     25.19     16072    317840   1045500         0      0.00         0
05:38:39 PM   4375820   1472492     25.18     16080    317920   1045500         0      0.00         0
05:38:40 PM   4374928   1473384     25.19     16088    317948   1045500         0      0.00         0
05:38:41 PM   4374876   1473436     25.19     16096    317992   1045500         0      0.00         0
05:38:42 PM   4374124   1474188     25.21     16104    318020   1045500         0      0.00         0
05:38:43 PM   4372492   1475820     25.23     16112    318060   1045500         0      0.00         0
05:38:44 PM   4368152   1480160     25.31     16120    318100   1045500         0      0.00         0
05:38:45 PM   4359816   1488496     25.45     16128    318144   1045500         0      0.00         0
05:38:46 PM   4359828   1488484     25.45     16136    318276   1045500         0      0.00         0
05:38:47 PM   4360108   1488204     25.45     16144    318316   1045500         0      0.00         0
05:38:48 PM   4360644   1487668     25.44     16152    318440   1045500         0      0.00         0
05:38:49 PM   4362048   1486264     25.41     16160    318488   1045500         0      0.00         0
05:38:50 PM   4362800   1485512     25.40     16168    318516   1045500         0      0.00         0
05:38:51 PM   4363864   1484448     25.38     16176    318564   1045500         0      0.00         0
05:38:52 PM   4364460   1483852     25.37     16184    318592   1045500         0      0.00         0
05:38:53 PM   4363688   1484624     25.39     16192    318684   1045500         0      0.00         0
05:38:54 PM   4364656   1483656     25.37     16200    318712   1045500         0      0.00         0
05:38:55 PM   4365060   1483252     25.36     16208    318752   1045500         0      0.00         0
05:38:56 PM   4365968   1482344     25.35     16216    318804   1045500         0      0.00         0
05:38:57 PM   4367164   1481148     25.33     16224    318876   1045500         0      0.00         0
05:38:58 PM   4368512   1479800     25.30     16232    318912   1045500         0      0.00         0
05:38:59 PM   4369708   1478604     25.28     16240    319048   1045500         0      0.00         0
05:39:00 PM   4370312   1478000     25.27     16248    319260   1045500         0      0.00         0
05:39:01 PM   4365012   1483300     25.36     16268    325240   1045500         0      0.00         0
05:39:02 PM   4366332   1481980     25.34     16276    325320   1045500         0      0.00         0
05:39:03 PM   4367308   1481004     25.32     16284    325396   1045500         0      0.00         0
05:39:04 PM   4368676   1479636     25.30     16292    325496   1045500         0      0.00         0
05:39:05 PM   4369452   1478860     25.29     16300    325528   1045500         0      0.00         0
05:39:06 PM   4370492   1477820     25.27     16308    325556   1045500         0      0.00         0
05:39:07 PM   4371780   1476532     25.25     16316    325596   1045500         0      0.00         0
05:39:08 PM   4372692   1475620     25.23     16324    325624   1045500         0      0.00         0
05:39:09 PM   4373984   1474328     25.21     16332    325652   1045500         0      0.00         0
05:39:10 PM   4375272   1473040     25.19     16340    325704   1045500         0      0.00         0
05:39:11 PM   4376216   1472096     25.17     16348    325728   1045500         0      0.00         0
05:39:12 PM   4376360   1471952     25.17     16356    325832   1045500         0      0.00         0
05:39:13 PM   4374296   1474016     25.20     16364    325940   1045500         0      0.00         0
05:39:14 PM   4370172   1478140     25.27     16372    325996   1045500         0      0.00         0
05:39:15 PM   4362428   1485884     25.41     16380    326032   1045500         0      0.00         0
05:39:16 PM   4344764   1503548     25.71     16388    326084   1045500         0      0.00         0
05:39:17 PM   4338712   1509600     25.81     16396    326124   1045500         0      0.00         0
05:39:18 PM   4308028   1540284     26.34     16404    326208   1045500         0      0.00         0
05:39:19 PM   4307628   1540684     26.34     16412    326252   1045500         0      0.00         0
05:39:20 PM   4307484   1540828     26.35     16420    326364   1045500         0      0.00         0
05:39:21 PM   4307368   1540944     26.35     16428    326432   1045500         0      0.00         0
05:39:22 PM   4307824   1540488     26.34     16436    326524   1045500         0      0.00         0
05:39:23 PM   4308300   1540012     26.33     16444    326572   1045500         0      0.00         0
05:39:24 PM   4308492   1539820     26.33     16452    326624   1045500         0      0.00         0
05:39:25 PM   4308844   1539468     26.32     16460    326664   1045500         0      0.00         0
05:39:26 PM   4308108   1540204     26.34     16468    326700   1045500         0      0.00         0
05:39:27 PM   4308952   1539360     26.32     16476    326736   1045500         0      0.00         0
05:39:28 PM   4309520   1538792     26.31     16484    326760   1045500         0      0.00         0
05:39:29 PM   4310676   1537636     26.29     16492    326968   1045500         0      0.00         0
05:39:30 PM   4311368   1536944     26.28     16500    327012   1045500         0      0.00         0
05:39:31 PM   4312624   1535688     26.26     16508    327088   1045500         0      0.00         0
05:39:32 PM   4313696   1534616     26.24     16516    327112   1045500         0      0.00         0
05:39:33 PM   4314208   1534104     26.23     16524    327144   1045500         0      0.00         0
05:39:34 PM   4315560   1532752     26.21     16532    327224   1045500         0      0.00         0
05:39:35 PM   4316692   1531620     26.19     16540    327264   1045500         0      0.00         0
05:39:36 PM   4317112   1531200     26.18     16548    327292   1045500         0      0.00         0
05:39:37 PM   4318432   1529880     26.16     16556    327332   1045500         0      0.00         0
05:39:38 PM   4319628   1528684     26.14     16564    327360   1045500         0      0.00         0
05:39:39 PM   4320760   1527552     26.12     16572    327396   1045500         0      0.00         0
05:39:40 PM   4322048   1526264     26.10     16580    327416   1045500         0      0.00         0
05:39:41 PM   4323164   1525148     26.08     16588    327496   1045500         0      0.00         0
05:39:42 PM   4324236   1524076     26.06     16596    327532   1045500         0      0.00         0
05:39:43 PM   4325400   1522912     26.04     16604    327560   1045500         0      0.00         0
05:39:44 PM   4326224   1522088     26.03     16612    327584   1045500         0      0.00         0
05:39:45 PM   4327420   1520892     26.01     16620    327624   1045500         0      0.00         0
05:39:46 PM   4328584   1519728     25.99     16628    327672   1045500         0      0.00         0
05:39:47 PM   4329688   1518624     25.97     16636    327736   1045500         0      0.00         0
05:39:48 PM   4330976   1517336     25.94     16644    327768   1045500         0      0.00         0
05:39:49 PM   4332016   1516296     25.93     16652    327800   1045500         0      0.00         0
05:39:50 PM   4333336   1514976     25.90     16660    327840   1045500         0      0.00         0
05:39:51 PM   4334532   1513780     25.88     16668    328044   1045500         0      0.00         0
05:39:52 PM   4335572   1512740     25.87     16676    328036   1045500         0      0.00         0
05:39:53 PM   4336832   1511480     25.84     16684    328056   1045500         0      0.00         0
05:39:54 PM   4337808   1510504     25.83     16692    328132   1045500         0      0.00         0
05:39:55 PM   4338852   1509460     25.81     16700    328152   1045500         0      0.00         0
05:39:56 PM   4340132   1508180     25.79     16708    328176   1045500         0      0.00         0
05:39:57 PM   4341336   1506976     25.77     16716    328204   1045500         0      0.00         0
05:39:58 PM   4342564   1505748     25.75     16724    328224   1045500         0      0.00         0
05:39:59 PM   4343852   1504460     25.72     16732    328240   1045500         0      0.00         0
05:40:00 PM   4345164   1503148     25.70     16740    328360   1045500         0      0.00         0
05:40:01 PM   4346320   1501992     25.68     16748    328432   1045500         0      0.00         0
05:40:02 PM   4347236   1501076     25.67     16756    328448   1045500         0      0.00         0
05:40:03 PM   4348432   1499880     25.65     16764    328464   1045500         0      0.00         0
05:40:04 PM   4349876   1498436     25.62     16772    328488   1045500         0      0.00         0
05:40:05 PM   4351164   1497148     25.60     16780    328516   1045500         0      0.00         0
05:40:06 PM   4351956   1496356     25.59     16788    328544   1045500         0      0.00         0
05:40:07 PM   4353088   1495224     25.57     16796    328608   1045500         0      0.00         0
05:40:08 PM   4354532   1493780     25.54     16804    328632   1045500         0      0.00         0
05:40:09 PM   4355572   1492740     25.52     16812    328640   1045500         0      0.00         0
05:40:10 PM   4356860   1491452     25.50     16820    328652   1045500         0      0.00         0
05:40:11 PM   4358104   1490208     25.48     16828    328660   1045500         0      0.00         0
05:40:12 PM   4359300   1489012     25.46     16836    328668   1045500         0      0.00         0
05:40:13 PM   4360464   1487848     25.44     16844    328684   1045500         0      0.00         0
05:40:14 PM   4361784   1486528     25.42     16852    328696   1045500         0      0.00         0
05:40:15 PM   4363072   1485240     25.40     16860    328708   1045500         0      0.00         0
05:40:16 PM   4364236   1484076     25.38     16868    328716   1045500         0      0.00         0
05:40:17 PM   4365648   1482664     25.35     16876    328724   1045500         0      0.00         0
05:40:18 PM   4366812   1481500     25.33     16884    328736   1045500         0      0.00         0
05:40:19 PM   4367976   1480336     25.31     16892    328744   1045500         0      0.00         0
05:40:20 PM   4369232   1479080     25.29     16900    328748   1045500         0      0.00         0
05:40:21 PM   4370428   1477884     25.27     16908    328756   1045500         0      0.00         0
05:40:22 PM   4371560   1476752     25.25     16916    328764   1045500         0      0.00         0
05:40:23 PM   4372756   1475556     25.23     16924    328772   1045500         0      0.00         0
05:40:24 PM   4373888   1474424     25.21     16932    328784   1045500         0      0.00         0
05:40:25 PM   4375176   1473136     25.19     16940    328792   1045500         0      0.00         0
05:40:26 PM   4376496   1471816     25.17     16948    328840   1045500         0      0.00         0
05:40:27 PM   4377628   1470684     25.15     16956    328848   1045500         0      0.00         0
05:40:28 PM   4379072   1469240     25.12     16964    328852   1045500         0      0.00         0
05:40:29 PM   4380236   1468076     25.10     16972    328860   1045500         0      0.00         0
05:40:30 PM   4381400   1466912     25.08     16980    328864   1045500         0      0.00         0
05:40:31 PM   4382796   1465516     25.06     16988    328872   1045500         0      0.00         0
05:40:32 PM   4383820   1464492     25.04     16996    328880   1045500         0      0.00         0
05:40:33 PM   4384920   1463392     25.02     17004    328884   1045500         0      0.00         0
05:40:35 PM   4386140   1462172     25.00     17012    328892   1045500         0      0.00         0
05:40:36 PM   4387420   1460892     24.98     17020    328900   1045500         0      0.00         0
05:40:36 PM   4388724   1459588     24.96     17028    328908   1045500         0      0.00         0
05:40:38 PM   4389964   1458348     24.94     17036    328912   1045500         0      0.00         0
05:40:39 PM   4391160   1457152     24.92     17044    328916   1045500         0      0.00         0
05:40:40 PM   4392168   1456144     24.90     17052    328924   1045500         0      0.00         0
05:40:41 PM   4393488   1454824     24.88     17060    328928   1045500         0      0.00         0
05:40:42 PM   4394736   1453576     24.85     17068    328932   1045500         0      0.00         0
05:40:43 PM   4395932   1452380     24.83     17076    328936   1045500         0      0.00         0
05:40:44 PM   4397244   1451068     24.81     17084    328940   1045500         0      0.00         0
05:40:45 PM   4398516   1449796     24.79     17092    328944   1045500         0      0.00         0
05:40:46 PM   4399640   1448672     24.77     17100    328948   1045500         0      0.00         0
05:40:47 PM   4400968   1447344     24.75     17108    328956   1045500         0      0.00         0
05:40:48 PM   4402140   1446172     24.73     17116    328960   1045500         0      0.00         0
05:40:49 PM   4403304   1445008     24.71     17124    328964   1045500         0      0.00         0
05:40:50 PM   4404584   1443728     24.69     17132    328968   1045500         0      0.00         0
05:40:51 PM   4405840   1442472     24.66     17140    328972   1045500         0      0.00         0
05:40:52 PM   4406964   1441348     24.65     17148    328976   1045500         0      0.00         0
Average:      4477909   1370403     23.43     15542    292917   1045500         0      0.00         0
