Linux 3.11.0-15-generic (client-HVM-domU) 	04/21/2015

01:16:10 AM kbmemfree kbmemused  %memused kbbuffers  kbcached kbswpfree kbswpused  %swpused  kbswpcad
01:16:15 AM    171140   6709360     97.51      6376     65456     35512   1009988     96.60    181372
01:16:16 AM    145756   6734744     97.88      6384     66104     37680   1007820     96.40    188244
01:16:17 AM    128472   6752028     98.13      6392     66240     40144   1005356     96.16    194720
01:16:18 AM    131760   6748740     98.09      4352     41868     42356   1003144     95.95    200688
01:16:20 AM     98676   6781824     98.57      3256     35764     44476   1001024     95.75    210668
01:17:58 AM    113568   6766932     98.35      1008     26132     12816   1032684     98.77    207668
01:19:40 AM    173044   6707456     97.49       136     15468       916   1044584     99.91     53976
01:20:25 AM    130980   6749520     98.10       584     22488      4016   1041484     99.62     63684
01:20:26 AM    115688   6764812     98.32       760     24668      4256   1041244     99.59     68396
01:20:32 AM     94996   6785504     98.62       632     20832      4512   1040988     99.57     64268
01:21:49 AM    124332   6756168     98.19        92      9716         0   1045500    100.00     12952
01:23:52 AM     99088   6781412     98.56       100      7152         0   1045500    100.00     21928
01:24:27 AM    100256   6780244     98.54       236      6252         0   1045500    100.00     17984
01:24:28 AM     97652   6782848     98.58       188      6772         0   1045500    100.00     18712
01:24:29 AM     95052   6785448     98.62       108      6032         0   1045500    100.00     17120
01:24:49 AM    107240   6773260     98.44       128      7924         0   1045500    100.00      8200
01:24:50 AM    109892   6770608     98.40       168      8148         0   1045500    100.00      8428
01:24:51 AM    108428   6772072     98.42       300      9708         0   1045500    100.00      8432
01:24:52 AM    105196   6775304     98.47       188     11704         0   1045500    100.00      9500
01:24:53 AM    107376   6773124     98.44       316      9448         0   1045500    100.00      9656
01:24:54 AM    112832   6767668     98.36       208      7364         0   1045500    100.00      9404
01:24:55 AM    110112   6770388     98.40       272      9472         0   1045500    100.00      9780
01:24:56 AM    112156   6768344     98.37       136      7976         0   1045500    100.00      8212
01:24:57 AM    106840   6773660     98.45       156      7076         0   1045500    100.00      8548
01:24:58 AM    117820   6762680     98.29       176      7148         0   1045500    100.00      8496
01:24:59 AM    115944   6764556     98.31       160      9080         0   1045500    100.00      8132
01:25:00 AM    112220   6768280     98.37       312     10724        36   1045464    100.00      8344
01:25:01 AM    113960   6766540     98.34       144      8212         0   1045500    100.00      7852
01:25:02 AM    111808   6768692     98.38       156      9372         0   1045500    100.00      7740
01:25:03 AM    113352   6767148     98.35       172      9404         0   1045500    100.00      8240
01:25:04 AM    115772   6764728     98.32       292      7756       128   1045372     99.99      6140
01:25:05 AM    127348   6753152     98.15       124      8328         0   1045500    100.00      5952
01:25:08 AM    127152   6753348     98.15       120      6516         0   1045500    100.00      6024
01:25:09 AM    127028   6753472     98.15       100      6256         0   1045500    100.00      6700
01:25:10 AM    123820   6756680     98.20       572      6720         0   1045500    100.00      6988
01:25:13 AM    120212   6760288     98.25       224      8248         0   1045500    100.00      7208
01:25:14 AM    120684   6759816     98.25       184      6532         8   1045492    100.00      7348
01:25:15 AM    138984   6741516     97.98      1324      7376       984   1044516     99.91      7400
01:25:16 AM    138564   6741936     97.99      1216      8236       244   1045256     99.98      7856
01:25:19 AM    138716   6741784     97.98       172      7032         0   1045500    100.00      8536
01:25:23 AM    111464   6769036     98.38       148     17376       100   1045400     99.99     18940
01:25:57 AM    249784   6630716     96.37       112      8188      3288   1042212     99.69     30336
01:26:06 AM    216836   6663664     96.85       368     14420      5832   1039668     99.44     41316
01:26:07 AM    335356   6545144     95.13      1004     17272      8384   1037116     99.20     42536
01:26:08 AM    348428   6532072     94.94       252     11032      9172   1036328     99.12     41928
01:26:09 AM    349692   6530808     94.92       160     13416      9528   1035972     99.09     40848
01:26:10 AM    356448   6524052     94.82       208      9612      9736   1035764     99.07     37996
01:26:11 AM    360624   6519876     94.76       148      6088      6820   1038680     99.35     37544
01:26:24 AM    350876   6529624     94.90       124      6528      5136   1040364     99.51     41508
01:26:44 AM    321152   6559348     95.33       120      6576         0   1045500    100.00     48784
01:27:01 AM    299664   6580836     95.64       116      9768      2184   1043316     99.79     47320
Average:       158122   6722378     97.70       798     14647      5652   1039848     99.46     42168
