Linux 3.11.0-15-generic (client-HVM-domU) 	04/22/2015

04:44:01 PM kbmemfree kbmemused  %memused kbbuffers  kbcached kbswpfree kbswpused  %swpused  kbswpcad
04:44:02 PM   2656636   2159484     44.84     20888    349416   1045500         0      0.00         0
04:44:03 PM   2656092   2160028     44.85     20896    349432   1045500         0      0.00         0
04:44:04 PM   2654696   2161424     44.88     20904    349444   1045500         0      0.00         0
04:44:05 PM   2650908   2165212     44.96     20912    349460   1045500         0      0.00         0
04:44:06 PM   2643584   2172536     45.11     20920    349472   1045500         0      0.00         0
04:44:07 PM   2627440   2188680     45.44     20928    349488   1045500         0      0.00         0
04:44:08 PM   2628264   2187856     45.43     20936    349512   1045500         0      0.00         0
04:44:09 PM   2627416   2188704     45.45     20944    349588   1045500         0      0.00         0
04:44:10 PM   2625336   2190784     45.49     20952    349604   1045500         0      0.00         0
04:44:11 PM   2623092   2193028     45.54     20960    349628   1045500         0      0.00         0
04:44:12 PM   2618740   2197380     45.63     20968    349648   1045500         0      0.00         0
04:44:13 PM   2605552   2210568     45.90     20976    349672   1045500         0      0.00         0
04:44:14 PM   2580068   2236052     46.43     20984    349692   1045500         0      0.00         0
04:44:15 PM   2556344   2259776     46.92     20992    349720   1045500         0      0.00         0
04:44:16 PM   2552204   2263916     47.01     21000    349760   1045500         0      0.00         0
04:44:17 PM   2547972   2268148     47.09     21008    349792   1045500         0      0.00         0
04:44:18 PM   2544728   2271392     47.16     21016    349836   1045500         0      0.00         0
04:44:19 PM   2541472   2274648     47.23     21024    349864   1045500         0      0.00         0
04:44:20 PM   2535504   2280616     47.35     21032    349896   1045500         0      0.00         0
04:44:21 PM   2520068   2296052     47.67     21040    349924   1045500         0      0.00         0
04:44:22 PM   2504872   2311248     47.99     21048    349964   1045500         0      0.00         0
04:44:23 PM   2474668   2341452     48.62     21056    350004   1045500         0      0.00         0
04:44:24 PM   2441132   2374988     49.31     21064    350052   1045500         0      0.00         0
04:44:25 PM   2413988   2402132     49.88     21072    350104   1045500         0      0.00         0
04:44:26 PM   2379920   2436200     50.58     21080    350144   1045500         0      0.00         0
04:44:27 PM   2368496   2447624     50.82     21088    350184   1045500         0      0.00         0
04:44:28 PM   2356060   2460060     51.08     21096    350224   1045500         0      0.00         0
04:44:29 PM   2342092   2474028     51.37     21104    350272   1045500         0      0.00         0
04:44:30 PM   2333960   2482160     51.54     21112    350316   1045500         0      0.00         0
04:44:31 PM   2327084   2489036     51.68     21120    350360   1045500         0      0.00         0
04:44:32 PM   2317120   2499000     51.89     21128    350408   1045500         0      0.00         0
04:44:33 PM   2310400   2505720     52.03     21136    350460   1045500         0      0.00         0
04:44:34 PM   2305816   2510304     52.12     21144    350508   1045500         0      0.00         0
04:44:35 PM   2300468   2515652     52.23     21152    350548   1045500         0      0.00         0
04:44:36 PM   2292832   2523288     52.39     21160    350600   1045500         0      0.00         0
04:44:37 PM   2282296   2533824     52.61     21168    350648   1045500         0      0.00         0
04:44:38 PM   2265108   2551012     52.97     21176    350692   1045500         0      0.00         0
04:44:39 PM   2228892   2587228     53.72     21184    350744   1045500         0      0.00         0
04:44:40 PM   2190736   2625384     54.51     21192    350796   1045500         0      0.00         0
04:44:41 PM   2151856   2664264     55.32     21200    350856   1045500         0      0.00         0
04:44:42 PM   2111556   2704564     56.16     21208    350908   1045500         0      0.00         0
04:44:43 PM   2071840   2744280     56.98     21216    350968   1045500         0      0.00         0
04:44:44 PM   2032080   2784040     57.81     21224    351028   1045500         0      0.00         0
04:44:45 PM   1988032   2828088     58.72     21232    351092   1045500         0      0.00         0
04:44:46 PM   1941976   2874144     59.68     21240    351160   1045500         0      0.00         0
04:44:47 PM   1902216   2913904     60.50     21248    351228   1045500         0      0.00         0
04:44:48 PM   1896204   2919916     60.63     21256    351300   1045500         0      0.00         0
04:44:49 PM   1890892   2925228     60.74     21264    351360   1045500         0      0.00         0
04:44:50 PM   1885772   2930348     60.84     21272    351416   1045500         0      0.00         0
04:44:51 PM   1878760   2937360     60.99     21280    351484   1045500         0      0.00         0
04:44:52 PM   1873636   2942484     61.10     21288    351544   1045500         0      0.00         0
04:44:53 PM   1870900   2945220     61.15     21296    351604   1045500         0      0.00         0
04:44:54 PM   1867596   2948524     61.22     21304    351676   1045500         0      0.00         0
04:44:55 PM   1862548   2953572     61.33     21312    351736   1045500         0      0.00         0
04:44:56 PM   1855972   2960148     61.46     21320    351800   1045500         0      0.00         0
04:44:57 PM   1843916   2972204     61.71     21328    351916   1045500         0      0.00         0
04:44:58 PM   1828596   2987524     62.03     21336    352012   1045500         0      0.00         0
04:44:59 PM   1819964   2996156     62.21     21344    352080   1045500         0      0.00         0
04:45:00 PM   1781548   3034572     63.01     21352    352144   1045500         0      0.00         0
04:45:01 PM   1741400   3074720     63.84     21360    352212   1045500         0      0.00         0
04:45:02 PM   1704092   3112028     64.62     21368    352280   1045500         0      0.00         0
04:45:03 PM   1665468   3150652     65.42     21376    352344   1045500         0      0.00         0
04:45:04 PM   1661668   3154452     65.50     21384    352408   1045500         0      0.00         0
04:45:05 PM   1661056   3155064     65.51     21392    352476   1045500         0      0.00         0
04:45:06 PM   1659296   3156824     65.55     21400    352544   1045500         0      0.00         0
04:45:07 PM   1657044   3159076     65.59     21408    352652   1045500         0      0.00         0
04:45:08 PM   1654820   3161300     65.64     21416    352732   1045500         0      0.00         0
04:45:09 PM   1651900   3164220     65.70     21424    352848   1045500         0      0.00         0
04:45:10 PM   1649592   3166528     65.75     21432    352920   1045500         0      0.00         0
04:45:11 PM   1648368   3167752     65.77     21440    352980   1045500         0      0.00         0
04:45:12 PM   1648084   3168036     65.78     21448    353044   1045500         0      0.00         0
04:45:13 PM   1648004   3168116     65.78     21456    353112   1045500         0      0.00         0
04:45:14 PM   1647680   3168440     65.79     21464    353180   1045500         0      0.00         0
04:45:15 PM   1648240   3167880     65.78     21472    353284   1045500         0      0.00         0
04:45:16 PM   1648560   3167560     65.77     21480    353360   1045500         0      0.00         0
04:45:17 PM   1648568   3167552     65.77     21488    353440   1045500         0      0.00         0
04:45:18 PM   1649104   3167016     65.76     21496    353500   1045500         0      0.00         0
04:45:19 PM   1649208   3166912     65.76     21504    353572   1045500         0      0.00         0
04:45:20 PM   1649764   3166356     65.74     21512    353648   1045500         0      0.00         0
04:45:21 PM   1650356   3165764     65.73     21520    353732   1045500         0      0.00         0
04:45:22 PM   1649184   3166936     65.76     21528    353800   1045500         0      0.00         0
04:45:23 PM   1646120   3170000     65.82     21536    353876   1045500         0      0.00         0
04:45:24 PM   1642112   3174008     65.90     21544    353940   1045500         0      0.00         0
04:45:25 PM   1633304   3182816     66.09     21552    354076   1045500         0      0.00         0
04:45:26 PM   1614376   3201744     66.48     21560    354160   1045500         0      0.00         0
04:45:27 PM   1613136   3202984     66.51     21568    354228   1045500         0      0.00         0
04:45:28 PM   1613168   3202952     66.50     21576    354296   1045500         0      0.00         0
04:45:29 PM   1614200   3201920     66.48     21584    354428   1045500         0      0.00         0
04:45:30 PM   1614240   3201880     66.48     21592    354496   1045500         0      0.00         0
04:45:31 PM   1614464   3201656     66.48     21600    354572   1045500         0      0.00         0
04:45:32 PM   1614752   3201368     66.47     21608    354644   1045500         0      0.00         0
04:45:33 PM   1614508   3201612     66.48     21616    354720   1045500         0      0.00         0
04:45:34 PM   1614912   3201208     66.47     21624    354848   1045500         0      0.00         0
04:45:35 PM   1615636   3200484     66.45     21632    354960   1045500         0      0.00         0
04:45:36 PM   1616072   3200048     66.44     21640    355036   1045500         0      0.00         0
04:45:37 PM   1617008   3199112     66.43     21648    355120   1045500         0      0.00         0
04:45:38 PM   1617104   3199016     66.42     21656    355192   1045500         0      0.00         0
04:45:39 PM   1616540   3199580     66.43     21664    355276   1045500         0      0.00         0
04:45:40 PM   1614248   3201872     66.48     21672    355344   1045500         0      0.00         0
04:45:41 PM   1609960   3206160     66.57     21680    355512   1045500         0      0.00         0
04:45:42 PM   1600532   3215588     66.77     21688    355588   1045500         0      0.00         0
04:45:43 PM   1600192   3215928     66.77     21696    355676   1045500         0      0.00         0
04:45:44 PM   1598160   3217960     66.82     21704    355740   1045500         0      0.00         0
04:45:45 PM   1594560   3221560     66.89     21712    355820   1045500         0      0.00         0
04:45:46 PM   1595412   3220708     66.87     21720    355904   1045500         0      0.00         0
04:45:47 PM   1595880   3220240     66.86     21728    356012   1045500         0      0.00         0
04:45:48 PM   1595956   3220164     66.86     21736    356080   1045500         0      0.00         0
04:45:49 PM   1595520   3220600     66.87     21744    356160   1045500         0      0.00         0
04:45:50 PM   1595364   3220756     66.87     21752    356280   1045500         0      0.00         0
04:45:51 PM   1595652   3220468     66.87     21760    356348   1045500         0      0.00         0
04:45:52 PM   1594848   3221272     66.89     21768    356436   1045500         0      0.00         0
04:45:53 PM   1595284   3220836     66.88     21776    356508   1045500         0      0.00         0
04:45:54 PM   1595784   3220336     66.87     21784    356596   1045500         0      0.00         0
04:45:55 PM   1595672   3220448     66.87     21792    356664   1045500         0      0.00         0
04:45:56 PM   1596828   3219292     66.84     21800    356828   1045500         0      0.00         0
04:45:57 PM   1595580   3220540     66.87     21808    356904   1045500         0      0.00         0
04:45:58 PM   1592804   3223316     66.93     21816    356976   1045500         0      0.00         0
04:45:59 PM   1588588   3227532     67.02     21824    357048   1045500         0      0.00         0
04:46:00 PM   1579156   3236964     67.21     21832    357172   1045500         0      0.00         0
04:46:01 PM   1579056   3237064     67.21     21840    357396   1045500         0      0.00         0
04:46:02 PM   1579628   3236492     67.20     21848    357468   1045500         0      0.00         0
04:46:03 PM   1580228   3235892     67.19     21856    357540   1045500         0      0.00         0
04:46:04 PM   1580988   3235132     67.17     21864    357640   1045500         0      0.00         0
04:46:05 PM   1581832   3234288     67.16     21872    357716   1045500         0      0.00         0
04:46:06 PM   1581312   3234808     67.17     21880    357788   1045500         0      0.00         0
04:46:07 PM   1582088   3234032     67.15     21888    357868   1045500         0      0.00         0
04:46:08 PM   1582732   3233388     67.14     21896    357988   1045500         0      0.00         0
04:46:09 PM   1583516   3232604     67.12     21904    358064   1045500         0      0.00         0
04:46:10 PM   1584652   3231468     67.10     21912    358140   1045500         0      0.00         0
04:46:11 PM   1585532   3230588     67.08     21920    358200   1045500         0      0.00         0
04:46:12 PM   1586584   3229536     67.06     21928    358304   1045500         0      0.00         0
04:46:13 PM   1587524   3228596     67.04     21936    358408   1045500         0      0.00         0
04:46:14 PM   1588408   3227712     67.02     21944    358488   1045500         0      0.00         0
04:46:15 PM   1589676   3226444     66.99     21952    358556   1045500         0      0.00         0
04:46:16 PM   1588580   3227540     67.02     21960    358632   1045500         0      0.00         0
04:46:17 PM   1587120   3229000     67.05     21968    358712   1045500         0      0.00         0
04:46:18 PM   1584264   3231856     67.10     21976    358796   1045500         0      0.00         0
04:46:19 PM   1583296   3232824     67.13     21984    358868   1045500         0      0.00         0
04:46:20 PM   1583148   3232972     67.13     21992    358932   1045500         0      0.00         0
04:46:21 PM   1584272   3231848     67.10     22000    359000   1045500         0      0.00         0
04:46:22 PM   1585272   3230848     67.08     22008    359128   1045500         0      0.00         0
04:46:23 PM   1586552   3229568     67.06     22016    359196   1045500         0      0.00         0
04:46:24 PM   1586868   3229252     67.05     22024    359268   1045500         0      0.00         0
04:46:25 PM   1587656   3228464     67.03     22032    359332   1045500         0      0.00         0
04:46:26 PM   1589308   3226812     67.00     22040    359400   1045500         0      0.00         0
04:46:27 PM   1589956   3226164     66.99     22048    359472   1045500         0      0.00         0
04:46:28 PM   1590892   3225228     66.97     22056    359540   1045500         0      0.00         0
04:46:29 PM   1591432   3224688     66.96     22064    359660   1045500         0      0.00         0
04:46:30 PM   1591288   3224832     66.96     22072    359728   1045500         0      0.00         0
04:46:31 PM   1592456   3223664     66.93     22080    359796   1045500         0      0.00         0
04:46:32 PM   1591392   3224728     66.96     22088    359860   1045500         0      0.00         0
04:46:33 PM   1589608   3226512     66.99     22096    359936   1045500         0      0.00         0
04:46:34 PM   1585584   3230536     67.08     22104    360024   1045500         0      0.00         0
04:46:35 PM   1576628   3239492     67.26     22112    360100   1045500         0      0.00         0
04:46:36 PM   1557468   3258652     67.66     22120    360172   1045500         0      0.00         0
04:46:37 PM   1557244   3258876     67.67     22128    360244   1045500         0      0.00         0
04:46:38 PM   1557616   3258504     67.66     22136    360316   1045500         0      0.00         0
04:46:39 PM   1558388   3257732     67.64     22144    360424   1045500         0      0.00         0
04:46:40 PM   1558792   3257328     67.63     22152    360496   1045500         0      0.00         0
04:46:41 PM   1557276   3258844     67.67     22160    360564   1045500         0      0.00         0
04:46:42 PM   1555168   3260952     67.71     22168    360640   1045500         0      0.00         0
04:46:43 PM   1555232   3260888     67.71     22176    360716   1045500         0      0.00         0
04:46:44 PM   1555384   3260736     67.70     22184    360780   1045500         0      0.00         0
04:46:45 PM   1557324   3258796     67.66     22192    360852   1045500         0      0.00         0
04:46:46 PM   1558360   3257760     67.64     22200    360928   1045500         0      0.00         0
04:46:47 PM   1558880   3257240     67.63     22208    361008   1045500         0      0.00         0
04:46:48 PM   1558380   3257740     67.64     22216    361120   1045500         0      0.00         0
04:46:49 PM   1558176   3257944     67.65     22224    361192   1045500         0      0.00         0
04:46:50 PM   1557828   3258292     67.65     22232    361308   1045500         0      0.00         0
04:46:51 PM   1557776   3258344     67.65     22240    361388   1045500         0      0.00         0
04:46:52 PM   1558836   3257284     67.63     22248    361464   1045500         0      0.00         0
04:46:53 PM   1559440   3256680     67.62     22256    361536   1045500         0      0.00         0
04:46:54 PM   1559032   3257088     67.63     22264    361600   1045500         0      0.00         0
04:46:55 PM   1557204   3258916     67.67     22272    361672   1045500         0      0.00         0
04:46:56 PM   1552516   3263604     67.76     22280    361756   1045500         0      0.00         0
04:46:57 PM   1543292   3272828     67.96     22288    362048   1045500         0      0.00         0
04:46:58 PM   1542084   3274036     67.98     22296    362120   1045500         0      0.00         0
04:46:59 PM   1541924   3274196     67.98     22304    362192   1045500         0      0.00         0
04:47:00 PM   1542424   3273696     67.97     22312    362304   1045500         0      0.00         0
04:47:01 PM   1543776   3272344     67.95     22320    362520   1045500         0      0.00         0
04:47:02 PM   1544236   3271884     67.94     22328    362624   1045500         0      0.00         0
04:47:03 PM   1545464   3270656     67.91     22336    362692   1045500         0      0.00         0
04:47:04 PM   1546544   3269576     67.89     22344    362760   1045500         0      0.00         0
04:47:05 PM   1546516   3269604     67.89     22352    362832   1045500         0      0.00         0
04:47:06 PM   1547700   3268420     67.86     22360    362892   1045500         0      0.00         0
04:47:07 PM   1548956   3267164     67.84     22368    362964   1045500         0      0.00         0
04:47:08 PM   1549664   3266456     67.82     22376    363036   1045500         0      0.00         0
04:47:09 PM   1550468   3265652     67.81     22384    363112   1045500         0      0.00         0
04:47:10 PM   1551236   3264884     67.79     22392    363184   1045500         0      0.00         0
04:47:11 PM   1551228   3264892     67.79     22400    363252   1045500         0      0.00         0
04:47:12 PM   1552476   3263644     67.77     22408    363328   1045500         0      0.00         0
04:47:13 PM   1553396   3262724     67.75     22416    363408   1045500         0      0.00         0
04:47:14 PM   1553092   3263028     67.75     22424    363484   1045500         0      0.00         0
04:47:15 PM   1553544   3262576     67.74     22432    363564   1045500         0      0.00         0
04:47:16 PM   1555520   3260600     67.70     22440    363632   1045500         0      0.00         0
04:47:17 PM   1556380   3259740     67.68     22448    363700   1045500         0      0.00         0
04:47:18 PM   1556220   3259900     67.69     22456    363776   1045500         0      0.00         0
04:47:19 PM   1557432   3258688     67.66     22464    363848   1045500         0      0.00         0
04:47:20 PM   1559132   3256988     67.63     22472    364064   1045500         0      0.00         0
04:47:21 PM   1559888   3256232     67.61     22480    364136   1045500         0      0.00         0
04:47:22 PM   1559360   3256760     67.62     22488    364200   1045500         0      0.00         0
04:47:23 PM   1560004   3256116     67.61     22496    364268   1045500         0      0.00         0
04:47:24 PM   1559888   3256232     67.61     22504    364504   1045500         0      0.00         0
04:47:25 PM   1559084   3257036     67.63     22512    364580   1045500         0      0.00         0
04:47:26 PM   1559800   3256320     67.61     22520    364644   1045500         0      0.00         0
04:47:27 PM   1560824   3255296     67.59     22528    364708   1045500         0      0.00         0
04:47:28 PM   1560216   3255904     67.60     22536    364772   1045500         0      0.00         0
04:47:29 PM   1558064   3258056     67.65     22544    364848   1045500         0      0.00         0
04:47:30 PM   1554368   3261752     67.73     22552    364928   1045500         0      0.00         0
04:47:31 PM   1553908   3262212     67.74     22560    364996   1045500         0      0.00         0
04:47:32 PM   1554704   3261416     67.72     22568    365064   1045500         0      0.00         0
04:47:33 PM   1555216   3260904     67.71     22576    365132   1045500         0      0.00         0
04:47:34 PM   1556872   3259248     67.67     22584    365216   1045500         0      0.00         0
04:47:35 PM   1557516   3258604     67.66     22592    365280   1045500         0      0.00         0
04:47:36 PM   1558528   3257592     67.64     22600    365388   1045500         0      0.00         0
04:47:37 PM   1559788   3256332     67.61     22608    365448   1045500         0      0.00         0
04:47:38 PM   1560628   3255492     67.60     22616    365520   1045500         0      0.00         0
04:47:39 PM   1561676   3254444     67.57     22624    365696   1045500         0      0.00         0
04:47:40 PM   1562452   3253668     67.56     22632    365760   1045500         0      0.00         0
04:47:41 PM   1563580   3252540     67.53     22640    365832   1045500         0      0.00         0
04:47:42 PM   1564640   3251480     67.51     22648    365908   1045500         0      0.00         0
04:47:43 PM   1565908   3250212     67.49     22656    365972   1045500         0      0.00         0
04:47:44 PM   1567252   3248868     67.46     22664    366060   1045500         0      0.00         0
04:47:45 PM   1568216   3247904     67.44     22672    366168   1045500         0      0.00         0
04:47:46 PM   1568856   3247264     67.42     22680    366240   1045500         0      0.00         0
04:47:47 PM   1570268   3245852     67.40     22688    366312   1045500         0      0.00         0
04:47:48 PM   1571300   3244820     67.37     22696    366380   1045500         0      0.00         0
04:47:49 PM   1572424   3243696     67.35     22704    366444   1045500         0      0.00         0
04:47:50 PM   1573652   3242468     67.33     22712    366524   1045500         0      0.00         0
04:47:51 PM   1574632   3241488     67.30     22720    366592   1045500         0      0.00         0
04:47:52 PM   1575504   3240616     67.29     22728    366672   1045500         0      0.00         0
04:47:53 PM   1575356   3240764     67.29     22736    366740   1045500         0      0.00         0
04:47:54 PM   1573164   3242956     67.34     22744    366820   1045500         0      0.00         0
04:47:55 PM   1571552   3244568     67.37     22752    366892   1045500         0      0.00         0
04:47:56 PM   1568312   3247808     67.44     22760    366956   1045500         0      0.00         0
04:47:57 PM   1559760   3256360     67.61     22768    367028   1045500         0      0.00         0
04:47:58 PM   1542288   3273832     67.98     22776    367100   1045500         0      0.00         0
04:47:59 PM   1541388   3274732     68.00     22784    367168   1045500         0      0.00         0
04:48:00 PM   1541720   3274400     67.99     22792    367236   1045500         0      0.00         0
04:48:01 PM   1542620   3273500     67.97     22800    367304   1045500         0      0.00         0
04:48:02 PM   1543680   3272440     67.95     22808    367388   1045500         0      0.00         0
04:48:03 PM   1545052   3271068     67.92     22816    367452   1045500         0      0.00         0
04:48:04 PM   1545248   3270872     67.92     22824    367532   1045500         0      0.00         0
04:48:05 PM   1545872   3270248     67.90     22832    367752   1045500         0      0.00         0
04:48:06 PM   1546544   3269576     67.89     22840    367780   1045500         0      0.00         0
04:48:07 PM   1547388   3268732     67.87     22848    367852   1045500         0      0.00         0
04:48:08 PM   1548812   3267308     67.84     22856    367916   1045500         0      0.00         0
04:48:09 PM   1549652   3266468     67.82     22864    367996   1045500         0      0.00         0
04:48:10 PM   1550772   3265348     67.80     22872    368072   1045500         0      0.00         0
04:48:11 PM   1549828   3266292     67.82     22880    368140   1045500         0      0.00         0
04:48:12 PM   1549676   3266444     67.82     22888    368208   1045500         0      0.00         0
04:48:13 PM   1550672   3265448     67.80     22896    368268   1045500         0      0.00         0
04:48:14 PM   1551864   3264256     67.78     22904    368336   1045500         0      0.00         0
04:48:15 PM   1552496   3263624     67.76     22912    368420   1045500         0      0.00         0
04:48:16 PM   1553720   3262400     67.74     22920    368488   1045500         0      0.00         0
04:48:17 PM   1553520   3262600     67.74     22928    368576   1045500         0      0.00         0
04:48:18 PM   1554336   3261784     67.73     22936    368644   1045500         0      0.00         0
04:48:19 PM   1555188   3260932     67.71     22944    368704   1045500         0      0.00         0
04:48:20 PM   1556660   3259460     67.68     22952    368852   1045500         0      0.00         0
04:48:21 PM   1557556   3258564     67.66     22960    368916   1045500         0      0.00         0
04:48:22 PM   1558744   3257376     67.63     22968    368980   1045500         0      0.00         0
04:48:23 PM   1559816   3256304     67.61     22976    369052   1045500         0      0.00         0
04:48:24 PM   1560852   3255268     67.59     22984    369120   1045500         0      0.00         0
04:48:25 PM   1561772   3254348     67.57     22992    369184   1045500         0      0.00         0
04:48:26 PM   1563556   3252564     67.53     23000    369292   1045500         0      0.00         0
04:48:27 PM   1564688   3251432     67.51     23008    369352   1045500         0      0.00         0
04:48:28 PM   1565260   3250860     67.50     23016    369472   1045500         0      0.00         0
04:48:29 PM   1566052   3250068     67.48     23024    369540   1045500         0      0.00         0
04:48:30 PM   1567164   3248956     67.46     23032    369644   1045500         0      0.00         0
04:48:31 PM   1568256   3247864     67.44     23040    369768   1045500         0      0.00         0
04:48:32 PM   1569668   3246452     67.41     23048    369828   1045500         0      0.00         0
04:48:33 PM   1570956   3245164     67.38     23056    369936   1045500         0      0.00         0
04:48:34 PM   1571844   3244276     67.36     23064    370192   1045500         0      0.00         0
04:48:35 PM   1572540   3243580     67.35     23072    370268   1045500         0      0.00         0
04:48:36 PM   1573552   3242568     67.33     23080    370408   1045500         0      0.00         0
04:48:37 PM   1574600   3241520     67.31     23088    370472   1045500         0      0.00         0
04:48:38 PM   1575912   3240208     67.28     23096    370548   1045500         0      0.00         0
04:48:39 PM   1575380   3240740     67.29     23104    370612   1045500         0      0.00         0
04:48:40 PM   1574532   3241588     67.31     23112    370704   1045500         0      0.00         0
04:48:41 PM   1572712   3243408     67.34     23120    370780   1045500         0      0.00         0
04:48:42 PM   1569204   3246916     67.42     23128    370848   1045500         0      0.00         0
04:48:43 PM   1559876   3256244     67.61     23136    370916   1045500         0      0.00         0
04:48:44 PM   1543556   3272564     67.95     23144    371012   1045500         0      0.00         0
04:48:45 PM   1505608   3310512     68.74     23152    371080   1045500         0      0.00         0
04:48:46 PM   1506384   3309736     68.72     23160    371152   1045500         0      0.00         0
04:48:47 PM   1506332   3309788     68.72     23168    371220   1045500         0      0.00         0
04:48:48 PM   1507516   3308604     68.70     23176    371292   1045500         0      0.00         0
04:48:49 PM   1507280   3308840     68.70     23184    371420   1045500         0      0.00         0
04:48:50 PM   1507660   3308460     68.70     23192    371504   1045500         0      0.00         0
04:48:51 PM   1507020   3309100     68.71     23200    371628   1045500         0      0.00         0
04:48:52 PM   1507368   3308752     68.70     23208    371692   1045500         0      0.00         0
04:48:53 PM   1506728   3309392     68.71     23216    371788   1045500         0      0.00         0
04:48:54 PM   1507852   3308268     68.69     23224    371860   1045500         0      0.00         0
04:48:55 PM   1508668   3307452     68.67     23232    371932   1045500         0      0.00         0
04:48:56 PM   1509520   3306600     68.66     23240    372004   1045500         0      0.00         0
04:48:57 PM   1510216   3305904     68.64     23248    372068   1045500         0      0.00         0
04:48:58 PM   1510944   3305176     68.63     23256    372140   1045500         0      0.00         0
04:48:59 PM   1511928   3304192     68.61     23264    372208   1045500         0      0.00         0
04:49:00 PM   1512720   3303400     68.59     23272    372276   1045500         0      0.00         0
04:49:01 PM   1513632   3302488     68.57     23280    372344   1045500         0      0.00         0
04:49:02 PM   1514800   3301320     68.55     23288    372552   1045500         0      0.00         0
04:49:03 PM   1515308   3300812     68.54     23296    372620   1045500         0      0.00         0
04:49:04 PM   1516760   3299360     68.51     23304    372684   1045500         0      0.00         0
04:49:05 PM   1518076   3298044     68.48     23312    372780   1045500         0      0.00         0
04:49:06 PM   1519032   3297088     68.46     23320    372848   1045500         0      0.00         0
04:49:07 PM   1520104   3296016     68.44     23328    372936   1045500         0      0.00         0
04:49:08 PM   1521240   3294880     68.41     23336    373000   1045500         0      0.00         0
04:49:09 PM   1521436   3294684     68.41     23344    373116   1045500         0      0.00         0
04:49:10 PM   1522480   3293640     68.39     23352    373176   1045500         0      0.00         0
04:49:11 PM   1523856   3292264     68.36     23360    373252   1045500         0      0.00         0
04:49:12 PM   1524940   3291180     68.34     23368    373324   1045500         0      0.00         0
04:49:13 PM   1525752   3290368     68.32     23376    373396   1045500         0      0.00         0
04:49:14 PM   1526836   3289284     68.30     23384    373464   1045500         0      0.00         0
04:49:15 PM   1527988   3288132     68.27     23392    373536   1045500         0      0.00         0
04:49:16 PM   1529244   3286876     68.25     23400    373604   1045500         0      0.00         0
04:49:17 PM   1530284   3285836     68.23     23408    373668   1045500         0      0.00         0
04:49:18 PM   1531336   3284784     68.20     23416    373736   1045500         0      0.00         0
04:49:19 PM   1532068   3284052     68.19     23424    373848   1045500         0      0.00         0
04:49:20 PM   1533344   3282776     68.16     23432    373908   1045500         0      0.00         0
04:49:21 PM   1534456   3281664     68.14     23440    373992   1045500         0      0.00         0
04:49:22 PM   1535588   3280532     68.12     23448    374048   1045500         0      0.00         0
04:49:23 PM   1536684   3279436     68.09     23456    374100   1045500         0      0.00         0
04:49:24 PM   1538204   3277916     68.06     23464    374152   1045500         0      0.00         0
04:49:25 PM   1539408   3276712     68.04     23472    374200   1045500         0      0.00         0
04:49:26 PM   1540612   3275508     68.01     23480    374244   1045500         0      0.00         0
04:49:27 PM   1541992   3274128     67.98     23488    374288   1045500         0      0.00         0
04:49:28 PM   1543320   3272800     67.96     23496    374324   1045500         0      0.00         0
04:49:29 PM   1544896   3271224     67.92     23504    374376   1045500         0      0.00         0
04:49:30 PM   1546380   3269740     67.89     23512    374412   1045500         0      0.00         0
04:49:31 PM   1547380   3268740     67.87     23520    374440   1045500         0      0.00         0
04:49:32 PM   1548792   3267328     67.84     23528    374480   1045500         0      0.00         0
04:49:33 PM   1550300   3265820     67.81     23536    374508   1045500         0      0.00         0
04:49:34 PM   1552016   3264104     67.77     23544    374588   1045500         0      0.00         0
04:49:35 PM   1553088   3263032     67.75     23552    374612   1045500         0      0.00         0
04:49:36 PM   1554348   3261772     67.73     23560    374628   1045500         0      0.00         0
04:49:37 PM   1555548   3260572     67.70     23568    374660   1045500         0      0.00         0
04:49:38 PM   1556776   3259344     67.68     23576    374676   1045500         0      0.00         0
04:49:39 PM   1558004   3258116     67.65     23584    374696   1045500         0      0.00         0
04:49:40 PM   1559356   3256764     67.62     23592    374708   1045500         0      0.00         0
04:49:41 PM   1560724   3255396     67.59     23600    374876   1045500         0      0.00         0
04:49:42 PM   1561796   3254324     67.57     23608    374972   1045500         0      0.00         0
04:49:43 PM   1562900   3253220     67.55     23616    374984   1045500         0      0.00         0
04:49:44 PM   1564064   3252056     67.52     23624    374996   1045500         0      0.00         0
04:49:45 PM   1565176   3250944     67.50     23632    375040   1045500         0      0.00         0
04:49:46 PM   1566456   3249664     67.47     23640    375052   1045500         0      0.00         0
04:49:47 PM   1568024   3248096     67.44     23648    375064   1045500         0      0.00         0
04:49:48 PM   1568940   3247180     67.42     23656    375072   1045500         0      0.00         0
04:49:49 PM   1569900   3246220     67.40     23664    375076   1045500         0      0.00         0
04:49:50 PM   1571136   3244984     67.38     23672    375124   1045500         0      0.00         0
04:49:51 PM   1572256   3243864     67.35     23680    375128   1045500         0      0.00         0
04:49:52 PM   1573452   3242668     67.33     23688    375132   1045500         0      0.00         0
04:49:53 PM   1574744   3241376     67.30     23696    375148   1045500         0      0.00         0
04:49:54 PM   1575952   3240168     67.28     23704    375152   1045500         0      0.00         0
04:49:55 PM   1576660   3239460     67.26     23712    375164   1045500         0      0.00         0
04:49:56 PM   1577856   3238264     67.24     23720    375164   1045500         0      0.00         0
04:49:57 PM   1579020   3237100     67.21     23728    375176   1045500         0      0.00         0
04:49:58 PM   1580276   3235844     67.19     23736    375176   1045500         0      0.00         0
04:49:59 PM   1581596   3234524     67.16     23744    375180   1045500         0      0.00         0
04:50:00 PM   1582768   3233352     67.14     23752    375172   1045500         0      0.00         0
04:50:01 PM   1584148   3231972     67.11     23760    375192   1045500         0      0.00         0
04:50:02 PM   1585336   3230784     67.08     23768    375192   1045500         0      0.00         0
04:50:03 PM   1586392   3229728     67.06     23776    375196   1045500         0      0.00         0
04:50:04 PM   1587636   3228484     67.03     23784    375204   1045500         0      0.00         0
04:50:05 PM   1588196   3227924     67.02     23792    375212   1045500         0      0.00         0
04:50:06 PM   1589664   3226456     66.99     23800    375220   1045500         0      0.00         0
04:50:07 PM   1591132   3224988     66.96     23808    375220   1045500         0      0.00         0
04:50:08 PM   1592156   3223964     66.94     23816    375228   1045500         0      0.00         0
04:50:09 PM   1593120   3223000     66.92     23824    375236   1045500         0      0.00         0
04:50:10 PM   1594300   3221820     66.90     23832    375236   1045500         0      0.00         0
04:50:11 PM   1597288   3218832     66.83     23840    375236   1045500         0      0.00         0
04:50:12 PM   1597752   3218368     66.82     23848    375244   1045500         0      0.00         0
04:50:13 PM   1598928   3217192     66.80     23856    375248   1045500         0      0.00         0
04:50:14 PM   1600104   3216016     66.78     23864    375248   1045500         0      0.00         0
04:50:15 PM   1601160   3214960     66.75     23872    375268   1045500         0      0.00         0
04:50:16 PM   1602544   3213576     66.73     23880    375268   1045500         0      0.00         0
04:50:17 PM   1603520   3212600     66.71     23888    375276   1045500         0      0.00         0
04:50:18 PM   1604368   3211752     66.69     23896    375280   1045500         0      0.00         0
04:50:19 PM   1605068   3211052     66.67     23904    375280   1045500         0      0.00         0
04:50:20 PM   1606232   3209888     66.65     23912    375280   1045500         0      0.00         0
04:50:21 PM   1607432   3208688     66.62     23920    375288   1045500         0      0.00         0
04:50:22 PM   1608484   3207636     66.60     23928    375296   1045500         0      0.00         0
04:50:23 PM   1609440   3206680     66.58     23936    375296   1045500         0      0.00         0
04:50:24 PM   1610748   3205372     66.56     23944    375296   1045500         0      0.00         0
04:50:25 PM   1612128   3203992     66.53     23952    375312   1045500         0      0.00         0
04:50:26 PM   1615124   3200996     66.46     23960    375312   1045500         0      0.00         0
04:50:27 PM   1615936   3200184     66.45     23968    375316   1045500         0      0.00         0
04:50:28 PM   1617100   3199020     66.42     23976    375316   1045500         0      0.00         0
04:50:29 PM   1617924   3198196     66.41     23984    375328   1045500         0      0.00         0
04:50:30 PM   1618812   3197308     66.39     23992    375328   1045500         0      0.00         0
04:50:31 PM   1620292   3195828     66.36     24000    375340   1045500         0      0.00         0
04:50:32 PM   1621380   3194740     66.33     24008    375340   1045500         0      0.00         0
04:50:33 PM   1622560   3193560     66.31     24016    375336   1045500         0      0.00         0
04:50:34 PM   1623732   3192388     66.29     24024    375344   1045500         0      0.00         0
04:50:35 PM   1624884   3191236     66.26     24032    375344   1045500         0      0.00         0
04:50:36 PM   1625976   3190144     66.24     24040    375364   1045500         0      0.00         0
04:50:37 PM   1627120   3189000     66.22     24048    375364   1045500         0      0.00         0
04:50:38 PM   1628420   3187700     66.19     24056    375372   1045500         0      0.00         0
04:50:39 PM   1629448   3186672     66.17     24064    375372   1045500         0      0.00         0
04:50:40 PM   1630536   3185584     66.14     24072    375372   1045500         0      0.00         0
04:50:41 PM   1631868   3184252     66.12     24080    375384   1045500         0      0.00         0
Average:      1679278   3136842     65.13     22484    363659   1045500         0      0.00         0
