Linux 3.11.0-15-generic (client-HVM-domU) 	03/31/2015

07:38:52 PM kbmemfree kbmemused  %memused kbbuffers  kbcached kbswpfree kbswpused  %swpused  kbswpcad
07:38:53 PM   4014212   3898476     49.27     27528    403572   1045500         0      0.00         0
07:38:54 PM   4014084   3898604     49.27     27536    403592   1045500         0      0.00         0
07:38:55 PM   4013420   3899268     49.28     27544    403624   1045500         0      0.00         0
07:38:56 PM   4011744   3900944     49.30     27552    403652   1045500         0      0.00         0
07:38:57 PM   4008132   3904556     49.35     27560    403676   1045500         0      0.00         0
07:38:58 PM   4000004   3912684     49.45     27568    403704   1045500         0      0.00         0
07:38:59 PM   3986812   3925876     49.61     27576    403744   1045500         0      0.00         0
07:39:00 PM   3987220   3925468     49.61     27584    403768   1045500         0      0.00         0
07:39:01 PM   3986636   3926052     49.62     27592    403928   1045500         0      0.00         0
07:39:02 PM   3985376   3927312     49.63     27600    403964   1045500         0      0.00         0
07:39:03 PM   3984924   3927764     49.64     27608    404004   1045500         0      0.00         0
07:39:04 PM   3981764   3930924     49.68     27616    404040   1045500         0      0.00         0
07:39:05 PM   3972448   3940240     49.80     27624    404080   1045500         0      0.00         0
07:39:06 PM   3958132   3954556     49.98     27632    404124   1045500         0      0.00         0
07:39:07 PM   3932888   3979800     50.30     27640    404172   1045500         0      0.00         0
07:39:08 PM   3929652   3983036     50.34     27648    404236   1045500         0      0.00         0
07:39:09 PM   3926388   3986300     50.38     27656    404304   1045500         0      0.00         0
07:39:10 PM   3924356   3988332     50.40     27664    404396   1045500         0      0.00         0
07:39:11 PM   3914640   3998048     50.53     27672    404452   1045500         0      0.00         0
07:39:12 PM   3908148   4004540     50.61     27680    404508   1045500         0      0.00         0
07:39:13 PM   3892020   4020668     50.81     27688    404576   1045500         0      0.00         0
07:39:14 PM   3872296   4040392     51.06     27696    404644   1045500         0      0.00         0
07:39:15 PM   3846164   4066524     51.39     27704    404720   1045500         0      0.00         0
07:39:16 PM   3816804   4095884     51.76     27712    404792   1045500         0      0.00         0
07:39:17 PM   3812968   4099720     51.81     27720    404864   1045500         0      0.00         0
07:39:18 PM   3807736   4104952     51.88     27728    404932   1045500         0      0.00         0
07:39:19 PM   3803084   4109604     51.94     27736    405016   1045500         0      0.00         0
07:39:20 PM   3799240   4113448     51.99     27744    405092   1045500         0      0.00         0
07:39:21 PM   3794012   4118676     52.05     27752    405176   1045500         0      0.00         0
07:39:22 PM   3787728   4124960     52.13     27760    405260   1045500         0      0.00         0
07:39:23 PM   3782424   4130264     52.20     27768    405348   1045500         0      0.00         0
07:39:24 PM   3781876   4130812     52.20     27776    405432   1045500         0      0.00         0
07:39:25 PM   3780548   4132140     52.22     27784    405516   1045500         0      0.00         0
07:39:26 PM   3777924   4134764     52.25     27792    405604   1045500         0      0.00         0
07:39:27 PM   3773976   4138712     52.30     27800    405700   1045500         0      0.00         0
07:39:28 PM   3769696   4142992     52.36     27808    405784   1045500         0      0.00         0
07:39:29 PM   3758564   4154124     52.50     27816    405872   1045500         0      0.00         0
07:39:30 PM   3739492   4173196     52.74     27824    405964   1045500         0      0.00         0
07:39:31 PM   3703716   4208972     53.19     27832    406052   1045500         0      0.00         0
07:39:32 PM   3665772   4246916     53.67     27840    406148   1045500         0      0.00         0
07:39:33 PM   3628476   4284212     54.14     27848    406240   1045500         0      0.00         0
07:39:34 PM   3590752   4321936     54.62     27856    406340   1045500         0      0.00         0
07:39:35 PM   3552844   4359844     55.10     27864    406436   1045500         0      0.00         0
07:39:36 PM   3538452   4374236     55.28     27872    406536   1045500         0      0.00         0
07:39:37 PM   3507608   4405080     55.67     27880    406644   1045500         0      0.00         0
07:39:38 PM   3464580   4448108     56.21     27888    406740   1045500         0      0.00         0
07:39:39 PM   3427172   4485516     56.69     27896    406844   1045500         0      0.00         0
07:39:40 PM   3382500   4530188     57.25     27904    406980   1045500         0      0.00         0
07:39:41 PM   3340492   4572196     57.78     27912    407088   1045500         0      0.00         0
07:39:42 PM   3299644   4613044     58.30     27920    407192   1045500         0      0.00         0
07:39:43 PM   3258156   4654532     58.82     27928    407312   1045500         0      0.00         0
07:39:44 PM   3218748   4693940     59.32     27936    407420   1045500         0      0.00         0
07:39:45 PM   3174816   4737872     59.88     27944    407536   1045500         0      0.00         0
07:39:46 PM   3135768   4776920     60.37     27952    407632   1045500         0      0.00         0
07:39:47 PM   3096220   4816468     60.87     27960    407740   1045500         0      0.00         0
07:39:48 PM   3091500   4821188     60.93     27968    407852   1045500         0      0.00         0
07:39:49 PM   3087036   4825652     60.99     27976    407996   1045500         0      0.00         0
07:39:50 PM   3082884   4829804     61.04     27984    408156   1045500         0      0.00         0
07:39:51 PM   3079800   4832888     61.08     27992    408440   1045500         0      0.00         0
07:39:52 PM   3076588   4836100     61.12     28000    408544   1045500         0      0.00         0
07:39:53 PM   3073588   4839100     61.16     28008    408668   1045500         0      0.00         0
07:39:54 PM   3066824   4845864     61.24     28016    408772   1045500         0      0.00         0
07:39:55 PM   3059496   4853192     61.33     28024    408900   1045500         0      0.00         0
07:39:56 PM   3056800   4855888     61.37     28032    409012   1045500         0      0.00         0
07:39:57 PM   3055116   4857572     61.39     28040    409224   1045500         0      0.00         0
07:39:58 PM   3054096   4858592     61.40     28048    409364   1045500         0      0.00         0
07:39:59 PM   3052188   4860500     61.43     28056    409488   1045500         0      0.00         0
07:40:00 PM   3050788   4861900     61.44     28064    409592   1045500         0      0.00         0
07:40:01 PM   3047604   4865084     61.48     28072    409696   1045500         0      0.00         0
07:40:02 PM   3042276   4870412     61.55     28080    409808   1045500         0      0.00         0
07:40:03 PM   3034516   4878172     61.65     28088    410000   1045500         0      0.00         0
07:40:04 PM   3026064   4886624     61.76     28096    410116   1045500         0      0.00         0
07:40:05 PM   3008688   4904000     61.98     28104    410228   1045500         0      0.00         0
07:40:06 PM   3008560   4904128     61.98     28112    410332   1045500         0      0.00         0
07:40:07 PM   3009280   4903408     61.97     28120    410512   1045500         0      0.00         0
07:40:08 PM   3006764   4905924     62.00     28128    410636   1045500         0      0.00         0
07:40:09 PM   3004176   4908512     62.03     28136    410748   1045500         0      0.00         0
07:40:10 PM   3002336   4910352     62.06     28144    410860   1045500         0      0.00         0
07:40:11 PM   3002156   4910532     62.06     28152    410968   1045500         0      0.00         0
07:40:12 PM   3000476   4912212     62.08     28160    411072   1045500         0      0.00         0
07:40:13 PM   2997628   4915060     62.12     28168    411180   1045500         0      0.00         0
07:40:14 PM   2993072   4919616     62.17     28176    411292   1045500         0      0.00         0
07:40:15 PM   2991876   4920812     62.19     28184    411400   1045500         0      0.00         0
07:40:16 PM   2991932   4920756     62.19     28192    411560   1045500         0      0.00         0
07:40:17 PM   2990728   4921960     62.20     28200    411668   1045500         0      0.00         0
07:40:18 PM   2991068   4921620     62.20     28208    411780   1045500         0      0.00         0
07:40:19 PM   2990156   4922532     62.21     28216    411896   1045500         0      0.00         0
07:40:20 PM   2989212   4923476     62.22     28224    411996   1045500         0      0.00         0
07:40:21 PM   2985956   4926732     62.26     28232    412108   1045500         0      0.00         0
07:40:22 PM   2985468   4927220     62.27     28240    412212   1045500         0      0.00         0
07:40:23 PM   2984984   4927704     62.28     28248    412336   1045500         0      0.00         0
07:40:24 PM   2985864   4926824     62.26     28256    412508   1045500         0      0.00         0
07:40:25 PM   2987056   4925632     62.25     28264    412612   1045500         0      0.00         0
07:40:26 PM   2987840   4924848     62.24     28272    412732   1045500         0      0.00         0
07:40:27 PM   2987868   4924820     62.24     28280    412880   1045500         0      0.00         0
07:40:28 PM   2986100   4926588     62.26     28288    412988   1045500         0      0.00         0
07:40:29 PM   2987044   4925644     62.25     28296    413096   1045500         0      0.00         0
07:40:30 PM   2987668   4925020     62.24     28304    413216   1045500         0      0.00         0
07:40:31 PM   2988080   4924608     62.24     28312    413324   1045500         0      0.00         0
07:40:32 PM   2988960   4923728     62.23     28320    413440   1045500         0      0.00         0
07:40:33 PM   2988496   4924192     62.23     28328    413552   1045500         0      0.00         0
07:40:34 PM   2988676   4924012     62.23     28336    413704   1045500         0      0.00         0
07:40:35 PM   2989564   4923124     62.22     28344    413816   1045500         0      0.00         0
07:40:36 PM   2987432   4925256     62.25     28352    413924   1045500         0      0.00         0
07:40:37 PM   2985628   4927060     62.27     28360    414036   1045500         0      0.00         0
07:40:38 PM   2981068   4931620     62.33     28368    414152   1045500         0      0.00         0
07:40:39 PM   2971924   4940764     62.44     28376    414264   1045500         0      0.00         0
07:40:40 PM   2952780   4959908     62.68     28384    414372   1045500         0      0.00         0
07:40:41 PM   2914224   4998464     63.17     28392    414488   1045500         0      0.00         0
07:40:42 PM   2914132   4998556     63.17     28400    414592   1045500         0      0.00         0
07:40:43 PM   2913804   4998884     63.18     28408    414712   1045500         0      0.00         0
07:40:44 PM   2914724   4997964     63.16     28416    414812   1045500         0      0.00         0
07:40:45 PM   2914948   4997740     63.16     28424    414956   1045500         0      0.00         0
07:40:46 PM   2915576   4997112     63.15     28432    415060   1045500         0      0.00         0
07:40:47 PM   2915924   4996764     63.15     28440    415168   1045500         0      0.00         0
07:40:48 PM   2915592   4997096     63.15     28448    415316   1045500         0      0.00         0
07:40:49 PM   2915976   4996712     63.15     28456    415480   1045500         0      0.00         0
07:40:50 PM   2916864   4995824     63.14     28464    415584   1045500         0      0.00         0
07:40:51 PM   2917384   4995304     63.13     28472    415696   1045500         0      0.00         0
07:40:52 PM   2918332   4994356     63.12     28480    415804   1045500         0      0.00         0
07:40:53 PM   2918844   4993844     63.11     28488    415916   1045500         0      0.00         0
07:40:54 PM   2920200   4992488     63.09     28496    416024   1045500         0      0.00         0
07:40:55 PM   2920772   4991916     63.09     28504    416136   1045500         0      0.00         0
07:40:56 PM   2921816   4990872     63.07     28512    416232   1045500         0      0.00         0
07:40:57 PM   2922352   4990336     63.07     28520    416340   1045500         0      0.00         0
07:40:58 PM   2922964   4989724     63.06     28528    416460   1045500         0      0.00         0
07:40:59 PM   2924092   4988596     63.05     28536    416576   1045500         0      0.00         0
07:41:00 PM   2925200   4987488     63.03     28544    416728   1045500         0      0.00         0
07:41:01 PM   2925584   4987104     63.03     28552    416836   1045500         0      0.00         0
07:41:02 PM   2926876   4985812     63.01     28560    416988   1045500         0      0.00         0
07:41:03 PM   2927820   4984868     63.00     28568    417320   1045500         0      0.00         0
07:41:04 PM   2928368   4984320     62.99     28576    417484   1045500         0      0.00         0
07:41:05 PM   2929032   4983656     62.98     28584    417612   1045500         0      0.00         0
07:41:06 PM   2927980   4984708     63.00     28592    417720   1045500         0      0.00         0
07:41:07 PM   2928916   4983772     62.98     28600    417836   1045500         0      0.00         0
07:41:08 PM   2927432   4985256     63.00     28608    417976   1045500         0      0.00         0
07:41:09 PM   2927060   4985628     63.01     28616    418088   1045500         0      0.00         0
07:41:10 PM   2925972   4986716     63.02     28624    418192   1045500         0      0.00         0
07:41:11 PM   2924496   4988192     63.04     28632    418308   1045500         0      0.00         0
07:41:12 PM   2924524   4988164     63.04     28640    418424   1045500         0      0.00         0
07:41:13 PM   2925492   4987196     63.03     28648    418568   1045500         0      0.00         0
07:41:14 PM   2926712   4985976     63.01     28656    418676   1045500         0      0.00         0
07:41:15 PM   2927624   4985064     63.00     28664    418828   1045500         0      0.00         0
07:41:16 PM   2927796   4984892     63.00     28672    419192   1045500         0      0.00         0
07:41:17 PM   2928796   4983892     62.99     28680    419304   1045500         0      0.00         0
07:41:18 PM   2927624   4985064     63.00     28688    419416   1045500         0      0.00         0
07:41:19 PM   2927812   4984876     63.00     28696    419552   1045500         0      0.00         0
07:41:20 PM   2928432   4984256     62.99     28704    419664   1045500         0      0.00         0
07:41:21 PM   2929380   4983308     62.98     28712    419776   1045500         0      0.00         0
07:41:22 PM   2930136   4982552     62.97     28720    419960   1045500         0      0.00         0
07:41:23 PM   2930932   4981756     62.96     28728    420080   1045500         0      0.00         0
07:41:24 PM   2931704   4980984     62.95     28736    420208   1045500         0      0.00         0
07:41:25 PM   2932872   4979816     62.93     28744    420324   1045500         0      0.00         0
07:41:26 PM   2933752   4978936     62.92     28752    420436   1045500         0      0.00         0
07:41:27 PM   2932224   4980464     62.94     28760    420544   1045500         0      0.00         0
07:41:28 PM   2930344   4982344     62.97     28768    420652   1045500         0      0.00         0
07:41:29 PM   2925248   4987440     63.03     28776    420768   1045500         0      0.00         0
07:41:30 PM   2919144   4993544     63.11     28784    420952   1045500         0      0.00         0
07:41:31 PM   2901936   5010752     63.33     28792    421064   1045500         0      0.00         0
07:41:32 PM   2866072   5046616     63.78     28800    421176   1045500         0      0.00         0
07:41:33 PM   2863372   5049316     63.81     28808    421284   1045500         0      0.00         0
07:41:34 PM   2863952   5048736     63.81     28816    421400   1045500         0      0.00         0
07:41:35 PM   2860904   5051784     63.84     28824    421532   1045500         0      0.00         0
07:41:36 PM   2859324   5053364     63.86     28832    421644   1045500         0      0.00         0
07:41:37 PM   2858728   5053960     63.87     28840    421756   1045500         0      0.00         0
07:41:38 PM   2859448   5053240     63.86     28848    421868   1045500         0      0.00         0
07:41:39 PM   2858304   5054384     63.88     28856    421976   1045500         0      0.00         0
07:41:40 PM   2858936   5053752     63.87     28864    422080   1045500         0      0.00         0
07:41:41 PM   2859348   5053340     63.86     28872    422192   1045500         0      0.00         0
07:41:42 PM   2860664   5052024     63.85     28880    422316   1045500         0      0.00         0
07:41:43 PM   2861524   5051164     63.84     28888    422440   1045500         0      0.00         0
07:41:44 PM   2861376   5051312     63.84     28896    422556   1045500         0      0.00         0
07:41:45 PM   2861940   5050748     63.83     28904    422676   1045500         0      0.00         0
07:41:46 PM   2863308   5049380     63.81     28912    422788   1045500         0      0.00         0
07:41:47 PM   2864100   5048588     63.80     28920    422912   1045500         0      0.00         0
07:41:48 PM   2864644   5048044     63.80     28928    423028   1045500         0      0.00         0
07:41:49 PM   2865460   5047228     63.79     28936    423136   1045500         0      0.00         0
07:41:50 PM   2866316   5046372     63.78     28944    423244   1045500         0      0.00         0
07:41:51 PM   2867512   5045176     63.76     28952    423356   1045500         0      0.00         0
07:41:52 PM   2866544   5046144     63.77     28960    423468   1045500         0      0.00         0
07:41:53 PM   2866784   5045904     63.77     28968    423788   1045500         0      0.00         0
07:41:54 PM   2867608   5045080     63.76     28976    423904   1045500         0      0.00         0
07:41:55 PM   2868800   5043888     63.74     28984    424008   1045500         0      0.00         0
07:41:56 PM   2869404   5043284     63.74     28992    424124   1045500         0      0.00         0
07:41:57 PM   2871004   5041684     63.72     29000    424240   1045500         0      0.00         0
07:41:58 PM   2871548   5041140     63.71     29008    424356   1045500         0      0.00         0
07:41:59 PM   2872960   5039728     63.69     29016    424472   1045500         0      0.00         0
07:42:00 PM   2873632   5039056     63.68     29024    424584   1045500         0      0.00         0
07:42:01 PM   2874636   5038052     63.67     29032    424784   1045500         0      0.00         0
07:42:02 PM   2873452   5039236     63.69     29040    425044   1045500         0      0.00         0
07:42:03 PM   2872720   5039968     63.69     29048    425156   1045500         0      0.00         0
07:42:04 PM   2873556   5039132     63.68     29056    425264   1045500         0      0.00         0
07:42:05 PM   2874592   5038096     63.67     29064    425388   1045500         0      0.00         0
07:42:06 PM   2875628   5037060     63.66     29072    425500   1045500         0      0.00         0
07:42:07 PM   2875104   5037584     63.66     29080    425668   1045500         0      0.00         0
07:42:08 PM   2875324   5037364     63.66     29088    425776   1045500         0      0.00         0
07:42:09 PM   2874700   5037988     63.67     29096    425884   1045500         0      0.00         0
07:42:10 PM   2875204   5037484     63.66     29104    425996   1045500         0      0.00         0
07:42:11 PM   2876300   5036388     63.65     29112    426104   1045500         0      0.00         0
07:42:12 PM   2877156   5035532     63.64     29120    426208   1045500         0      0.00         0
07:42:13 PM   2878116   5034572     63.63     29128    426324   1045500         0      0.00         0
07:42:14 PM   2879860   5032828     63.60     29136    426456   1045500         0      0.00         0
07:42:15 PM   2880100   5032588     63.60     29144    426568   1045500         0      0.00         0
07:42:16 PM   2881080   5031608     63.59     29152    426684   1045500         0      0.00         0
07:42:17 PM   2882344   5030344     63.57     29160    426784   1045500         0      0.00         0
07:42:18 PM   2882980   5029708     63.57     29168    426900   1045500         0      0.00         0
07:42:19 PM   2884332   5028356     63.55     29176    427008   1045500         0      0.00         0
07:42:20 PM   2885172   5027516     63.54     29184    427116   1045500         0      0.00         0
07:42:21 PM   2886824   5025864     63.52     29192    427232   1045500         0      0.00         0
07:42:22 PM   2887796   5024892     63.50     29200    427344   1045500         0      0.00         0
07:42:23 PM   2887804   5024884     63.50     29208    427456   1045500         0      0.00         0
07:42:24 PM   2889276   5023412     63.49     29216    427576   1045500         0      0.00         0
07:42:25 PM   2890080   5022608     63.48     29224    427692   1045500         0      0.00         0
07:42:26 PM   2891704   5020984     63.45     29232    427796   1045500         0      0.00         0
07:42:27 PM   2892496   5020192     63.44     29240    427904   1045500         0      0.00         0
07:42:28 PM   2893440   5019248     63.43     29248    428012   1045500         0      0.00         0
07:42:29 PM   2894308   5018380     63.42     29256    428132   1045500         0      0.00         0
07:42:30 PM   2895364   5017324     63.41     29264    428236   1045500         0      0.00         0
07:42:31 PM   2897172   5015516     63.39     29272    428336   1045500         0      0.00         0
07:42:32 PM   2897604   5015084     63.38     29280    428456   1045500         0      0.00         0
07:42:33 PM   2898432   5014256     63.37     29288    428560   1045500         0      0.00         0
07:42:34 PM   2899840   5012848     63.35     29296    428672   1045500         0      0.00         0
07:42:35 PM   2900924   5011764     63.34     29304    428800   1045500         0      0.00         0
07:42:36 PM   2901768   5010920     63.33     29312    428916   1045500         0      0.00         0
07:42:37 PM   2900144   5012544     63.35     29320    430796   1045500         0      0.00         0
07:42:38 PM   2897876   5014812     63.38     29328    431124   1045500         0      0.00         0
07:42:39 PM   2896620   5016068     63.39     29336    431276   1045500         0      0.00         0
07:42:40 PM   2892152   5020536     63.45     29344    431392   1045500         0      0.00         0
07:42:41 PM   2883780   5028908     63.55     29352    431504   1045500         0      0.00         0
07:42:42 PM   2868160   5044528     63.75     29360    431628   1045500         0      0.00         0
07:42:43 PM   2866496   5046192     63.77     29368    431752   1045500         0      0.00         0
07:42:44 PM   2866920   5045768     63.77     29376    431864   1045500         0      0.00         0
07:42:45 PM   2867272   5045416     63.76     29384    431976   1045500         0      0.00         0
07:42:46 PM   2867332   5045356     63.76     29392    432092   1045500         0      0.00         0
07:42:47 PM   2867936   5044752     63.76     29400    432208   1045500         0      0.00         0
07:42:48 PM   2866928   5045760     63.77     29408    432316   1045500         0      0.00         0
07:42:49 PM   2867132   5045556     63.77     29416    432488   1045500         0      0.00         0
07:42:50 PM   2867936   5044752     63.76     29424    432600   1045500         0      0.00         0
07:42:51 PM   2867380   5045308     63.76     29432    432724   1045500         0      0.00         0
07:42:52 PM   2867016   5045672     63.77     29440    432840   1045500         0      0.00         0
07:42:53 PM   2867856   5044832     63.76     29448    432952   1045500         0      0.00         0
07:42:54 PM   2868668   5044020     63.75     29456    433052   1045500         0      0.00         0
07:42:55 PM   2869924   5042764     63.73     29464    433164   1045500         0      0.00         0
07:42:56 PM   2870888   5041800     63.72     29472    433288   1045500         0      0.00         0
07:42:57 PM   2871184   5041504     63.71     29480    433404   1045500         0      0.00         0
07:42:58 PM   2872244   5040444     63.70     29488    433560   1045500         0      0.00         0
07:42:59 PM   2873420   5039268     63.69     29496    433680   1045500         0      0.00         0
07:43:00 PM   2874276   5038412     63.68     29504    433800   1045500         0      0.00         0
07:43:01 PM   2875196   5037492     63.66     29512    433908   1045500         0      0.00         0
07:43:02 PM   2876040   5036648     63.65     29520    434012   1045500         0      0.00         0
07:43:03 PM   2876932   5035756     63.64     29528    434124   1045500         0      0.00         0
07:43:04 PM   2878012   5034676     63.63     29536    434252   1045500         0      0.00         0
07:43:05 PM   2879000   5033688     63.62     29544    434360   1045500         0      0.00         0
07:43:06 PM   2880200   5032488     63.60     29552    434528   1045500         0      0.00         0
07:43:07 PM   2881560   5031128     63.58     29560    434632   1045500         0      0.00         0
07:43:08 PM   2882164   5030524     63.58     29568    434756   1045500         0      0.00         0
07:43:09 PM   2883720   5028968     63.56     29576    434860   1045500         0      0.00         0
07:43:10 PM   2884548   5028140     63.55     29584    435016   1045500         0      0.00         0
07:43:11 PM   2884964   5027724     63.54     29592    435136   1045500         0      0.00         0
07:43:12 PM   2886428   5026260     63.52     29600    435240   1045500         0      0.00         0
07:43:13 PM   2887140   5025548     63.51     29608    435348   1045500         0      0.00         0
07:43:14 PM   2886040   5026648     63.53     29616    435460   1045500         0      0.00         0
07:43:15 PM   2887296   5025392     63.51     29624    435564   1045500         0      0.00         0
07:43:16 PM   2889576   5023112     63.48     29632    435672   1045500         0      0.00         0
07:43:17 PM   2890548   5022140     63.47     29640    435792   1045500         0      0.00         0
07:43:18 PM   2891904   5020784     63.45     29648    435896   1045500         0      0.00         0
07:43:19 PM   2892600   5020088     63.44     29656    436012   1045500         0      0.00         0
07:43:20 PM   2893952   5018736     63.43     29664    436120   1045500         0      0.00         0
07:43:21 PM   2894740   5017948     63.42     29672    436232   1045500         0      0.00         0
07:43:22 PM   2895748   5016940     63.40     29680    436368   1045500         0      0.00         0
07:43:23 PM   2896664   5016024     63.39     29688    436480   1045500         0      0.00         0
07:43:24 PM   2897828   5014860     63.38     29696    436592   1045500         0      0.00         0
07:43:25 PM   2898712   5013976     63.37     29704    436712   1045500         0      0.00         0
07:43:26 PM   2897812   5014876     63.38     29712    436824   1045500         0      0.00         0
07:43:27 PM   2898744   5013944     63.37     29720    436920   1045500         0      0.00         0
07:43:28 PM   2899380   5013308     63.36     29728    437032   1045500         0      0.00         0
07:43:29 PM   2900576   5012112     63.34     29736    437140   1045500         0      0.00         0
07:43:30 PM   2901492   5011196     63.33     29744    437260   1045500         0      0.00         0
07:43:31 PM   2902500   5010188     63.32     29752    437364   1045500         0      0.00         0
07:43:32 PM   2903696   5008992     63.30     29760    437480   1045500         0      0.00         0
07:43:33 PM   2904456   5008232     63.29     29768    437596   1045500         0      0.00         0
07:43:34 PM   2905776   5006912     63.28     29776    437712   1045500         0      0.00         0
07:43:35 PM   2906780   5005908     63.26     29784    437816   1045500         0      0.00         0
07:43:36 PM   2906672   5006016     63.27     29792    437944   1045500         0      0.00         0
07:43:37 PM   2905456   5007232     63.28     29800    438052   1045500         0      0.00         0
07:43:38 PM   2905208   5007480     63.28     29808    438388   1045500         0      0.00         0
07:43:39 PM   2906072   5006616     63.27     29816    438456   1045500         0      0.00         0
07:43:40 PM   2907112   5005576     63.26     29824    438572   1045500         0      0.00         0
07:43:41 PM   2907900   5004788     63.25     29832    438676   1045500         0      0.00         0
07:43:42 PM   2909476   5003212     63.23     29840    438800   1045500         0      0.00         0
07:43:43 PM   2910392   5002296     63.22     29848    439016   1045500         0      0.00         0
07:43:44 PM   2910964   5001724     63.21     29856    439124   1045500         0      0.00         0
07:43:45 PM   2912408   5000280     63.19     29864    439228   1045500         0      0.00         0
07:43:46 PM   2913196   4999492     63.18     29872    439352   1045500         0      0.00         0
07:43:47 PM   2914552   4998136     63.17     29880    439452   1045500         0      0.00         0
07:43:48 PM   2915772   4996916     63.15     29888    439560   1045500         0      0.00         0
07:43:49 PM   2916844   4995844     63.14     29896    439672   1045500         0      0.00         0
07:43:50 PM   2917732   4994956     63.13     29904    439780   1045500         0      0.00         0
07:43:51 PM   2918464   4994224     63.12     29912    439900   1045500         0      0.00         0
07:43:52 PM   2919844   4992844     63.10     29920    440012   1045500         0      0.00         0
07:43:53 PM   2920864   4991824     63.09     29928    440128   1045500         0      0.00         0
07:43:54 PM   2921624   4991064     63.08     29936    440232   1045500         0      0.00         0
07:43:55 PM   2922760   4989928     63.06     29944    440352   1045500         0      0.00         0
07:43:56 PM   2923956   4988732     63.05     29952    440464   1045500         0      0.00         0
07:43:57 PM   2924900   4987788     63.04     29960    440572   1045500         0      0.00         0
07:43:58 PM   2926064   4986624     63.02     29968    440692   1045500         0      0.00         0
07:43:59 PM   2927008   4985680     63.01     29976    440804   1045500         0      0.00         0
07:44:00 PM   2927896   4984792     63.00     29984    440912   1045500         0      0.00         0
07:44:01 PM   2928936   4983752     62.98     29992    441032   1045500         0      0.00         0
07:44:02 PM   2929976   4982712     62.97     30000    441160   1045500         0      0.00         0
07:44:03 PM   2931032   4981656     62.96     30008    441308   1045500         0      0.00         0
07:44:04 PM   2932072   4980616     62.94     30016    441412   1045500         0      0.00         0
07:44:05 PM   2933116   4979572     62.93     30024    441520   1045500         0      0.00         0
07:44:06 PM   2934340   4978348     62.92     30032    441628   1045500         0      0.00         0
07:44:07 PM   2935688   4977000     62.90     30040    441732   1045500         0      0.00         0
07:44:08 PM   2936608   4976080     62.89     30048    441840   1045500         0      0.00         0
07:44:09 PM   2937708   4974980     62.87     30056    441932   1045500         0      0.00         0
07:44:10 PM   2938684   4974004     62.86     30064    442036   1045500         0      0.00         0
07:44:11 PM   2939788   4972900     62.85     30072    442120   1045500         0      0.00         0
07:44:12 PM   2940984   4971704     62.83     30080    442248   1045500         0      0.00         0
07:44:13 PM   2942280   4970408     62.82     30088    442336   1045500         0      0.00         0
07:44:14 PM   2943704   4968984     62.80     30096    442408   1045500         0      0.00         0
07:44:15 PM   2945160   4967528     62.78     30104    442480   1045500         0      0.00         0
07:44:16 PM   2946988   4965700     62.76     30112    442640   1045500         0      0.00         0
07:44:17 PM   2947944   4964744     62.74     30120    442692   1045500         0      0.00         0
07:44:18 PM   2949844   4962844     62.72     30128    442740   1045500         0      0.00         0
07:44:19 PM   2951200   4961488     62.70     30136    442788   1045500         0      0.00         0
07:44:20 PM   2952744   4959944     62.68     30144    442832   1045500         0      0.00         0
07:44:21 PM   2954260   4958428     62.66     30152    442912   1045500         0      0.00         0
07:44:22 PM   2955776   4956912     62.65     30160    442948   1045500         0      0.00         0
07:44:23 PM   2957076   4955612     62.63     30168    442980   1045500         0      0.00         0
07:44:24 PM   2958748   4953940     62.61     30176    443000   1045500         0      0.00         0
07:44:25 PM   2960072   4952616     62.59     30184    443016   1045500         0      0.00         0
07:44:26 PM   2961608   4951080     62.57     30192    443036   1045500         0      0.00         0
07:44:27 PM   2962968   4949720     62.55     30200    443052   1045500         0      0.00         0
07:44:28 PM   2964132   4948556     62.54     30208    443064   1045500         0      0.00         0
07:44:29 PM   2965248   4947440     62.53     30216    443068   1045500         0      0.00         0
07:44:30 PM   2966332   4946356     62.51     30224    443084   1045500         0      0.00         0
07:44:31 PM   2967868   4944820     62.49     30232    443096   1045500         0      0.00         0
07:44:32 PM   2969180   4943508     62.48     30240    443104   1045500         0      0.00         0
07:44:33 PM   2970344   4942344     62.46     30248    443112   1045500         0      0.00         0
07:44:34 PM   2971348   4941340     62.45     30256    443116   1045500         0      0.00         0
07:44:35 PM   2972400   4940288     62.44     30264    443120   1045500         0      0.00         0
07:44:36 PM   2973652   4939036     62.42     30272    443124   1045500         0      0.00         0
07:44:37 PM   2974856   4937832     62.40     30280    443132   1045500         0      0.00         0
07:44:38 PM   2975884   4936804     62.39     30288    443124   1045500         0      0.00         0
07:44:39 PM   2977060   4935628     62.38     30296    443140   1045500         0      0.00         0
07:44:40 PM   2978340   4934348     62.36     30304    443144   1045500         0      0.00         0
07:44:41 PM   2979476   4933212     62.35     30312    443148   1045500         0      0.00         0
07:44:42 PM   2980676   4932012     62.33     30320    443152   1045500         0      0.00         0
07:44:43 PM   2981840   4930848     62.32     30328    443156   1045500         0      0.00         0
07:44:44 PM   2983004   4929684     62.30     30336    443164   1045500         0      0.00         0
07:44:45 PM   2984292   4928396     62.28     30344    443168   1045500         0      0.00         0
07:44:46 PM   2985540   4927148     62.27     30352    443160   1045500         0      0.00         0
07:44:47 PM   2986616   4926072     62.26     30360    443180   1045500         0      0.00         0
07:44:48 PM   2987920   4924768     62.24     30368    443172   1045500         0      0.00         0
07:44:49 PM   2989076   4923612     62.22     30376    443188   1045500         0      0.00         0
07:44:50 PM   2990084   4922604     62.21     30384    443180   1045500         0      0.00         0
07:44:51 PM   2991264   4921424     62.20     30392    443188   1045500         0      0.00         0
07:44:52 PM   2992672   4920016     62.18     30400    443188   1045500         0      0.00         0
07:44:53 PM   2993700   4918988     62.17     30408    443196   1045500         0      0.00         0
07:44:54 PM   2994856   4917832     62.15     30416    443208   1045500         0      0.00         0
07:44:55 PM   2996272   4916416     62.13     30424    443200   1045500         0      0.00         0
07:44:56 PM   2997348   4915340     62.12     30432    443208   1045500         0      0.00         0
07:44:57 PM   2998440   4914248     62.11     30440    443216   1045500         0      0.00         0
07:44:58 PM   2999880   4912808     62.09     30448    443216   1045500         0      0.00         0
07:44:59 PM   3001160   4911528     62.07     30456    443232   1045500         0      0.00         0
07:45:00 PM   3002200   4910488     62.06     30464    443236   1045500         0      0.00         0
07:45:01 PM   3003496   4909192     62.04     30472    443228   1045500         0      0.00         0
07:45:02 PM   3004508   4908180     62.03     30480    443232   1045500         0      0.00         0
07:45:03 PM   3005720   4906968     62.01     30488    443240   1045500         0      0.00         0
07:45:04 PM   3007144   4905544     62.00     30496    443252   1045500         0      0.00         0
07:45:05 PM   3008432   4904256     61.98     30504    443244   1045500         0      0.00         0
07:45:06 PM   3009620   4903068     61.96     30512    443264   1045500         0      0.00         0
07:45:07 PM   3010664   4902024     61.95     30520    443256   1045500         0      0.00         0
07:45:08 PM   3011836   4900852     61.94     30528    443268   1045500         0      0.00         0
07:45:09 PM   3013120   4899568     61.92     30536    443276   1045500         0      0.00         0
07:45:10 PM   3014408   4898280     61.90     30544    443280   1045500         0      0.00         0
07:45:11 PM   3015444   4897244     61.89     30552    443272   1045500         0      0.00         0
07:45:12 PM   3016860   4895828     61.87     30560    443284   1045500         0      0.00         0
07:45:13 PM   3017904   4894784     61.86     30568    443276   1045500         0      0.00         0
07:45:14 PM   3019176   4893512     61.84     30576    443288   1045500         0      0.00         0
07:45:15 PM   3020236   4892452     61.83     30584    443280   1045500         0      0.00         0
07:45:16 PM   3021384   4891304     61.82     30592    443304   1045500         0      0.00         0
07:45:17 PM   3022548   4890140     61.80     30600    443296   1045500         0      0.00         0
07:45:18 PM   3023960   4888728     61.78     30608    443308   1045500         0      0.00         0
07:45:19 PM   3025256   4887432     61.77     30616    443324   1045500         0      0.00         0
07:45:20 PM   3026292   4886396     61.75     30624    443316   1045500         0      0.00         0
07:45:21 PM   3027272   4885416     61.74     30632    443320   1045500         0      0.00         0
07:45:22 PM   3028604   4884084     61.72     30640    443312   1045500         0      0.00         0
07:45:23 PM   3029736   4882952     61.71     30648    443328   1045500         0      0.00         0
07:45:24 PM   3031200   4881488     61.69     30656    443344   1045500         0      0.00         0
07:45:25 PM   3032424   4880264     61.68     30664    443336   1045500         0      0.00         0
07:45:26 PM   3033744   4878944     61.66     30672    443340   1045500         0      0.00         0
07:45:27 PM   3034656   4878032     61.65     30680    443332   1045500         0      0.00         0
07:45:28 PM   3036028   4876660     61.63     30688    443356   1045500         0      0.00         0
07:45:29 PM   3037528   4875160     61.61     30696    443368   1045500         0      0.00         0
07:45:30 PM   3038684   4874004     61.60     30704    443372   1045500         0      0.00         0
07:45:31 PM   3039832   4872856     61.58     30712    443364   1045500         0      0.00         0
07:45:32 PM   3040736   4871952     61.57     30720    443372   1045500         0      0.00         0
Average:      3048224   4864464     61.48     29124    425990   1045500         0      0.00         0
