Linux 3.13.0-43-generic (Apollo) 	2015-07-23 	_x86_64_	(4 CPU)

02:28:06        CPU     %user     %nice   %system   %iowait    %steal     %idle
02:28:07        all      0.00      0.00      0.25      0.25      0.00     99.50
02:28:08        all      0.25      0.00      0.50      0.00      0.00     99.25
02:28:09        all      2.26      0.00      0.75      0.00      0.00     96.99
02:28:10        all      0.00      0.00      0.25      0.00      0.00     99.75
02:28:11        all      0.50      0.00      3.26      0.00      0.00     96.24
02:28:12        all      0.50      0.00      1.76      0.00      0.00     97.74
02:28:13        all      0.26      0.00      0.26      0.51      0.00     98.98
02:28:14        all      1.27      0.00      0.76      0.00      0.00     97.97
02:28:15        all      0.26      0.00      0.51      0.00      0.00     99.23
02:28:16        all      0.26      0.00      0.77      0.00      0.00     98.98
02:28:17        all      1.26      0.00      1.76      0.00      0.00     96.98
02:28:18        all      0.51      0.00      1.78      6.60      0.00     91.12
02:28:19        all      1.26      0.00      2.26      0.00      0.00     96.48
02:28:20        all      1.51      0.00      2.01      0.25      0.00     96.23
02:28:21        all      0.76      0.00      3.03      2.78      0.00     93.43
02:28:22        all      1.78      0.00      2.03      0.00      0.00     96.19
02:28:23        all      2.51      0.00      3.51      3.26      0.00     90.73
02:28:24        all      2.29      0.00      2.80     21.12      0.00     73.79
02:28:25        all      2.02      0.00      4.28     11.08      0.00     82.62
02:28:26        all      1.79      0.00      1.53     38.36      0.00     58.31
02:28:27        all      1.79      0.00      1.53     41.94      0.00     54.73
02:28:28        all      1.02      0.00      1.53     58.02      0.00     39.44
02:28:29        all      1.77      0.00      2.03     55.44      0.00     40.76
02:28:30        all      1.78      0.00      2.28     49.49      0.00     46.45
02:28:31        all      1.78      0.00      1.27     62.60      0.00     34.35
02:28:32        all      1.79      0.00      1.28     47.83      0.00     49.10
02:28:33        all      1.02      0.00      1.52     56.60      0.00     40.86
02:28:34        all      0.76      0.00      2.03     52.03      0.00     45.18
02:28:35        all      0.76      0.00      1.52     49.24      0.00     48.48
02:28:36        all      1.02      0.00      1.53     50.38      0.00     47.07
02:28:37        all      1.02      0.00      1.02     46.94      0.00     51.02
02:28:38        all      1.28      0.00      1.02     53.06      0.00     44.64
02:28:39        all      1.01      0.00      2.03     50.13      0.00     46.84
02:28:40        all      1.51      0.00      2.01     60.30      0.00     36.18
02:28:41        all      1.27      0.00      1.52     65.82      0.00     31.39
02:28:42        all      1.27      0.00      1.52     55.70      0.00     41.52
02:28:43        all      1.26      0.00      2.02     54.66      0.00     42.07
02:28:44        all      1.52      0.00      1.52     59.60      0.00     37.37
02:28:45        all      1.01      0.00      2.02     74.06      0.00     22.92
02:28:46        all      1.26      0.00      1.26     74.24      0.00     23.23
02:28:47        all      1.26      0.00      1.51     72.54      0.00     24.69
02:28:48        all      1.01      0.00      1.52     67.09      0.00     30.38
02:28:49        all      1.25      0.00      1.75     73.18      0.00     23.81
02:28:50        all      0.51      0.00      0.77     70.84      0.00     27.88
02:28:51        all      1.01      0.00      1.01     60.86      0.00     37.12
02:28:52        all      1.52      0.00      1.52     71.14      0.00     25.82
02:28:53        all      1.51      0.00      1.26     76.57      0.00     20.65
02:28:54        all      1.01      0.00      1.01     89.39      0.00      8.59
02:28:55        all      1.51      0.00      0.76     96.73      0.00      1.01
02:28:56        all      0.51      0.00      0.51     90.59      0.00      8.40
02:28:57        all      0.76      0.00      1.51     84.89      0.00     12.85
02:28:58        all      1.26      0.00      1.26     95.21      0.00      2.27
02:28:59        all      1.25      0.00      1.75     96.99      0.00      0.00
02:29:00        all      1.01      0.00      0.76     98.24      0.00      0.00
02:29:01        all      0.76      0.00      1.26     97.98      0.00      0.00
02:29:02        all      0.51      0.00      1.26     98.23      0.00      0.00
02:29:03        all      0.25      0.00      0.51     99.24      0.00      0.00
02:29:04        all      0.51      0.00      0.51     98.98      0.00      0.00
02:29:05        all      0.25      0.00      1.26     98.48      0.00      0.00
02:29:06        all      0.50      0.00      1.01     98.49      0.00      0.00
02:29:07        all      0.51      0.00      0.51     98.99      0.00      0.00
02:29:08        all      0.51      0.00      0.51     98.98      0.00      0.00
02:29:09        all      1.50      0.00      1.00     97.49      0.00      0.00
02:29:10        all      0.51      0.00      0.25     99.24      0.00      0.00
02:29:11        all      0.51      0.00      0.51     98.99      0.00      0.00
02:29:12        all      0.51      0.00      0.76     98.73      0.00      0.00
02:29:13        all      0.51      0.00      0.51     98.99      0.00      0.00
02:29:14        all      0.25      0.00      1.01     98.74      0.00      0.00
02:29:15        all      0.51      0.00      0.00     99.49      0.00      0.00
02:29:16        all      0.51      0.00      0.25     99.24      0.00      0.00
02:29:17        all      1.01      0.00      0.75     98.24      0.00      0.00
02:29:18        all      0.25      0.00      0.51     99.24      0.00      0.00
02:29:19        all      0.25      0.00      0.76     98.99      0.00      0.00
02:29:20        all      0.25      0.00      0.25     99.50      0.00      0.00
02:29:21        all      0.50      0.00      0.50     99.00      0.00      0.00
02:29:22        all      0.25      0.00      0.00     96.96      0.00      2.78
02:29:23        all      0.25      0.00      0.50     99.25      0.00      0.00
02:29:24        all      0.25      0.00      0.25     99.50      0.00      0.00
02:29:25        all      0.25      0.00      0.25     95.23      0.00      4.27
02:29:26        all      0.25      0.00      0.25     99.50      0.00      0.00
02:29:27        all      0.25      0.00      0.25     90.70      0.00      8.79
02:29:28        all      0.00      0.00      0.25     99.50      0.00      0.25
02:29:29        all      0.00      0.00      0.25     97.73      0.00      2.02
02:29:30        all      0.25      0.00      0.00     86.22      0.00     13.53
02:29:31        all      0.25      0.00      0.25     94.96      0.00      4.53
02:29:32        all      0.25      0.00      0.00     99.75      0.00      0.00
02:29:33        all      0.00      0.00      0.00    100.00      0.00      0.00
02:29:34        all      0.25      0.00      0.00     99.75      0.00      0.00
02:29:35        all      0.00      0.00      0.00    100.00      0.00      0.00
02:29:36        all      0.00      0.00      0.00    100.00      0.00      0.00
02:29:37        all      0.25      0.00      0.00     99.75      0.00      0.00
02:29:38        all      0.00      0.00      0.25     99.75      0.00      0.00
02:29:39        all      0.00      0.00      0.00     96.47      0.00      3.53
02:29:40        all      0.00      0.00      0.25     99.75      0.00      0.00
02:29:41        all      0.25      0.00      0.00     99.75      0.00      0.00
02:29:42        all      0.00      0.00      0.00    100.00      0.00      0.00
02:29:43        all      0.25      0.00      0.25     99.50      0.00      0.00
02:29:44        all      0.00      0.00      0.00     79.80      0.00     20.20
02:29:45        all      0.00      0.00      0.00     85.39      0.00     14.61
02:29:46        all      0.00      0.00      0.50     92.21      0.00      7.29
02:29:47        all      0.25      0.00      0.00     99.75      0.00      0.00
02:29:48        all      0.00      0.00      0.25     75.13      0.00     24.62
02:29:49        all      0.50      0.00      0.25     91.73      0.00      7.52
02:29:50        all      0.25      0.00      0.25     75.31      0.00     24.18
02:29:51        all      0.25      0.00      0.25     74.62      0.00     24.87
02:29:52        all      0.00      0.00      0.00     97.98      0.00      2.02
02:29:53        all      0.25      0.00      0.00     93.45      0.00      6.30
02:29:54        all      0.25      0.00      0.00     99.75      0.00      0.00
02:29:55        all      0.00      0.00      0.00    100.00      0.00      0.00
02:29:56        all      0.00      0.00      0.00     97.98      0.00      2.02
02:29:57        all      0.00      0.00      0.50     89.95      0.00      9.55
02:29:58        all      0.25      0.00      0.25     99.50      0.00      0.00
02:29:59        all      0.25      0.00      0.25     99.50      0.00      0.00
02:30:00        all      0.50      0.00      0.50     85.46      0.00     13.53
02:30:01        all      0.00      0.00      0.00     89.14      0.00     10.86
02:30:02        all      0.25      0.00      0.50     96.24      0.00      3.01
02:30:03        all      0.25      0.00      1.98     97.78      0.00      0.00
02:30:04        all      0.25      0.00      1.49     98.26      0.00      0.00
02:30:05        all      0.25      0.00      1.00     98.75      0.00      0.00
02:30:06        all      0.75      0.00      0.00     96.23      0.00      3.02
02:30:07        all      0.00      0.00      0.00     87.06      0.00     12.94
02:30:08        all      0.00      0.00      0.00    100.00      0.00      0.00
02:30:09        all      0.51      0.00      0.25     99.24      0.00      0.00
02:30:10        all      0.00      0.00      0.51     99.49      0.00      0.00
02:30:11        all      0.25      0.00      0.00     99.75      0.00      0.00
02:30:12        all      0.50      0.00      1.76     92.21      0.00      5.53
02:30:13        all      3.27      0.00      4.27     71.11      0.00     21.36
02:30:14        all      6.28      0.00      6.53     75.38      0.00     11.81
02:30:15        all      5.30      0.00      6.31     70.96      0.00     17.42
02:30:16        all      0.76      0.00      1.02     80.96      0.00     17.26
02:30:17        all      2.58      0.00      2.84     53.49      0.00     41.09
02:30:18        all      1.56      0.00      2.60     47.92      0.00     47.92
02:30:19        all      1.30      0.00      2.86     50.52      0.00     45.31
02:30:20        all      3.80      0.00      5.06     47.59      0.00     43.54
02:30:21        all      1.73      0.00      4.95     41.58      0.00     51.73
02:30:22        all      4.82      0.00      6.35     27.41      0.00     61.42
02:30:23        all      6.44      0.00      7.67     25.50      0.00     60.40
02:30:24        all     39.42      0.00     19.58      1.85      0.00     39.15
02:30:25        all     41.47      0.00     16.54      1.05      0.00     40.94
02:30:26        all     39.16      0.00     18.28      0.78      0.00     41.78
02:30:27        all     40.05      0.00     19.37      3.40      0.00     37.17
02:30:28        all     42.19      0.00     17.19      1.30      0.00     39.32
02:30:29        all     12.44      0.00      8.38     12.69      0.00     66.50
02:30:30        all      3.33      0.00      3.59      4.36      0.00     88.72
02:30:31        all      3.32      0.00      3.32      2.56      0.00     90.79
02:30:32        all      4.06      0.00      2.03      6.85      0.00     87.06
02:30:33        all     19.28      0.00      8.48      4.37      0.00     67.87
02:30:34        all     22.05      0.00     12.05      1.54      0.00     64.36
02:30:35        all     33.78      0.00     14.63      2.93      0.00     48.67
02:30:36        all     40.41      0.00     18.41      0.51      0.00     40.66
02:30:37        all     42.82      0.00     16.71      2.35      0.00     38.12
02:30:38        all     34.30      0.00     14.25      1.58      0.00     49.87
02:30:39        all     21.65      0.00     10.31      2.06      0.00     65.98
02:30:40        all     20.31      0.00      9.51      2.83      0.00     67.35
02:30:41        all      8.02      0.00      6.27      2.01      0.00     83.71
02:30:42        all     24.29      0.00      9.82      1.55      0.00     64.34
02:30:43        all     24.48      0.00      9.79      1.80      0.00     63.92
02:30:44        all     47.01      0.00     22.60      1.30      0.00     29.09
02:30:45        all     53.32      0.00     26.28      0.51      0.00     19.90
02:30:46        all     57.61      0.00     25.44      0.25      0.00     16.71
02:30:47        all     56.41      0.00     24.62      0.26      0.00     18.72
02:30:48        all     57.39      0.00     25.81      0.00      0.00     16.79
02:30:49        all     58.60      0.00     24.69      0.50      0.00     16.21
02:30:50        all     57.03      0.00     25.58      0.26      0.00     17.14
02:30:51        all     56.67      0.00     23.08      0.00      0.00     20.26
02:30:52        all     55.18      0.00     27.98      0.26      0.00     16.58
02:30:53        all     57.76      0.00     22.39      0.00      0.00     19.85
02:30:54        all     54.43      0.00     22.66      0.52      0.00     22.40
02:30:55        all     29.87      0.00     13.77      0.52      0.00     55.84
02:30:56        all     41.42      0.00     20.32      0.79      0.00     37.47
02:30:57        all     42.71      0.00     19.69      0.51      0.00     37.08
02:30:58        all     38.16      0.00     17.63      0.26      0.00     43.95
02:30:59        all     22.19      0.00     10.44      2.35      0.00     65.01
02:31:00        all     22.86      0.00      9.87      0.52      0.00     66.75
02:31:01        all     13.42      0.00      6.84      4.05      0.00     75.70
02:31:02        all      3.32      0.00      3.84      1.02      0.00     91.82
02:31:03        all      4.29      0.00      3.28      1.01      0.00     91.41
02:31:04        all      3.28      0.00      2.53      1.01      0.00     93.18
02:31:05        all      2.54      0.00      2.04      0.76      0.00     94.66
02:31:06        all      2.27      0.00      2.27      0.25      0.00     95.20
02:31:07        all      1.52      0.00      1.27      0.51      0.00     96.71
02:31:08        all      2.27      0.00      3.28      1.01      0.00     93.43
02:31:09        all      2.03      0.00      3.80      1.01      0.00     93.16
02:31:10        all      2.79      0.00      4.06      0.00      0.00     93.15
02:31:11        all      2.28      0.00      1.78      0.25      0.00     95.69
02:31:12        all      1.79      0.00      2.55      0.00      0.00     95.66
02:31:13        all      3.27      0.00      1.26      0.50      0.00     94.96
02:31:14        all      1.01      0.00      1.26      0.50      0.00     97.23
02:31:15        all     18.65      0.00      7.77      1.55      0.00     72.02
02:31:16        all     22.68      0.00      9.28      0.26      0.00     67.78
02:31:17        all     22.22      0.00     10.34      0.26      0.00     67.18
02:31:18        all     22.03      0.00     11.39      0.25      0.00     66.33
02:31:19        all     23.12      0.00      7.79      0.78      0.00     68.31
02:31:20        all     11.03      0.00      4.10      0.00      0.00     84.87
02:31:21        all      1.77      0.00      1.77      0.51      0.00     95.95
02:31:22        all      2.03      0.00      2.78      1.01      0.00     94.18
02:31:23        all      1.78      0.00      2.04      0.25      0.00     95.93
02:31:24        all      4.81      0.00      4.05      0.51      0.00     90.63
02:31:25        all      0.99      0.00      3.23      0.25      0.00     95.53
02:31:26        all      2.96      0.00      4.69      0.00      0.00     92.35
02:31:27        all      0.74      0.00      2.98      0.00      0.00     96.28
02:31:28        all      1.00      0.00      1.25      0.00      0.00     97.75
02:31:29        all      2.26      0.00      1.75      0.50      0.00     95.49
02:31:30        all      0.75      0.00      1.99      0.00      0.00     97.26
02:31:31        all      0.00      0.00      1.00      0.00      0.00     99.00
02:31:32        all      0.50      0.00      3.23      0.00      0.00     96.28
02:31:33        all      0.00      0.00      1.75      0.50      0.00     97.75
02:31:34        all      0.25      0.00      1.01      0.75      0.00     97.99
02:31:35        all      0.50      0.00      0.75      0.00      0.00     98.75
02:31:36        all      0.25      0.00      2.00      0.00      0.00     97.76
02:31:37        all      0.25      0.00      0.75      0.25      0.00     98.74
02:31:38        all      0.25      0.00      0.50      0.00      0.00     99.25
02:31:39        all      0.25      0.00      0.25      0.50      0.00     98.99
02:31:40        all      0.25      0.00      0.50      0.00      0.00     99.25
02:31:41        all      0.25      0.00      1.50      0.00      0.00     98.25
02:31:42        all      0.25      0.00      0.50      0.00      0.00     99.25
02:31:43        all      0.25      0.00      0.25      0.00      0.00     99.50
02:31:44        all      0.00      0.00      0.25      0.25      0.00     99.50
02:31:45        all      0.25      0.00      0.00      0.00      0.00     99.75
02:31:46        all      0.00      0.00      0.25      0.00      0.00     99.75
Average:        all      7.32      0.00      4.02     45.39      0.00     43.28
