27.63
30.30
30.29
30.31
30.42
30.45
30.58
30.71
30.97
31.54
32.14
32.72
33.32
33.97
34.58
35.37
36.19
36.65
37.02
37.45
37.71
38.08
38.40
38.70
39.08
39.32
39.57
39.85
40.08
40.27
40.53
40.75
40.98
41.26
41.55
41.75
42.00
42.22
42.43
42.76
42.94
43.18
43.34
43.53
43.77
43.92
44.09
44.24
44.36
44.50
44.66
44.78
44.89
44.99
45.11
45.20
45.28
45.39
45.47
45.65
45.76
45.84
45.94
45.99
46.08
46.15
46.21
46.29
46.37
46.47
46.53
46.59
46.67
46.73
46.81
46.87
46.94
47.00
47.12
47.19
47.25
47.31
47.37
47.44
47.51
47.58
47.64
47.72
47.77
47.84
47.90
47.96
48.02
48.09
48.15
48.32
48.38
48.45
48.52
48.60
48.69
48.77
48.85
48.94
49.02
49.10
49.22
49.30
49.39
49.48
49.57
49.67
49.74
49.80
49.87
49.95
50.03
50.11
50.23
50.37
50.50
50.61
50.71
50.81
50.84
50.82
50.95
51.18
51.34
52.56
54.17
56.00
56.71
56.85
57.02
57.28
57.28
57.30
57.39
57.54
57.55
57.50
57.52
57.54
57.61
57.70
57.71
57.81
57.82
57.86
57.87
57.90
57.89
57.97
58.00
58.05
58.19
58.30
58.34
58.35
58.40
58.44
58.48
58.52
58.57
58.53
58.46
58.45
58.61
58.64
58.64
58.67
58.68
58.66
58.69
58.73
58.73
58.74
58.75
58.76
58.80
58.83
58.86
58.86
58.88
58.90
58.91
58.95
58.95
59.01
59.02
59.04
59.01
59.01
59.01
59.00
58.99
58.97
58.96
58.93
58.91
58.96
58.98
58.90
58.87
58.84
58.80
58.77
58.74
58.70
58.68
58.64
58.61
58.59
58.55
58.52
58.49
58.46
58.41
58.37
