1437598688999,1228,0,-12
1437598689955,1228,0,-12
1437598690955,1228,0,-12
1437598691955,1336,108,-12
1437598692956,1430,0,0
1437598693956,1432,0,0
1437598694956,1436,0,0
1437598695957,1446,0,0
1437598696957,1476,0,0
1437598697956,1535,0,0
1437598698957,1584,0,0
1437598699956,1663,0,0
1437598700956,1734,0,0
1437598701956,1818,0,0
1437598702957,2020,2,0
1437598703957,2136,4,0
1437598704958,2267,5,0
1437598705958,2372,3,0
1437598706958,2475,9,0
1437598707958,2586,16,0
1437598708958,2681,17,0
1437598709958,2787,28,0
1437598710959,2924,27,0
1437598711960,3042,30,0
1437598712959,3150,35,0
1437598713959,3250,32,0
1437598714959,3324,40,0
1437598715958,3425,40,0
1437598716959,3516,33,0
1437598717959,3618,28,0
1437598718959,3735,18,0
1437598719960,3826,24,0
1437598720960,3937,26,0
1437598721960,4025,28,0
1437598722960,4138,28,0
1437598723960,4236,36,0
1437598724960,4332,40,0
1437598725960,4458,44,0
1437598726960,4538,48,0
1437598727960,4629,55,0
1437598728960,4719,61,0
1437598729960,4816,72,-1
1437598730960,4901,73,-1
1437598731960,4991,68,-1
1437598732960,5120,82,-1
1437598733960,5220,78,-1
1437598734960,5303,84,-1
1437598735960,5377,90,-1
1437598736960,5460,89,-1
1437598737960,5532,97,-1
1437598738960,5627,85,-1
1437598739960,5711,100,-1
1437598740959,5791,114,-1
1437598741959,5864,110,-1
1437598742959,5932,119,-1
1437598743960,6007,124,-1
1437598744960,6058,133,-1
1437598745960,6126,136,-1
1437598746959,6176,134,-1
1437598747960,6224,143,-1
1437598748960,6293,137,-1
1437598749960,6362,136,-1
1437598750960,6428,136,-1
1437598751960,6436,133,-1
1437598752960,6523,136,-1
1437598753960,6572,140,-1
1437598754960,6622,131,-1
1437598755960,6680,140,-1
1437598756959,6733,151,-1
1437598757959,6789,149,-1
1437598758959,6820,152,-1
1437598759960,6864,175,-1
1437598760961,6882,185,-1
1437598761961,6907,191,-1
1437598762961,6930,204,-1
1437598763961,6945,214,-1
1437598764961,6965,232,-1
1437598765960,6975,242,-1
1437598766960,6984,249,-1
1437598767960,6985,248,-1
1437598768961,6991,253,-1
1437598769961,6992,254,-1
1437598770961,6994,256,-1
1437598771961,6994,256,-1
1437598772961,6994,256,-1
1437598773960,6996,258,-1
1437598774960,6998,260,-1
1437598775961,6999,261,-1
1437598776962,6999,261,-1
1437598777962,6999,261,-1
1437598778962,6999,261,-1
1437598779961,6999,261,-1
1437598780961,6999,261,-1
1437598781962,6999,261,-1
1437598782963,6999,261,-1
1437598783963,6999,261,-1
1437598784963,6999,261,-1
1437598785963,6999,261,-1
1437598786963,6999,261,-1
1437598787962,6999,261,-1
1437598814080,7282,191,-3
1437598815008,7338,182,-3
1437598816007,7594,13,-3
1437598817008,7688,31,-3
1437598818009,7754,51,-3
1437598819009,7811,80,-3
1437598820009,7847,91,-3
1437598821009,8016,44,-4
1437598822009,8081,79,-4
1437598823009,8273,55,-6
1437598824009,8491,2,-6
1437598825008,8589,1,-6
1437598826009,8676,2,-6
1437598827009,8742,0,-6
1437598828009,8897,11,-6
1437598829009,9004,7,-6
1437598830010,9190,38,-7
1437598831010,9384,55,-7
1437598832010,9498,53,-7
1437598833009,9613,49,-7
1437598834009,9723,45,-7
1437598835009,9863,45,-7
1437598836010,9980,49,-7
1437598837010,10107,45,-7
1437598838016,10253,40,-6
1437598839010,10372,37,-6
1437598840010,10504,36,-6
1437598841010,10627,32,-6
1437598842011,10736,27,-6
1437598843011,10885,24,-6
1437598844011,11021,25,-6
1437598845012,11129,29,-7
1437598846012,11283,24,-7
1437598847013,11415,25,-7
1437598848013,11529,25,-7
1437598849013,11636,25,-7
1437598850013,11747,28,-7
1437598851012,11893,30,-7
1437598852012,11999,29,-7
1437598853013,12124,31,-7
1437598854013,12244,31,-7
1437598855013,12365,28,-7
1437598856020,12510,27,-7
1437598857013,12618,23,-7
1437598858013,12769,21,-7
1437598859013,12887,20,-7
1437598860013,13026,22,-7
1437598861013,13143,20,-6
1437598862013,13275,21,-6
1437598863013,13409,21,-6
1437598864013,13545,19,-6
1437598865012,13665,20,-6
1437598866013,13778,13,-6
1437598867013,13838,13,-6
1437598868013,13898,11,-6
1437598869013,13971,11,-6
1437598870013,14061,12,-6
1437598871013,14160,13,-6
1437598872014,14266,18,-7
1437598873014,14376,13,-7
1437598874014,14429,4,-7
1437598875013,14494,8,-7
1437598876013,14575,6,-6
1437598877014,14661,1,-6
1437598878014,14759,0,-6
1437598879014,14852,1,-6
1437598880014,14965,0,-6
1437598881014,15035,5,-6
1437598882014,15096,0,-6
1437598883013,15181,6,-7
1437598884014,15278,9,-7
1437598885014,15347,0,-8
1437598886014,15364,0,-8
1437598887014,15400,0,-8
1437598888014,15406,0,-8
1437598889015,15411,0,-8
1437598890015,15424,0,-8
1437598891014,15427,0,-8
1437598892015,15430,0,-8
1437598893015,15437,0,-8
1437598894015,15442,0,-7
1437598895015,15443,0,-7
1437598896014,15448,0,-7
1437598897014,15452,0,-7
1437598898015,15452,0,-7
1437598899015,15453,0,-7
1437598900015,15454,0,-7
1437598901015,15455,0,-7
1437598902015,15456,0,-7
1437598903014,15457,0,-7
1437598904015,15457,0,-7
1437598905015,15457,0,-7
1437598906015,15457,0,-7
1437598907015,15457,0,-7
1437598908014,15457,0,-7
1437598909015,15457,0,-7
1437598910015,15457,0,-7
1437598911015,15457,0,-7
1437598912015,15457,0,-7
1437598913014,15457,0,-7
1437598914016,15457,0,-7
1437598915015,15457,0,-7
1437598916015,15457,0,-7
1437598917016,15457,0,-7
1437598918016,15457,0,-7
1437598919016,15457,0,-7
1437598920016,15457,0,-7
1437598921016,15457,0,-7
1437598922016,15457,0,-7
1437598923016,15457,0,-7
1437598924015,15457,0,-7
1437598925016,15457,0,-7
1437598926016,15457,0,-7
1437598927016,15457,0,-7
1437598928016,15457,0,-7
1437598929016,15457,0,-7
1437598930019,15457,0,-7
1437598931015,15457,0,-7
1437598932016,15457,0,-7
1437598933016,15457,0,-7
1437598934016,15457,0,-7
1437598935016,15457,0,-7
1437598936016,15457,0,-7
1437598937016,15457,0,-7
1437598938016,15457,0,-7
1437598939016,15457,0,-7
1437598940016,15457,0,-7
1437598941017,15457,0,-7
1437598942017,15457,0,-7
1437598943017,15457,0,-7
1437598944017,15457,0,-7
1437598945016,15457,0,-7
1437598946017,15457,0,-7
1437598947017,15457,0,-7
1437598948017,15457,0,-7
1437598949017,15457,0,-7
1437598950018,15457,0,-7
1437598951018,15457,0,-7
1437598952018,15457,0,-7
1437598953018,15457,0,-7
1437598954018,15457,0,-7
1437598955017,15457,0,-7
1437598956018,15457,0,-7
1437598957018,15457,0,-7
1437598958018,15457,0,-7
