Linux 3.11.0-15-generic (client-HVM-domU) 	04/21/2015

12:08:01 AM kbmemfree kbmemused  %memused kbbuffers  kbcached kbswpfree kbswpused  %swpused  kbswpcad
12:08:02 AM   5559504   1320996     19.20     17520    321292   1045500         0      0.00         0
12:08:03 AM   5558944   1321556     19.21     17528    321320   1045500         0      0.00         0
12:08:04 AM   5557424   1323076     19.23     17536    321324   1045500         0      0.00         0
12:08:05 AM   5554068   1326432     19.28     17544    321336   1045500         0      0.00         0
12:08:06 AM   5546020   1334480     19.40     17552    321344   1045500         0      0.00         0
12:08:07 AM   5530416   1350084     19.62     17560    321348   1045500         0      0.00         0
12:08:08 AM   5514680   1365820     19.85     17568    321368   1045500         0      0.00         0
12:08:09 AM   5497240   1383260     20.10     17576    321400   1045500         0      0.00         0
12:08:10 AM   5479036   1401464     20.37     17584    321420   1045500         0      0.00         0
12:08:11 AM   5461532   1418968     20.62     17592    321444   1045500         0      0.00         0
12:08:12 AM   5443648   1436852     20.88     17600    321468   1045500         0      0.00         0
12:08:13 AM   5417852   1462648     21.26     17608    321484   1045500         0      0.00         0
12:08:14 AM   5391752   1488748     21.64     17616    321500   1045500         0      0.00         0
12:08:15 AM   5385304   1495196     21.73     17624    321516   1045500         0      0.00         0
12:08:16 AM   5377012   1503488     21.85     17632    321536   1045500         0      0.00         0
12:08:17 AM   5374972   1505528     21.88     17640    321568   1045500         0      0.00         0
12:08:18 AM   5368272   1512228     21.98     17648    321588   1045500         0      0.00         0
12:08:19 AM   5359884   1520616     22.10     17656    321612   1045500         0      0.00         0
12:08:20 AM   5342112   1538388     22.36     17664    321632   1045500         0      0.00         0
12:08:21 AM   5330872   1549628     22.52     17672    321652   1045500         0      0.00         0
12:08:22 AM   5320940   1559560     22.67     17680    321676   1045500         0      0.00         0
12:08:23 AM   5283156   1597344     23.22     17688    321700   1045500         0      0.00         0
12:08:24 AM   5245900   1634600     23.76     17696    321736   1045500         0      0.00         0
12:08:25 AM   5202400   1678100     24.39     17704    321764   1045500         0      0.00         0
12:08:26 AM   5164412   1716088     24.94     17712    321788   1045500         0      0.00         0
12:08:27 AM   5150580   1729920     25.14     17720    321816   1045500         0      0.00         0
12:08:28 AM   5138364   1742136     25.32     17728    321840   1045500         0      0.00         0
12:08:29 AM   5118356   1762144     25.61     17736    321868   1045500         0      0.00         0
12:08:30 AM   5108860   1771640     25.75     17744    321896   1045500         0      0.00         0
12:08:31 AM   5096176   1784324     25.93     17752    321924   1045500         0      0.00         0
12:08:32 AM   5087008   1793492     26.07     17760    321952   1045500         0      0.00         0
12:08:33 AM   5075436   1805064     26.23     17776    322016   1045500         0      0.00         0
12:08:34 AM   5070196   1810304     26.31     17784    322040   1045500         0      0.00         0
12:08:35 AM   5063660   1816840     26.41     17792    322064   1045500         0      0.00         0
12:08:36 AM   5053460   1827040     26.55     17800    322096   1045500         0      0.00         0
12:08:37 AM   5039992   1840508     26.75     17808    322128   1045500         0      0.00         0
12:08:38 AM   5018068   1862432     27.07     17816    322160   1045500         0      0.00         0
12:08:39 AM   4978852   1901648     27.64     17824    322196   1045500         0      0.00         0
12:08:40 AM   4933260   1947240     28.30     17832    322240   1045500         0      0.00         0
12:08:41 AM   4894276   1986224     28.87     17840    322280   1045500         0      0.00         0
12:08:42 AM   4852224   2028276     29.48     17848    322328   1045500         0      0.00         0
12:08:43 AM   4816524   2063976     30.00     17856    322364   1045500         0      0.00         0
12:08:44 AM   4804484   2076016     30.17     17864    322404   1045500         0      0.00         0
12:08:45 AM   4798116   2082384     30.27     17872    322444   1045500         0      0.00         0
12:08:46 AM   4793756   2086744     30.33     17880    322484   1045500         0      0.00         0
12:08:47 AM   4787728   2092772     30.42     17888    322524   1045500         0      0.00         0
12:08:48 AM   4782680   2097820     30.49     17896    322560   1045500         0      0.00         0
12:08:49 AM   4778196   2102304     30.55     17904    322604   1045500         0      0.00         0
12:08:50 AM   4775628   2104872     30.59     17912    322648   1045500         0      0.00         0
12:08:51 AM   4771192   2109308     30.66     17920    322704   1045500         0      0.00         0
12:08:52 AM   4769088   2111412     30.69     17928    322740   1045500         0      0.00         0
12:08:53 AM   4764424   2116076     30.75     17936    322788   1045500         0      0.00         0
12:08:54 AM   4756276   2124224     30.87     17944    322836   1045500         0      0.00         0
12:08:55 AM   4746176   2134324     31.02     17952    322888   1045500         0      0.00         0
12:08:56 AM   4724184   2156316     31.34     17960    323024   1045500         0      0.00         0
12:08:57 AM   4684228   2196272     31.92     17968    323068   1045500         0      0.00         0
12:08:58 AM   4680512   2199988     31.97     17976    323112   1045500         0      0.00         0
12:08:59 AM   4675820   2204680     32.04     17984    323244   1045500         0      0.00         0
12:09:00 AM   4672504   2207996     32.09     17992    323284   1045500         0      0.00         0
12:09:01 AM   4659172   2221328     32.28     18012    329276   1045500         0      0.00         0
12:09:02 AM   4647516   2232984     32.45     18020    329328   1045500         0      0.00         0
12:09:03 AM   4632156   2248344     32.68     18028    329372   1045500         0      0.00         0
12:09:04 AM   4625412   2255088     32.78     18036    329420   1045500         0      0.00         0
12:09:05 AM   4623304   2257196     32.81     18044    329476   1045500         0      0.00         0
12:09:06 AM   4620148   2260352     32.85     18052    329516   1045500         0      0.00         0
12:09:07 AM   4613888   2266612     32.94     18060    329576   1045500         0      0.00         0
12:09:08 AM   4603032   2277468     33.10     18068    329636   1045500         0      0.00         0
12:09:09 AM   4583264   2297236     33.39     18076    329684   1045500         0      0.00         0
12:09:10 AM   4567008   2313492     33.62     18084    329748   1045500         0      0.00         0
12:09:11 AM   4540172   2340328     34.01     18092    329848   1045500         0      0.00         0
12:09:12 AM   4538156   2342344     34.04     18100    329920   1045500         0      0.00         0
12:09:13 AM   4537048   2343452     34.06     18108    329968   1045500         0      0.00         0
12:09:14 AM   4537988   2342512     34.05     18116    330012   1045500         0      0.00         0
12:09:15 AM   4536848   2343652     34.06     18124    330080   1045500         0      0.00         0
12:09:16 AM   4536476   2344024     34.07     18132    330140   1045500         0      0.00         0
12:09:17 AM   4535400   2345100     34.08     18140    330184   1045500         0      0.00         0
12:09:18 AM   4534448   2346052     34.10     18148    330244   1045500         0      0.00         0
12:09:19 AM   4534488   2346012     34.10     18156    330304   1045500         0      0.00         0
12:09:20 AM   4534744   2345756     34.09     18164    330584   1045500         0      0.00         0
12:09:21 AM   4535652   2344848     34.08     18172    330636   1045500         0      0.00         0
12:09:22 AM   4535940   2344560     34.08     18180    330740   1045500         0      0.00         0
12:09:23 AM   4536856   2343644     34.06     18188    330796   1045500         0      0.00         0
12:09:24 AM   4536904   2343596     34.06     18196    330844   1045500         0      0.00         0
12:09:25 AM   4537696   2342804     34.05     18204    330888   1045500         0      0.00         0
12:09:26 AM   4537804   2342696     34.05     18212    331112   1045500         0      0.00         0
12:09:27 AM   4538472   2342028     34.04     18220    331288   1045500         0      0.00         0
12:09:28 AM   4538264   2342236     34.04     18228    331340   1045500         0      0.00         0
12:09:29 AM   4538924   2341576     34.03     18236    331396   1045500         0      0.00         0
12:09:30 AM   4538808   2341692     34.03     18244    331444   1045500         0      0.00         0
12:09:31 AM   4537620   2342880     34.05     18252    331508   1045500         0      0.00         0
12:09:32 AM   4538240   2342260     34.04     18260    331604   1045500         0      0.00         0
12:09:33 AM   4538816   2341684     34.03     18268    331660   1045500         0      0.00         0
12:09:34 AM   4539864   2340636     34.02     18276    331704   1045500         0      0.00         0
12:09:35 AM   4540904   2339596     34.00     18284    331752   1045500         0      0.00         0
12:09:36 AM   4541368   2339132     34.00     18292    331804   1045500         0      0.00         0
12:09:37 AM   4542316   2338184     33.98     18300    331944   1045500         0      0.00         0
12:09:38 AM   4543140   2337360     33.97     18308    331996   1045500         0      0.00         0
12:09:39 AM   4544488   2336012     33.95     18316    332048   1045500         0      0.00         0
12:09:40 AM   4545560   2334940     33.94     18324    332092   1045500         0      0.00         0
12:09:41 AM   4546320   2334180     33.92     18332    332144   1045500         0      0.00         0
12:09:42 AM   4545728   2334772     33.93     18340    332184   1045500         0      0.00         0
12:09:43 AM   4543356   2337144     33.97     18348    332268   1045500         0      0.00         0
12:09:44 AM   4538236   2342264     34.04     18356    332328   1045500         0      0.00         0
12:09:45 AM   4530544   2349956     34.15     18364    332428   1045500         0      0.00         0
12:09:46 AM   4510140   2370360     34.45     18372    332596   1045500         0      0.00         0
12:09:47 AM   4471932   2408568     35.01     18380    332688   1045500         0      0.00         0
12:09:48 AM   4471996   2408504     35.00     18388    332796   1045500         0      0.00         0
12:09:49 AM   4471632   2408868     35.01     18396    332844   1045500         0      0.00         0
12:09:50 AM   4471968   2408532     35.01     18404    332900   1045500         0      0.00         0
12:09:51 AM   4472488   2408012     35.00     18412    332952   1045500         0      0.00         0
12:09:52 AM   4472992   2407508     34.99     18420    333100   1045500         0      0.00         0
12:09:53 AM   4473280   2407220     34.99     18428    333340   1045500         0      0.00         0
12:09:54 AM   4473536   2406964     34.98     18436    333400   1045500         0      0.00         0
12:09:55 AM   4473608   2406892     34.98     18444    333464   1045500         0      0.00         0
12:09:56 AM   4474524   2405976     34.97     18452    333508   1045500         0      0.00         0
12:09:57 AM   4475160   2405340     34.96     18460    333560   1045500         0      0.00         0
12:09:58 AM   4476232   2404268     34.94     18468    333620   1045500         0      0.00         0
12:09:59 AM   4476900   2403600     34.93     18476    333668   1045500         0      0.00         0
12:10:00 AM   4478064   2402436     34.92     18484    333748   1045500         0      0.00         0
12:10:01 AM   4479228   2401272     34.90     18492    333856   1045500         0      0.00         0
12:10:02 AM   4480020   2400480     34.89     18500    333900   1045500         0      0.00         0
12:10:03 AM   4480656   2399844     34.88     18508    334016   1045500         0      0.00         0
12:10:04 AM   4481728   2398772     34.86     18516    334096   1045500         0      0.00         0
12:10:05 AM   4482644   2397856     34.85     18524    334156   1045500         0      0.00         0
12:10:06 AM   4483732   2396768     34.83     18532    334240   1045500         0      0.00         0
12:10:07 AM   4482460   2398040     34.85     18540    334332   1045500         0      0.00         0
12:10:08 AM   4482988   2397512     34.85     18548    334404   1045500         0      0.00         0
12:10:09 AM   4484028   2396472     34.83     18556    334480   1045500         0      0.00         0
12:10:10 AM   4485284   2395216     34.81     18564    334524   1045500         0      0.00         0
12:10:11 AM   4485984   2394516     34.80     18572    334572   1045500         0      0.00         0
12:10:12 AM   4486836   2393664     34.79     18580    334620   1045500         0      0.00         0
12:10:13 AM   4487752   2392748     34.78     18588    334664   1045500         0      0.00         0
12:10:14 AM   4488824   2391676     34.76     18596    334728   1045500         0      0.00         0
12:10:15 AM   4489864   2390636     34.75     18604    334800   1045500         0      0.00         0
12:10:16 AM   4491524   2388976     34.72     18612    334920   1045500         0      0.00         0
12:10:17 AM   4491912   2388588     34.72     18620    334976   1045500         0      0.00         0
12:10:18 AM   4493232   2387268     34.70     18628    335024   1045500         0      0.00         0
12:10:19 AM   4493116   2387384     34.70     18636    335080   1045500         0      0.00         0
12:10:20 AM   4494396   2386104     34.68     18644    335144   1045500         0      0.00         0
12:10:21 AM   4494940   2385560     34.67     18652    335228   1045500         0      0.00         0
12:10:22 AM   4495948   2384552     34.66     18660    335328   1045500         0      0.00         0
12:10:23 AM   4495988   2384512     34.66     18668    335384   1045500         0      0.00         0
12:10:24 AM   4497144   2383356     34.64     18676    335452   1045500         0      0.00         0
12:10:25 AM   4498184   2382316     34.62     18684    335496   1045500         0      0.00         0
12:10:26 AM   4499396   2381104     34.61     18692    335544   1045500         0      0.00         0
12:10:27 AM   4500064   2380436     34.60     18700    335600   1045500         0      0.00         0
12:10:28 AM   4500980   2379520     34.58     18708    335656   1045500         0      0.00         0
12:10:29 AM   4501880   2378620     34.57     18716    335708   1045500         0      0.00         0
12:10:30 AM   4502888   2377612     34.56     18724    335760   1045500         0      0.00         0
12:10:31 AM   4503992   2376508     34.54     18732    335808   1045500         0      0.00         0
12:10:32 AM   4503240   2377260     34.55     18740    336084   1045500         0      0.00         0
12:10:33 AM   4500804   2379696     34.59     18748    336136   1045500         0      0.00         0
12:10:34 AM   4497580   2382920     34.63     18756    336200   1045500         0      0.00         0
12:10:35 AM   4487812   2392688     34.77     18764    336256   1045500         0      0.00         0
12:10:36 AM   4487472   2393028     34.78     18772    336348   1045500         0      0.00         0
12:10:37 AM   4487472   2393028     34.78     18780    336480   1045500         0      0.00         0
12:10:38 AM   4488164   2392336     34.77     18788    336532   1045500         0      0.00         0
12:10:39 AM   4489320   2391180     34.75     18796    336592   1045500         0      0.00         0
12:10:40 AM   4490104   2390396     34.74     18804    336768   1045500         0      0.00         0
12:10:41 AM   4490888   2389612     34.73     18812    336832   1045500         0      0.00         0
12:10:42 AM   4492044   2388456     34.71     18820    336944   1045500         0      0.00         0
12:10:43 AM   4491356   2389144     34.72     18828    336988   1045500         0      0.00         0
12:10:44 AM   4488644   2391856     34.76     18836    337052   1045500         0      0.00         0
12:10:45 AM   4484448   2396052     34.82     18844    337124   1045500         0      0.00         0
12:10:46 AM   4484200   2396300     34.83     18852    337168   1045500         0      0.00         0
12:10:47 AM   4484472   2396028     34.82     18860    337284   1045500         0      0.00         0
12:10:48 AM   4485504   2394996     34.81     18868    337480   1045500         0      0.00         0
12:10:49 AM   4486536   2393964     34.79     18876    337592   1045500         0      0.00         0
12:10:50 AM   4486452   2394048     34.79     18884    337660   1045500         0      0.00         0
12:10:51 AM   4485664   2394836     34.81     18892    337724   1045500         0      0.00         0
12:10:52 AM   4482700   2397800     34.85     18900    337832   1045500         0      0.00         0
12:10:53 AM   4478580   2401920     34.91     18908    337876   1045500         0      0.00         0
12:10:54 AM   4470256   2410244     35.03     18916    337948   1045500         0      0.00         0
12:10:55 AM   4470412   2410088     35.03     18924    338004   1045500         0      0.00         0
12:10:56 AM   4469908   2410592     35.04     18932    338056   1045500         0      0.00         0
12:10:57 AM   4468872   2411628     35.05     18940    338108   1045500         0      0.00         0
12:10:58 AM   4466892   2413608     35.08     18948    338152   1045500         0      0.00         0
12:10:59 AM   4462020   2418480     35.15     18956    338200   1045500         0      0.00         0
12:11:00 AM   4451380   2429120     35.30     18964    338248   1045500         0      0.00         0
12:11:01 AM   4451596   2428904     35.30     18972    338300   1045500         0      0.00         0
12:11:02 AM   4452184   2428316     35.29     18980    338356   1045500         0      0.00         0
12:11:03 AM   4452876   2427624     35.28     18988    338460   1045500         0      0.00         0
12:11:04 AM   4452824   2427676     35.28     18996    338568   1045500         0      0.00         0
12:11:05 AM   4453932   2426568     35.27     19004    338668   1045500         0      0.00         0
12:11:06 AM   4454668   2425832     35.26     19012    338724   1045500         0      0.00         0
12:11:07 AM   4455856   2424644     35.24     19020    338764   1045500         0      0.00         0
12:11:08 AM   4455188   2425312     35.25     19028    338860   1045500         0      0.00         0
12:11:09 AM   4454316   2426184     35.26     19036    339128   1045500         0      0.00         0
12:11:10 AM   4453316   2427184     35.28     19044    339356   1045500         0      0.00         0
12:11:11 AM   4451596   2428904     35.30     19052    339408   1045500         0      0.00         0
12:11:12 AM   4451348   2429152     35.30     19060    339500   1045500         0      0.00         0
12:11:13 AM   4452040   2428460     35.29     19068    339600   1045500         0      0.00         0
12:11:14 AM   4452948   2427552     35.28     19076    339668   1045500         0      0.00         0
12:11:15 AM   4453608   2426892     35.27     19084    339720   1045500         0      0.00         0
12:11:16 AM   4454596   2425904     35.26     19092    339812   1045500         0      0.00         0
12:11:17 AM   4455844   2424656     35.24     19100    339872   1045500         0      0.00         0
12:11:18 AM   4456544   2423956     35.23     19108    339976   1045500         0      0.00         0
12:11:19 AM   4457708   2422792     35.21     19116    340072   1045500         0      0.00         0
12:11:20 AM   4458872   2421628     35.20     19124    340208   1045500         0      0.00         0
12:11:21 AM   4459788   2420712     35.18     19132    340256   1045500         0      0.00         0
12:11:22 AM   4460796   2419704     35.17     19140    340308   1045500         0      0.00         0
12:11:23 AM   4461960   2418540     35.15     19148    340368   1045500         0      0.00         0
12:11:24 AM   4463156   2417344     35.13     19156    340464   1045500         0      0.00         0
12:11:25 AM   4464072   2416428     35.12     19164    340568   1045500         0      0.00         0
12:11:26 AM   4465128   2415372     35.10     19172    340624   1045500         0      0.00         0
12:11:27 AM   4466384   2414116     35.09     19180    340672   1045500         0      0.00         0
12:11:28 AM   4468076   2412424     35.06     19188    340744   1045500         0      0.00         0
12:11:29 AM   4469172   2411328     35.05     19196    340800   1045500         0      0.00         0
12:11:30 AM   4470032   2410468     35.03     19204    340844   1045500         0      0.00         0
12:11:31 AM   4470948   2409552     35.02     19212    340892   1045500         0      0.00         0
12:11:32 AM   4470800   2409700     35.02     19220    340968   1045500         0      0.00         0
12:11:33 AM   4470708   2409792     35.02     19228    341016   1045500         0      0.00         0
12:11:34 AM   4470200   2410300     35.03     19236    341088   1045500         0      0.00         0
12:11:35 AM   4468232   2412268     35.06     19244    341188   1045500         0      0.00         0
12:11:36 AM   4468604   2411896     35.05     19252    341336   1045500         0      0.00         0
12:11:37 AM   4469544   2410956     35.04     19260    341380   1045500         0      0.00         0
12:11:38 AM   4470576   2409924     35.03     19268    341572   1045500         0      0.00         0
12:11:39 AM   4471616   2408884     35.01     19276    341668   1045500         0      0.00         0
12:11:40 AM   4472624   2407876     35.00     19284    341728   1045500         0      0.00         0
12:11:41 AM   4473696   2406804     34.98     19292    341788   1045500         0      0.00         0
12:11:42 AM   4474984   2405516     34.96     19300    341848   1045500         0      0.00         0
12:11:43 AM   4474588   2405912     34.97     19308    341900   1045500         0      0.00         0
12:11:44 AM   4475776   2404724     34.95     19316    341996   1045500         0      0.00         0
12:11:45 AM   4477032   2403468     34.93     19324    342048   1045500         0      0.00         0
12:11:46 AM   4476700   2403800     34.94     19332    342100   1045500         0      0.00         0
12:11:47 AM   4477856   2402644     34.92     19340    342148   1045500         0      0.00         0
12:11:48 AM   4479484   2401016     34.90     19348    342192   1045500         0      0.00         0
12:11:49 AM   4481052   2399448     34.87     19356    342404   1045500         0      0.00         0
12:11:50 AM   4481812   2398688     34.86     19364    342560   1045500         0      0.00         0
12:11:51 AM   4482512   2397988     34.85     19372    342608   1045500         0      0.00         0
12:11:52 AM   4483428   2397072     34.84     19380    342704   1045500         0      0.00         0
12:11:53 AM   4484592   2395908     34.82     19388    342748   1045500         0      0.00         0
12:11:54 AM   4485756   2394744     34.80     19396    342796   1045500         0      0.00         0
12:11:55 AM   4486796   2393704     34.79     19404    342848   1045500         0      0.00         0
12:11:56 AM   4487928   2392572     34.77     19412    342896   1045500         0      0.00         0
12:11:57 AM   4489372   2391128     34.75     19420    342952   1045500         0      0.00         0
12:11:58 AM   4490040   2390460     34.74     19428    343004   1045500         0      0.00         0
12:11:59 AM   4491576   2388924     34.72     19436    343160   1045500         0      0.00         0
12:12:00 AM   4491336   2389164     34.72     19444    343208   1045500         0      0.00         0
12:12:01 AM   4492244   2388256     34.71     19452    343248   1045500         0      0.00         0
12:12:02 AM   4493532   2386968     34.69     19460    343292   1045500         0      0.00         0
12:12:03 AM   4494696   2385804     34.67     19468    343380   1045500         0      0.00         0
12:12:04 AM   4495736   2384764     34.66     19476    343436   1045500         0      0.00         0
12:12:05 AM   4496900   2383600     34.64     19484    343488   1045500         0      0.00         0
12:12:06 AM   4498064   2382436     34.63     19492    343580   1045500         0      0.00         0
12:12:07 AM   4499196   2381304     34.61     19500    343840   1045500         0      0.00         0
12:12:08 AM   4499988   2380512     34.60     19508    343880   1045500         0      0.00         0
12:12:09 AM   4501184   2379316     34.58     19516    344024   1045500         0      0.00         0
12:12:10 AM   4502224   2378276     34.57     19524    344128   1045500         0      0.00         0
12:12:11 AM   4502036   2378464     34.57     19532    344200   1045500         0      0.00         0
12:12:12 AM   4499812   2380688     34.60     19540    344252   1045500         0      0.00         0
12:12:13 AM   4496060   2384440     34.66     19548    344320   1045500         0      0.00         0
12:12:14 AM   4486720   2393780     34.79     19556    344372   1045500         0      0.00         0
12:12:15 AM   4469280   2411220     35.04     19564    344432   1045500         0      0.00         0
12:12:16 AM   4467652   2412848     35.07     19572    344488   1045500         0      0.00         0
12:12:17 AM   4466456   2414044     35.09     19580    344548   1045500         0      0.00         0
12:12:18 AM   4464092   2416408     35.12     19588    344644   1045500         0      0.00         0
12:12:19 AM   4459064   2421436     35.19     19596    344696   1045500         0      0.00         0
12:12:20 AM   4450440   2430060     35.32     19604    344824   1045500         0      0.00         0
12:12:21 AM   4449200   2431300     35.34     19612    344876   1045500         0      0.00         0
12:12:22 AM   4448860   2431640     35.34     19620    344920   1045500         0      0.00         0
12:12:23 AM   4449148   2431352     35.34     19628    344980   1045500         0      0.00         0
12:12:24 AM   4449900   2430600     35.33     19636    345020   1045500         0      0.00         0
12:12:25 AM   4450956   2429544     35.31     19644    345072   1045500         0      0.00         0
12:12:26 AM   4451840   2428660     35.30     19652    345120   1045500         0      0.00         0
12:12:27 AM   4452500   2428000     35.29     19660    345180   1045500         0      0.00         0
12:12:28 AM   4452968   2427532     35.28     19668    345236   1045500         0      0.00         0
12:12:29 AM   4454432   2426068     35.26     19676    345284   1045500         0      0.00         0
12:12:30 AM   4455504   2424996     35.24     19684    345336   1045500         0      0.00         0
12:12:31 AM   4457016   2423484     35.22     19692    345420   1045500         0      0.00         0
12:12:32 AM   4457328   2423172     35.22     19700    345548   1045500         0      0.00         0
12:12:33 AM   4458248   2422252     35.20     19708    345604   1045500         0      0.00         0
12:12:34 AM   4459408   2421092     35.19     19716    345728   1045500         0      0.00         0
12:12:35 AM   4459956   2420544     35.18     19724    345772   1045500         0      0.00         0
12:12:36 AM   4461076   2419424     35.16     19732    345816   1045500         0      0.00         0
12:12:37 AM   4461840   2418660     35.15     19740    345908   1045500         0      0.00         0
12:12:38 AM   4463156   2417344     35.13     19748    345984   1045500         0      0.00         0
12:12:39 AM   4463132   2417368     35.13     19756    346076   1045500         0      0.00         0
12:12:40 AM   4464660   2415840     35.11     19764    346156   1045500         0      0.00         0
12:12:41 AM   4464328   2416172     35.12     19772    346236   1045500         0      0.00         0
12:12:42 AM   4463560   2416940     35.13     19780    346332   1045500         0      0.00         0
12:12:43 AM   4463436   2417064     35.13     19788    346400   1045500         0      0.00         0
12:12:44 AM   4464616   2415884     35.11     19796    346448   1045500         0      0.00         0
12:12:45 AM   4465744   2414756     35.10     19804    346540   1045500         0      0.00         0
12:12:46 AM   4466588   2413912     35.08     19812    346636   1045500         0      0.00         0
12:12:47 AM   4467792   2412708     35.07     19820    346688   1045500         0      0.00         0
12:12:48 AM   4468844   2411656     35.05     19828    346736   1045500         0      0.00         0
12:12:49 AM   4469888   2410612     35.04     19836    346784   1045500         0      0.00         0
12:12:50 AM   4471052   2409448     35.02     19844    346836   1045500         0      0.00         0
12:12:51 AM   4471936   2408564     35.01     19852    346900   1045500         0      0.00         0
12:12:52 AM   4473220   2407280     34.99     19860    347108   1045500         0      0.00         0
12:12:53 AM   4474292   2406208     34.97     19868    347152   1045500         0      0.00         0
12:12:54 AM   4475056   2405444     34.96     19876    347200   1045500         0      0.00         0
12:12:55 AM   4476968   2403532     34.93     19884    347264   1045500         0      0.00         0
12:12:56 AM   4477536   2402964     34.92     19892    347312   1045500         0      0.00         0
12:12:57 AM   4477552   2402948     34.92     19900    347364   1045500         0      0.00         0
12:12:58 AM   4478436   2402064     34.91     19908    347416   1045500         0      0.00         0
12:12:59 AM   4479644   2400856     34.89     19916    347476   1045500         0      0.00         0
12:13:00 AM   4480904   2399596     34.88     19924    347592   1045500         0      0.00         0
12:13:01 AM   4482564   2397936     34.85     19932    347640   1045500         0      0.00         0
12:13:02 AM   4483228   2397272     34.84     19940    347692   1045500         0      0.00         0
12:13:03 AM   4484300   2396200     34.83     19948    347736   1045500         0      0.00         0
12:13:04 AM   4485556   2394944     34.81     19956    347840   1045500         0      0.00         0
12:13:05 AM   4486480   2394020     34.79     19964    347916   1045500         0      0.00         0
12:13:06 AM   4487512   2392988     34.78     19972    347964   1045500         0      0.00         0
12:13:07 AM   4488896   2391604     34.76     19980    348016   1045500         0      0.00         0
12:13:08 AM   4489824   2390676     34.75     19988    348156   1045500         0      0.00         0
12:13:09 AM   4490980   2389520     34.73     19996    348208   1045500         0      0.00         0
12:13:10 AM   4492140   2388360     34.71     20004    348264   1045500         0      0.00         0
12:13:11 AM   4493340   2387160     34.69     20012    348308   1045500         0      0.00         0
12:13:12 AM   4494108   2386392     34.68     20020    348500   1045500         0      0.00         0
12:13:13 AM   4495440   2385060     34.66     20028    348552   1045500         0      0.00         0
12:13:14 AM   4496732   2383768     34.65     20036    348596   1045500         0      0.00         0
12:13:15 AM   4498340   2382160     34.62     20044    348688   1045500         0      0.00         0
12:13:16 AM   4498592   2381908     34.62     20052    348732   1045500         0      0.00         0
12:13:17 AM   4499632   2380868     34.60     20060    348780   1045500         0      0.00         0
12:13:18 AM   4500804   2379696     34.59     20068    348828   1045500         0      0.00         0
12:13:19 AM   4502060   2378440     34.57     20076    348876   1045500         0      0.00         0
12:13:20 AM   4503376   2377124     34.55     20084    348924   1045500         0      0.00         0
12:13:21 AM   4504540   2375960     34.53     20092    349088   1045500         0      0.00         0
12:13:22 AM   4503812   2376688     34.54     20100    349132   1045500         0      0.00         0
12:13:23 AM   4505036   2375464     34.52     20108    349176   1045500         0      0.00         0
12:13:24 AM   4505800   2374700     34.51     20116    349208   1045500         0      0.00         0
12:13:25 AM   4507276   2373224     34.49     20124    349248   1045500         0      0.00         0
12:13:26 AM   4509356   2371144     34.46     20132    349356   1045500         0      0.00         0
12:13:27 AM   4510296   2370204     34.45     20140    349404   1045500         0      0.00         0
12:13:28 AM   4511532   2368968     34.43     20148    349452   1045500         0      0.00         0
12:13:29 AM   4512980   2367520     34.41     20156    349484   1045500         0      0.00         0
12:13:30 AM   4514396   2366104     34.39     20164    349520   1045500         0      0.00         0
12:13:31 AM   4515688   2364812     34.37     20172    349544   1045500         0      0.00         0
12:13:32 AM   4516884   2363616     34.35     20180    349572   1045500         0      0.00         0
12:13:33 AM   4518080   2362420     34.34     20188    349604   1045500         0      0.00         0
12:13:34 AM   4519340   2361160     34.32     20196    349640   1045500         0      0.00         0
12:13:35 AM   4520944   2359556     34.29     20204    349668   1045500         0      0.00         0
12:13:36 AM   4522296   2358204     34.27     20212    349692   1045500         0      0.00         0
12:13:37 AM   4523524   2356976     34.26     20220    349712   1045500         0      0.00         0
12:13:38 AM   4524968   2355532     34.23     20228    349740   1045500         0      0.00         0
12:13:39 AM   4526072   2354428     34.22     20236    349756   1045500         0      0.00         0
12:13:40 AM   4527488   2353012     34.20     20244    349768   1045500         0      0.00         0
12:13:41 AM   4528716   2351784     34.18     20252    349788   1045500         0      0.00         0
12:13:42 AM   4529820   2350680     34.16     20260    349824   1045500         0      0.00         0
12:13:43 AM   4531232   2349268     34.14     20268    349844   1045500         0      0.00         0
12:13:44 AM   4532212   2348288     34.13     20276    349872   1045500         0      0.00         0
12:13:45 AM   4533624   2346876     34.11     20284    349888   1045500         0      0.00         0
12:13:46 AM   4534664   2345836     34.09     20292    349900   1045500         0      0.00         0
12:13:47 AM   4536028   2344472     34.07     20300    349912   1045500         0      0.00         0
12:13:48 AM   4537240   2343260     34.06     20308    349924   1045500         0      0.00         0
12:13:49 AM   4538496   2342004     34.04     20316    349928   1045500         0      0.00         0
12:13:50 AM   4539784   2340716     34.02     20324    349940   1045500         0      0.00         0
12:13:51 AM   4541104   2339396     34.00     20332    349996   1045500         0      0.00         0
12:13:52 AM   4542268   2338232     33.98     20340    350012   1045500         0      0.00         0
12:13:53 AM   4543432   2337068     33.97     20348    350024   1045500         0      0.00         0
12:13:54 AM   4544720   2335780     33.95     20356    350032   1045500         0      0.00         0
12:13:55 AM   4545744   2334756     33.93     20364    350040   1045500         0      0.00         0
12:13:56 AM   4547032   2333468     33.91     20372    350044   1045500         0      0.00         0
12:13:57 AM   4548360   2332140     33.89     20380    350048   1045500         0      0.00         0
12:13:58 AM   4549280   2331220     33.88     20388    350056   1045500         0      0.00         0
12:13:59 AM   4550572   2329928     33.86     20396    350060   1045500         0      0.00         0
12:14:00 AM   4551852   2328648     33.84     20404    350060   1045500         0      0.00         0
12:14:01 AM   4552992   2327508     33.83     20412    350072   1045500         0      0.00         0
12:14:02 AM   4554428   2326072     33.81     20420    350072   1045500         0      0.00         0
12:14:03 AM   4555692   2324808     33.79     20428    350084   1045500         0      0.00         0
12:14:04 AM   4556888   2323612     33.77     20436    350092   1045500         0      0.00         0
12:14:05 AM   4558168   2322332     33.75     20444    350088   1045500         0      0.00         0
12:14:06 AM   4559360   2321140     33.74     20452    350088   1045500         0      0.00         0
12:14:07 AM   4560608   2319892     33.72     20460    350104   1045500         0      0.00         0
12:14:08 AM   4561900   2318600     33.70     20468    350112   1045500         0      0.00         0
12:14:09 AM   4563092   2317408     33.68     20476    350104   1045500         0      0.00         0
12:14:10 AM   4564276   2316224     33.66     20484    350120   1045500         0      0.00         0
12:14:11 AM   4565896   2314604     33.64     20492    350124   1045500         0      0.00         0
12:14:12 AM   4566948   2313552     33.62     20500    350128   1045500         0      0.00         0
12:14:13 AM   4568096   2312404     33.61     20508    350124   1045500         0      0.00         0
12:14:14 AM   4569416   2311084     33.59     20516    350132   1045500         0      0.00         0
12:14:15 AM   4570800   2309700     33.57     20524    350144   1045500         0      0.00         0
12:14:16 AM   4571984   2308516     33.55     20532    350136   1045500         0      0.00         0
12:14:17 AM   4573240   2307260     33.53     20540    350152   1045500         0      0.00         0
12:14:18 AM   4574540   2305960     33.51     20548    350160   1045500         0      0.00         0
12:14:19 AM   4575732   2304768     33.50     20556    350160   1045500         0      0.00         0
12:14:20 AM   4576908   2303592     33.48     20564    350156   1045500         0      0.00         0
12:14:21 AM   4578160   2302340     33.46     20572    350172   1045500         0      0.00         0
12:14:22 AM   4579196   2301304     33.45     20580    350168   1045500         0      0.00         0
12:14:23 AM   4580740   2299760     33.42     20588    350180   1045500         0      0.00         0
12:14:24 AM   4581924   2298576     33.41     20596    350176   1045500         0      0.00         0
12:14:25 AM   4583056   2297444     33.39     20604    350188   1045500         0      0.00         0
12:14:26 AM   4584344   2296156     33.37     20612    350192   1045500         0      0.00         0
12:14:27 AM   4585344   2295156     33.36     20620    350204   1045500         0      0.00         0
12:14:28 AM   4586652   2293848     33.34     20628    350200   1045500         0      0.00         0
12:14:29 AM   4587844   2292656     33.32     20636    350208   1045500         0      0.00         0
12:14:30 AM   4589260   2291240     33.30     20644    350208   1045500         0      0.00         0
12:14:31 AM   4590640   2289860     33.28     20652    350220   1045500         0      0.00         0
12:14:32 AM   4591684   2288816     33.27     20660    350212   1045500         0      0.00         0
12:14:33 AM   4592856   2287644     33.25     20668    350228   1045500         0      0.00         0
12:14:34 AM   4594144   2286356     33.23     20676    350220   1045500         0      0.00         0
12:14:35 AM   4595428   2285072     33.21     20684    350236   1045500         0      0.00         0
12:14:36 AM   4596732   2283768     33.19     20692    350228   1045500         0      0.00         0
12:14:37 AM   4598108   2282392     33.17     20700    350248   1045500         0      0.00         0
12:14:38 AM   4599144   2281356     33.16     20708    350244   1045500         0      0.00         0
12:14:39 AM   4600424   2280076     33.14     20716    350248   1045500         0      0.00         0
12:14:40 AM   4601860   2278640     33.12     20724    350256   1045500         0      0.00         0
12:14:41 AM   4603016   2277484     33.10     20732    350260   1045500         0      0.00         0
Average:      4594914   2285586     33.22     19134    338850   1045500         0      0.00         0
