3.27
2.02
4.74
5.04
8.12
5.54
13.20
11.36
13.32
9.60
9.80
14.43
14.10
13.60
17.35
16.46
11.65
16.54
16.92
17.66
15.52
23.10
25.57
25.95
22.19
21.03
20.81
20.20
15.70
23.80
22.42
21.43
17.05
22.78
21.37
24.75
21.37
26.60
27.39
21.52
30.96
23.48
23.53
26.58
21.85
25.19
28.28
19.79
20.30
23.66
19.69
19.54
24.94
21.94
25.75
29.04
24.81
22.56
21.39
25.26
24.30
26.65
21.99
19.28
19.90
20.82
27.23
27.00
24.62
24.18
25.00
24.37
25.19
24.94
30.03
23.17
26.21
22.02
27.69
24.87
24.74
21.41
25.52
24.74
23.45
24.81
25.96
23.43
22.39
21.21
23.33
22.14
19.75
20.82
23.72
22.37
19.38
22.42
24.94
22.59
23.47
25.82
24.49
22.05
28.61
26.46
23.32
24.11
20.57
22.16
23.72
22.65
25.45
24.17
26.90
22.14
24.03
26.03
31.55
28.54
25.00
25.64
26.22
25.32
22.56
26.32
24.94
24.10
27.20
25.00
20.93
23.06
21.63
27.72
24.48
22.84
25.51
28.53
26.85
25.45
28.06
25.83
25.45
22.05
25.45
26.85
28.64
24.16
27.16
25.06
23.26
29.37
27.99
24.49
26.22
27.51
25.84
27.95
29.31
25.13
24.48
26.09
25.51
28.61
27.44
27.74
25.45
24.87
27.41
28.02
27.64
28.28
27.71
27.81
25.90
26.67
26.21
26.67
26.53
25.96
24.74
28.61
28.83
24.24
24.29
25.00
29.82
25.58
27.62
24.49
21.48
26.15
28.86
24.04
28.05
26.02
27.55
29.16
24.42
23.48
22.66
27.81
20.46
27.16
27.74
20.00
26.11
26.14
25.65
24.81
22.05
24.74
29.04
27.65
30.85
26.03
20.92
29.16
25.32
26.41
34.43
30.08
29.37
28.12
27.48
27.98
24.68
24.55
26.26
21.13
23.54
22.94
28.24
24.56
22.08
24.68
22.28
24.30
28.21
27.30
26.20
20.51
24.62
23.43
24.49
26.55
25.13
24.04
24.23
24.94
25.91
26.84
28.90
31.47
26.10
28.21
25.63
28.75
27.96
25.57
28.57
21.34
25.90
28.61
22.11
25.45
28.31
23.04
26.53
21.96
23.16
24.10
22.08
27.27
18.86
27.02
26.22
25.77
26.67
23.16
27.44
28.09
22.05
25.26
25.52
28.35
27.32
21.03
27.92
27.06
22.92
24.68
29.08
25.82
27.34
20.41
29.52
24.74
25.19
26.30
27.04
24.24
27.81
26.85
24.61
28.79
23.72
22.70
29.08
25.96
21.28
24.61
23.51
24.23
23.14
20.26
26.55
25.95
30.03
26.61
24.55
28.97
19.14
24.81
20.20
18.32
21.65
13.81
18.58
15.86
16.45
18.46
16.92
16.28
16.49
13.08
12.37
13.71
7.87
11.42
7.63
7.36
11.31
7.46
7.34
5.06
5.53
4.80
5.79
3.04
4.76
4.55
3.77
2.26
2.00
2.26
1.00
2.26
1.75
1.26
1.50
1.75
2.51
0.75
2.00
1.75
2.26
1.50
0.50
2.00
1.00
2.25
1.76
2.74
1.25
1.25
1.75
1.50
1.50
2.01
1.50
1.99
0.75
1.25
1.50
1.25
0.50
1.00
1.00
1.50
0.75
1.25
0.75
1.49
1.25
0.75
0.75
0.50
1.25
0.75
