19.20
19.21
19.23
19.28
19.40
19.62
19.85
20.10
20.37
20.62
20.88
21.26
21.64
21.73
21.85
21.88
21.98
22.10
22.36
22.52
22.67
23.22
23.76
24.39
24.94
25.14
25.32
25.61
25.75
25.93
26.07
26.23
26.31
26.41
26.55
26.75
27.07
27.64
28.30
28.87
29.48
30.00
30.17
30.27
30.33
30.42
30.49
30.55
30.59
30.66
30.69
30.75
30.87
31.02
31.34
31.92
31.97
32.04
32.09
32.28
32.45
32.68
32.78
32.81
32.85
32.94
33.10
33.39
33.62
34.01
34.04
34.06
34.05
34.06
34.07
34.08
34.10
34.10
34.09
34.08
34.08
34.06
34.06
34.05
34.05
34.04
34.04
34.03
34.03
34.05
34.04
34.03
34.02
34.00
34.00
33.98
33.97
33.95
33.94
33.92
33.93
33.97
34.04
34.15
34.45
35.01
35.00
35.01
35.01
35.00
34.99
34.99
34.98
34.98
34.97
34.96
34.94
34.93
34.92
34.90
34.89
34.88
34.86
34.85
34.83
34.85
34.85
34.83
34.81
34.80
34.79
34.78
34.76
34.75
34.72
34.72
34.70
34.70
34.68
34.67
34.66
34.66
34.64
34.62
34.61
34.60
34.58
34.57
34.56
34.54
34.55
34.59
34.63
34.77
34.78
34.78
34.77
34.75
34.74
34.73
34.71
34.72
34.76
34.82
34.83
34.82
34.81
34.79
34.79
34.81
34.85
34.91
35.03
35.03
35.04
35.05
35.08
35.15
35.30
35.30
35.29
35.28
35.28
35.27
35.26
35.24
35.25
35.26
35.28
35.30
35.30
35.29
35.28
35.27
35.26
35.24
35.23
35.21
35.20
35.18
35.17
35.15
35.13
35.12
35.10
35.09
35.06
35.05
35.03
35.02
35.02
35.02
35.03
35.06
35.05
35.04
35.03
35.01
35.00
34.98
34.96
34.97
34.95
34.93
34.94
34.92
34.90
34.87
34.86
34.85
34.84
34.82
34.80
34.79
34.77
34.75
34.74
34.72
34.72
34.71
34.69
34.67
34.66
34.64
34.63
34.61
34.60
34.58
34.57
34.57
34.60
34.66
34.79
35.04
35.07
35.09
35.12
35.19
35.32
35.34
35.34
35.34
35.33
35.31
35.30
35.29
35.28
35.26
35.24
35.22
35.22
35.20
35.19
35.18
35.16
35.15
35.13
35.13
35.11
35.12
35.13
35.13
35.11
35.10
35.08
35.07
35.05
35.04
35.02
35.01
34.99
34.97
34.96
34.93
34.92
34.92
34.91
34.89
34.88
34.85
34.84
34.83
34.81
34.79
34.78
34.76
34.75
34.73
34.71
34.69
34.68
34.66
34.65
34.62
34.62
34.60
34.59
34.57
34.55
34.53
34.54
34.52
34.51
34.49
34.46
34.45
34.43
34.41
34.39
34.37
34.35
34.34
34.32
34.29
34.27
34.26
34.23
34.22
34.20
34.18
34.16
34.14
34.13
34.11
34.09
34.07
34.06
34.04
34.02
34.00
33.98
33.97
33.95
33.93
33.91
33.89
33.88
33.86
33.84
33.83
33.81
33.79
33.77
33.75
33.74
33.72
33.70
33.68
33.66
33.64
33.62
33.61
33.59
33.57
33.55
33.53
33.51
33.50
33.48
33.46
33.45
33.42
33.41
33.39
33.37
33.36
33.34
33.32
33.30
33.28
33.27
33.25
33.23
33.21
33.19
33.17
33.16
33.14
33.12
33.10
