40.45
18.18
15.44
15.23
15.57
15.79
24.32
33.66
50.80
23.10
28.42
23.14
28.32
32.88
31.01
28.46
23.24
42.23
27.86
28.50
27.23
27.75
34.55
30.29
34.54
35.06
35.53
35.48
36.08
41.43
34.12
40.77
40.15
40.46
43.81
41.75
43.75
43.40
45.48
49.87
52.84
53.96
48.35
47.97
53.87
57.81
57.11
61.99
58.10
59.90
61.86
59.54
59.17
61.58
59.59
58.63
60.15
68.54
62.53
79.64
86.48
93.18
87.91
66.93
70.68
67.60
63.90
61.86
66.58
73.77
58.02
62.94
63.85
62.12
62.88
69.74
92.78
100.00
100.00
93.13
93.98
94.01
96.72
81.03
56.33
74.68
73.78
69.97
68.04
66.67
63.40
64.30
64.84
62.11
65.62
63.87
58.36
63.66
58.66
60.94
62.98
62.34
61.86
64.97
61.24
61.78
57.73
67.09
54.03
66.67
64.12
55.73
60.26
60.47
59.08
62.92
61.60
59.54
57.88
56.27
58.81
56.07
58.76
54.38
61.42
59.23
61.70
65.98
59.28
56.74
57.88
56.19
56.51
59.48
63.21
60.87
56.50
60.50
57.91
62.09
62.50
59.06
57.36
53.63
63.50
59.28
54.83
58.31
60.84
59.79
64.94
59.47
55.50
55.73
59.38
57.62
59.14
58.51
54.85
55.30
60.26
57.81
57.33
57.29
58.81
57.00
58.99
55.53
58.59
57.84
56.48
56.15
54.23
66.84
59.37
59.84
60.16
56.99
53.93
52.31
54.40
55.26
55.26
60.73
61.56
62.86
57.81
52.24
57.80
56.71
54.09
51.30
52.74
55.05
55.61
58.90
54.81
54.55
57.95
55.17
59.69
58.46
57.77
59.33
58.75
56.14
59.84
54.31
53.25
57.22
55.24
61.26
54.26
58.97
60.69
55.64
56.28
57.91
56.99
59.33
51.95
60.00
56.59
57.56
59.48
59.95
58.27
53.73
53.03
52.66
52.31
54.25
58.19
50.90
57.14
51.30
52.03
52.32
55.27
49.73
56.05
48.66
52.73
52.32
53.20
49.74
48.28
51.83
52.24
52.66
49.87
58.49
53.72
55.53
50.92
46.68
53.40
49.73
51.72
49.09
52.60
52.24
53.77
53.19
55.29
50.91
52.63
51.98
51.19
55.56
56.10
50.51
53.40
52.85
54.05
50.90
50.63
55.18
49.48
51.93
48.14
49.87
53.39
47.57
53.21
53.93
53.26
54.40
51.05
52.48
48.03
50.94
52.09
54.09
54.95
52.45
51.18
57.62
51.04
49.35
53.54
46.42
51.84
53.14
52.44
53.16
50.79
51.98
49.48
49.74
50.90
53.25
53.11
46.32
47.53
47.41
44.70
44.22
40.46
42.93
36.80
36.01
31.66
29.09
31.31
26.99
26.09
26.40
22.73
24.09
15.99
19.39
18.37
12.79
8.16
8.12
6.36
7.11
6.33
2.00
1.76
1.50
2.25
1.25
1.76
1.75
1.75
1.25
1.50
1.26
1.00
1.25
2.00
1.50
1.00
1.50
1.25
1.50
1.50
1.50
1.01
1.74
1.00
1.50
1.00
1.50
1.25
0.75
2.00
0.50
1.75
1.50
1.75
1.50
2.24
1.75
1.00
1.00
2.26
1.25
1.25
1.00
1.50
0.75
2.00
0.50
1.99
0.75
2.76
2.99
2.26
2.26
2.51
3.00
2.50
2.50
1.00
1.25
1.00
