83.38
83.40
83.41
83.43
83.50
83.65
83.88
83.87
83.86
83.92
83.93
84.02
84.19
84.44
84.87
84.93
84.97
85.04
85.07
85.10
85.23
85.29
85.31
85.34
85.37
85.39
85.43
85.47
85.49
85.50
85.50
85.50
85.49
85.48
85.50
85.52
85.58
85.68
85.84
86.15
86.72
87.36
87.87
88.11
88.72
89.39
90.07
90.84
91.54
92.26
92.96
93.65
94.38
95.11
95.69
95.98
96.68
97.38
98.11
98.34
98.02
97.84
97.83
97.88
97.95
97.99
98.04
98.08
98.06
98.00
98.01
98.07
98.13
97.92
98.08
98.42
98.43
97.83
97.89
98.02
98.13
97.74
97.50
97.26
97.33
97.40
97.45
97.47
97.50
97.50
97.52
97.51
97.50
97.50
97.51
97.50
97.50
97.50
97.50
97.50
97.48
97.47
97.47
97.48
97.50
97.50
97.50
97.52
97.51
97.50
97.49
97.48
97.47
97.45
97.44
97.43
97.42
97.43
97.44
97.44
97.42
97.42
97.41
97.40
97.38
97.36
97.36
97.34
97.33
97.31
97.30
97.28
97.27
97.26
97.25
97.24
97.24
97.28
97.34
97.49
97.49
97.48
97.47
97.47
97.47
97.48
97.46
97.45
97.43
97.41
97.41
97.41
97.39
97.37
97.38
97.42
97.51
97.65
97.86
97.97
97.96
97.96
97.99
97.96
97.95
97.98
98.04
98.05
98.03
98.02
98.00
97.99
97.98
97.97
97.95
97.93
97.92
97.90
97.88
97.91
97.94
97.94
97.93
97.92
97.90
97.89
97.87
97.86
97.88
97.92
97.98
97.98
97.96
97.94
97.93
97.92
97.91
97.90
97.88
97.87
97.86
97.84
97.82
97.81
97.79
97.77
97.75
97.74
97.76
97.75
97.73
97.71
97.70
97.69
97.67
97.66
97.63
97.61
97.59
97.58
97.57
97.55
97.53
97.53
97.52
97.51
97.49
97.47
97.49
97.54
97.60
97.74
98.03
98.04
98.04
98.06
98.11
97.98
98.14
97.98
97.99
97.99
97.98
97.97
97.95
97.94
97.94
97.91
97.90
97.89
97.88
97.86
97.85
97.83
97.82
97.80
97.79
97.78
97.75
97.74
97.72
97.71
97.69
97.67
97.67
97.65
97.63
97.61
97.60
97.58
97.57
97.55
97.53
97.52
97.50
97.48
97.49
97.49
97.49
97.51
97.55
97.62
97.61
97.59
97.58
97.57
97.55
97.54
97.53
97.50
97.50
97.48
97.47
97.45
97.43
97.41
97.39
97.38
97.36
97.35
97.32
97.31
97.29
97.27
97.25
97.24
97.22
97.20
97.18
97.16
97.14
97.13
97.11
97.09
97.08
97.06
97.04
97.02
97.00
96.99
96.97
96.94
96.91
96.89
96.86
96.83
96.80
96.77
96.74
96.72
96.69
96.66
96.64
96.61
96.60
96.57
96.55
96.53
96.51
96.49
96.47
96.45
96.43
96.41
96.38
96.36
96.34
96.32
96.30
96.28
96.26
96.24
96.22
96.20
96.18
96.16
96.13
96.12
96.09
96.07
96.05
96.02
96.01
95.98
95.96
95.94
95.93
95.93
95.90
95.88
95.86
95.84
95.82
95.80
95.77
95.75
95.73
95.71
95.69
95.67
95.65
95.63
95.61
95.59
95.57
95.55
95.53
95.50
95.48
95.46
95.44
95.42
95.39
95.37
95.35
95.33
95.31
95.29
95.26
95.24
