Linux 3.11.0-15-generic (client-HVM-domU) 	04/21/2015

01:44:23 AM kbmemfree kbmemused  %memused kbbuffers  kbcached kbswpfree kbswpused  %swpused  kbswpcad
01:44:25 AM    478964   6401536     93.04      3832     67988     47128    998372     95.49    148040
01:44:26 AM    468228   6412272     93.19      3848     68192     48608    996892     95.35    150800
01:44:27 AM    457092   6423408     93.36      3880     69120     49696    995804     95.25    154744
01:44:28 AM    442852   6437648     93.56      3916     69272     50632    994868     95.16    158600
01:44:29 AM    428300   6452200     93.78      3944     70180     51500    994000     95.07    161840
01:44:30 AM    409628   6470872     94.05      3968     70616     52628    992872     94.97    165764
01:44:31 AM    382780   6497720     94.44      3992     71124     53532    991968     94.88    169088
01:44:32 AM    364392   6516108     94.70      4016     71532     55196    990304     94.72    173804
01:44:33 AM    344824   6535676     94.99      4032     71896     56644    988856     94.58    178436
01:44:34 AM    328600   6551900     95.22      4048     72256     57960    987540     94.46    182456
01:44:35 AM    308360   6572140     95.52      4072     72388     59320    986180     94.33    186848
01:44:36 AM    282656   6597844     95.89      4088     72620     60700    984800     94.19    192036
01:44:47 AM     94264   6786236     98.63      2448     50612     75092    970408     92.82    234560
01:45:28 AM     93992   6786508     98.63      1968     45664     46612    998888     95.54    255160
01:50:23 AM    108720   6771780     98.42       160     17812     15296   1030204     98.54    156732
01:53:13 AM     96288   6784212     98.60        80      8512         0   1045500    100.00     37956
01:53:52 AM     97956   6782544     98.58       132      7380         0   1045500    100.00     34864
01:53:53 AM    104120   6776380     98.49       128      7212         0   1045500    100.00     31172
01:53:54 AM    105760   6774740     98.46       136      7060         0   1045500    100.00     28548
01:53:55 AM     97668   6782832     98.58       112      9844         0   1045500    100.00     25032
01:53:56 AM     97844   6782656     98.58       108      7316         0   1045500    100.00     19004
01:53:59 AM     97856   6782644     98.58       340      9656         0   1045500    100.00     13364
01:54:00 AM    102632   6777868     98.51       140      2920         0   1045500    100.00     13392
01:54:08 AM    102532   6777968     98.51       132      2600         0   1045500    100.00     13392
01:54:09 AM    101604   6778896     98.52       124      3768         0   1045500    100.00     13420
01:54:10 AM    100140   6780360     98.54       120      5164         0   1045500    100.00     13492
01:54:11 AM    101744   6778756     98.52       128      5148         0   1045500    100.00     13464
01:54:12 AM     99224   6781276     98.56       128     10984         0   1045500    100.00      8548
01:54:13 AM     97928   6782572     98.58       148     13844         0   1045500    100.00      8832
01:54:14 AM     95200   6785300     98.62       168     13124         0   1045500    100.00      9184
01:54:15 AM     99516   6780984     98.55       152      9340         0   1045500    100.00      9296
01:54:16 AM    101920   6778580     98.52       144      9664         0   1045500    100.00      9292
01:54:17 AM    101508   6778992     98.52       200      9100         0   1045500    100.00      9688
01:54:18 AM     98704   6781796     98.57       180     11072         0   1045500    100.00      9604
01:54:19 AM    101848   6778652     98.52       156      8944         0   1045500    100.00      6392
01:54:20 AM    102008   6778492     98.52       136      7368         0   1045500    100.00      6644
01:54:21 AM    102800   6777700     98.51       280      6476         0   1045500    100.00      6632
01:54:22 AM    126172   6754328     98.17       136      9300         0   1045500    100.00      6472
01:54:26 AM    123928   6756572     98.20       152      8508        60   1045440     99.99      6156
01:54:27 AM    117200   6763300     98.30       404      8772         0   1045500    100.00      5840
01:54:29 AM    106532   6773968     98.45       188      7940         0   1045500    100.00      7328
01:54:34 AM    121472   6759028     98.23       408      8028         0   1045500    100.00      6544
01:54:39 AM    285604   6594896     95.85       116      8260      2216   1043284     99.79      8540
01:54:50 AM    317684   6562816     95.38       256     13276       528   1044972     99.95      7332
01:54:54 AM    258960   6621540     96.24       284     19780      1364   1044136     99.87      9184
01:54:55 AM    226248   6654252     96.71       296     21912      1720   1043780     99.84     12424
01:54:56 AM    187180   6693320     97.28       312     23432      2344   1043156     99.78     21352
01:55:02 AM    140192   6740308     97.96       328     25268     10644   1034856     98.98     60640
01:56:05 AM    381008   6499492     94.46       264     12992      5932   1039568     99.43     78432
01:56:27 AM    196352   6684148     97.15       912     16092     14280   1031220     98.63     91528
01:56:28 AM    191184   6689316     97.22       928     17812     16048   1029452     98.47     97312
01:56:29 AM    189784   6690716     97.24       944     18260     17608   1027892     98.32     99704
01:56:30 AM    793384   6087116     88.47      1572     20980     28264   1017236     97.30     99460
01:56:31 AM    792088   6088412     88.49      2688     22076     28976   1016524     97.23    101340
01:56:32 AM    781072   6099428     88.65      3412     30988     29544   1015956     97.17    102324
01:56:33 AM    771048   6109452     88.79      5032     35708     30052   1015448     97.13    103204
01:56:34 AM    733928   6146572     89.33      5224     43880     30428   1015072     97.09    103768
Average:       246342   6634158     96.42      1394     26509     17554   1027946     98.32     70860
