2.51
2.76
1.75
2.50
3.27
5.24
4.76
4.49
4.76
5.25
6.27
3.27
2.76
9.82
27.43
25.57
26.70
27.27
26.45
26.84
28.50
27.20
26.95
30.20
28.21
29.37
29.65
29.26
30.90
28.50
32.15
30.89
39.44
33.84
42.89
38.83
53.32
61.22
72.70
69.23
74.24
84.91
91.12
94.96
96.42
95.90
97.72
97.71
89.92
87.82
95.62
95.57
99.49
98.21
100.00
99.48
98.47
98.45
98.19
97.95
100.00
99.49
99.74
100.00
99.23
97.64
98.47
95.98
94.04
86.99
80.51
60.15
64.95
56.56
40.87
25.45
20.21
16.24
15.25
19.29
21.52
15.64
19.74
21.37
17.56
16.67
20.66
20.61
18.67
18.62
17.69
19.13
18.37
19.39
24.10
19.13
23.26
17.97
16.71
18.77
19.90
27.55
16.88
18.41
18.89
21.68
18.86
18.99
18.46
18.25
15.90
18.81
16.84
16.03
18.88
20.77
17.26
18.27
17.22
16.15
13.20
16.71
17.51
22.42
19.35
21.88
20.36
21.23
20.20
18.46
17.60
18.25
17.51
18.27
19.95
20.10
18.62
11.62
22.74
19.59
18.88
17.18
19.49
16.28
17.51
14.07
19.69
14.65
19.18
17.47
17.27
18.59
16.62
20.73
18.13
14.79
18.07
16.84
21.43
17.62
19.43
19.39
19.74
21.63
18.37
17.97
17.44
17.35
20.15
17.74
14.94
24.05
19.90
18.07
19.80
24.30
21.43
14.50
18.77
17.01
18.88
18.41
20.10
19.49
21.12
20.31
22.19
16.41
19.38
15.56
18.07
20.05
17.26
19.79
17.65
18.93
14.90
23.59
14.68
15.64
20.81
20.56
19.43
18.04
21.99
15.46
19.02
18.67
20.05
15.95
19.54
19.10
20.26
23.35
19.12
18.41
17.30
12.50
19.85
17.01
16.75
15.60
20.16
20.41
15.56
18.32
18.77
17.86
13.85
21.28
21.32
12.89
17.22
18.56
21.08
21.19
14.61
18.21
21.39
20.15
14.72
13.59
16.36
18.93
16.88
18.46
13.78
20.88
19.59
16.75
19.85
20.36
17.69
20.05
21.43
18.41
18.09
19.54
16.75
15.82
18.16
17.56
15.13
17.36
20.77
18.58
21.28
19.54
18.93
15.35
13.81
16.16
15.56
16.67
15.68
20.61
16.67
17.60
16.15
13.67
18.53
16.88
16.16
15.31
17.90
17.22
16.50
17.31
18.77
15.54
13.85
18.58
20.57
20.10
19.95
15.09
21.01
18.41
18.30
13.99
15.01
21.56
24.43
20.51
20.20
15.48
20.51
17.83
17.56
20.36
20.31
20.46
17.30
14.47
19.59
18.51
16.24
17.69
14.36
19.69
17.86
18.58
21.03
16.92
18.41
16.20
18.25
17.56
16.45
15.03
15.35
13.55
17.56
17.65
17.10
15.90
14.47
12.59
13.14
10.08
11.70
13.49
9.30
13.55
7.02
12.44
11.62
11.45
11.48
9.69
13.33
13.16
12.94
10.35
9.05
9.34
7.36
5.81
7.29
6.82
5.04
7.56
6.03
5.03
3.51
4.28
4.02
4.75
3.77
4.51
3.02
3.02
4.76
4.53
4.00
3.26
2.50
5.04
3.26
3.78
2.27
2.76
2.76
2.75
2.26
3.01
1.75
1.50
2.26
1.50
1.25
2.50
2.00
1.75
2.00
2.01
1.00
2.00
1.75
1.50
