5.74
5.76
5.79
5.86
5.98
6.22
6.49
6.74
7.00
7.27
7.55
7.58
7.62
7.65
7.74
7.82
7.90
8.02
8.13
8.32
8.65
8.81
8.91
9.07
9.24
9.37
9.50
9.70
9.93
10.06
10.26
10.37
10.49
10.62
10.69
10.87
11.32
12.00
12.62
12.98
13.32
13.84
14.50
14.69
14.89
15.05
15.33
15.50
15.78
15.96
16.14
16.26
16.44
16.54
16.70
16.82
16.95
17.04
17.16
17.26
17.35
17.44
17.53
17.62
17.73
17.86
18.19
18.78
19.41
19.95
20.12
20.74
20.83
20.93
21.04
21.07
21.11
21.12
21.15
21.18
21.20
21.22
21.23
21.24
21.24
21.25
21.24
21.24
21.25
21.24
21.24
21.23
21.23
21.23
21.22
21.21
21.20
21.20
21.18
21.17
21.16
21.17
21.16
21.14
21.13
21.12
21.11
21.09
21.08
21.07
21.06
21.05
21.03
21.02
21.01
21.01
21.01
20.99
21.00
21.00
21.00
20.98
20.99
21.03
21.09
21.10
21.11
21.12
21.15
21.14
21.12
21.14
21.13
21.14
21.17
21.17
21.17
21.16
21.15
21.14
21.12
21.11
21.10
21.09
21.09
21.10
21.13
21.15
21.14
21.12
21.13
21.12
21.13
21.11
21.12
21.15
21.18
21.24
21.38
21.38
21.38
21.38
21.39
21.41
21.40
21.39
21.38
21.37
21.35
21.36
21.36
21.39
21.45
21.59
21.87
22.41
22.41
22.41
22.40
22.39
22.40
22.40
22.40
22.40
22.40
22.40
22.39
22.38
22.36
22.36
22.34
22.33
22.32
22.31
22.29
22.28
22.27
22.26
22.24
22.23
22.22
22.20
22.19
22.18
22.17
22.15
22.13
22.12
22.10
22.09
22.07
22.06
22.04
22.02
22.01
22.00
21.98
21.97
21.96
21.94
21.92
21.90
21.89
21.88
21.86
21.84
21.84
21.84
21.85
21.88
21.88
21.88
21.87
21.86
21.86
21.87
21.86
21.85
21.83
21.82
21.80
21.78
21.77
21.75
21.73
21.74
21.72
21.71
21.69
21.67
21.66
21.64
21.63
21.62
21.60
21.58
21.57
21.56
21.54
21.52
21.52
21.53
21.51
21.51
21.52
21.55
21.61
21.73
21.93
22.00
21.99
21.98
21.97
21.96
21.94
21.93
21.93
21.91
21.90
21.88
21.87
21.85
21.83
21.82
21.80
21.79
21.77
21.76
21.74
21.73
21.71
21.70
21.68
21.67
21.67
21.70
21.76
21.87
21.90
21.88
21.87
21.85
21.84
21.83
21.84
21.86
21.87
21.88
21.92
21.92
21.90
21.89
21.88
21.87
21.85
21.83
21.82
21.81
21.79
21.78
21.77
21.75
21.73
21.72
21.70
21.68
21.66
21.65
21.64
21.62
21.60
21.58
21.57
21.55
21.53
21.52
21.50
21.48
21.47
21.45
21.43
21.41
21.39
21.38
21.36
21.34
21.32
21.30
21.29
21.29
21.26
21.27
21.24
21.22
21.20
21.19
21.17
21.15
21.13
21.11
21.09
21.08
21.06
21.04
21.02
21.00
20.99
20.97
20.95
20.93
20.91
20.90
20.88
20.86
20.84
20.82
20.81
20.79
20.77
20.75
20.74
20.72
20.70
20.68
20.66
20.65
20.63
20.61
20.59
20.57
20.56
20.54
20.52
20.50
20.48
20.47
20.45
20.43
20.41
20.40
