Linux 3.11.0-15-generic (client-HVM-domU) 	04/01/2015

06:05:33 PM kbmemfree kbmemused  %memused kbbuffers  kbcached kbswpfree kbswpused  %swpused  kbswpcad
06:05:34 PM   3499400   2348912     40.16     27268    381964   1045500         0      0.00         0
06:05:35 PM   3498804   2349508     40.17     27276    381980   1045500         0      0.00         0
06:05:36 PM   3497192   2351120     40.20     27284    381996   1045500         0      0.00         0
06:05:37 PM   3493868   2354444     40.26     27292    382012   1045500         0      0.00         0
06:05:38 PM   3486448   2361864     40.39     27300    382028   1045500         0      0.00         0
06:05:39 PM   3477904   2370408     40.53     27308    382040   1045500         0      0.00         0
06:05:40 PM   3473432   2374880     40.61     27316    382056   1045500         0      0.00         0
06:05:41 PM   3472836   2375476     40.62     27324    382084   1045500         0      0.00         0
06:05:42 PM   3469756   2378556     40.67     27332    382160   1045500         0      0.00         0
06:05:43 PM   3467088   2381224     40.72     27340    382184   1045500         0      0.00         0
06:05:44 PM   3466028   2382284     40.73     27348    382208   1045500         0      0.00         0
06:05:45 PM   3461672   2386640     40.81     27356    382228   1045500         0      0.00         0
06:05:46 PM   3448664   2399648     41.03     27364    382252   1045500         0      0.00         0
06:05:47 PM   3429004   2419308     41.37     27372    382276   1045500         0      0.00         0
06:05:48 PM   3400376   2447936     41.86     27380    382312   1045500         0      0.00         0
06:05:49 PM   3396268   2452044     41.93     27388    382372   1045500         0      0.00         0
06:05:50 PM   3392660   2455652     41.99     27396    382400   1045500         0      0.00         0
06:05:51 PM   3387396   2460916     42.08     27404    382428   1045500         0      0.00         0
06:05:52 PM   3384744   2463568     42.12     27412    382456   1045500         0      0.00         0
06:05:53 PM   3376840   2471472     42.26     27420    382488   1045500         0      0.00         0
06:05:54 PM   3364396   2483916     42.47     27428    382524   1045500         0      0.00         0
06:05:55 PM   3335152   2513160     42.97     27436    382564   1045500         0      0.00         0
06:05:56 PM   3309216   2539096     43.42     27444    382620   1045500         0      0.00         0
06:05:57 PM   3286120   2562192     43.81     27452    382660   1045500         0      0.00         0
06:05:58 PM   3256340   2591972     44.32     27460    382700   1045500         0      0.00         0
06:05:59 PM   3226496   2621816     44.83     27468    382748   1045500         0      0.00         0
06:06:00 PM   3190572   2657740     45.44     27476    382788   1045500         0      0.00         0
06:06:01 PM   3152896   2695416     46.09     27484    382832   1045500         0      0.00         0
06:06:02 PM   3110084   2738228     46.82     27492    382884   1045500         0      0.00         0
06:06:03 PM   3071508   2776804     47.48     27500    382940   1045500         0      0.00         0
06:06:04 PM   3030508   2817804     48.18     27508    382988   1045500         0      0.00         0
06:06:05 PM   2989060   2859252     48.89     27516    383044   1045500         0      0.00         0
06:06:06 PM   2957592   2890720     49.43     27524    383096   1045500         0      0.00         0
06:06:07 PM   2921616   2926696     50.04     27532    383148   1045500         0      0.00         0
06:06:08 PM   2883616   2964696     50.69     27540    383200   1045500         0      0.00         0
06:06:09 PM   2841336   3006976     51.42     27548    383260   1045500         0      0.00         0
06:06:10 PM   2809288   3039024     51.96     27556    383316   1045500         0      0.00         0
06:06:11 PM   2788460   3059852     52.32     27564    383376   1045500         0      0.00         0
06:06:12 PM   2733360   3114952     53.26     27572    383432   1045500         0      0.00         0
06:06:13 PM   2685256   3163056     54.08     27580    383500   1045500         0      0.00         0
06:06:14 PM   2637940   3210372     54.89     27588    383560   1045500         0      0.00         0
06:06:15 PM   2591444   3256868     55.69     27596    383624   1045500         0      0.00         0
06:06:16 PM   2544476   3303836     56.49     27604    383700   1045500         0      0.00         0
06:06:17 PM   2502088   3346224     57.22     27612    383760   1045500         0      0.00         0
06:06:18 PM   2454988   3393324     58.02     27620    383836   1045500         0      0.00         0
06:06:19 PM   2409612   3438700     58.80     27628    383904   1045500         0      0.00         0
06:06:20 PM   2367692   3480620     59.51     27636    383980   1045500         0      0.00         0
06:06:21 PM   2323728   3524584     60.27     27644    384048   1045500         0      0.00         0
06:06:22 PM   2275792   3572520     61.09     27652    384124   1045500         0      0.00         0
06:06:23 PM   2227988   3620324     61.90     27660    384200   1045500         0      0.00         0
06:06:24 PM   2181256   3667056     62.70     27668    384272   1045500         0      0.00         0
06:06:25 PM   2132800   3715512     63.53     27676    384356   1045500         0      0.00         0
06:06:26 PM   2085936   3762376     64.33     27684    384440   1045500         0      0.00         0
06:06:27 PM   2036128   3812184     65.18     27692    384528   1045500         0      0.00         0
06:06:28 PM   1996656   3851656     65.86     27700    384660   1045500         0      0.00         0
06:06:29 PM   1963904   3884408     66.42     27708    384744   1045500         0      0.00         0
06:06:30 PM   1930508   3917804     66.99     27716    384832   1045500         0      0.00         0
06:06:31 PM   1889196   3959116     67.70     27724    384956   1045500         0      0.00         0
06:06:32 PM   1843252   4005060     68.48     27732    385096   1045500         0      0.00         0
06:06:33 PM   1802436   4045876     69.18     27740    385188   1045500         0      0.00         0
06:06:34 PM   1759936   4088376     69.91     27748    385276   1045500         0      0.00         0
06:06:35 PM   1751672   4096640     70.05     27756    385468   1045500         0      0.00         0
06:06:36 PM   1745932   4102380     70.15     27764    385552   1045500         0      0.00         0
06:06:37 PM   1736352   4111960     70.31     27772    385824   1045500         0      0.00         0
06:06:38 PM   1728936   4119376     70.44     27780    385908   1045500         0      0.00         0
06:06:39 PM   1723116   4125196     70.54     27788    385984   1045500         0      0.00         0
06:06:40 PM   1710208   4138104     70.76     27796    386072   1045500         0      0.00         0
06:06:41 PM   1685908   4162404     71.17     27804    386200   1045500         0      0.00         0
06:06:42 PM   1646952   4201360     71.84     27812    386316   1045500         0      0.00         0
06:06:43 PM   1605928   4242384     72.54     27820    386400   1045500         0      0.00         0
06:06:44 PM   1565304   4283008     73.23     27828    386492   1045500         0      0.00         0
06:06:45 PM   1525564   4322748     73.91     27836    386584   1045500         0      0.00         0
06:06:46 PM   1483784   4364528     74.63     27844    386676   1045500         0      0.00         0
06:06:47 PM   1437080   4411232     75.43     27852    386768   1045500         0      0.00         0
06:06:48 PM   1395988   4452324     76.13     27860    386932   1045500         0      0.00         0
06:06:49 PM   1358732   4489580     76.77     27868    387032   1045500         0      0.00         0
06:06:50 PM   1344100   4504212     77.02     27876    387124   1045500         0      0.00         0
06:06:51 PM   1301180   4547132     77.75     27884    387228   1045500         0      0.00         0
06:06:52 PM   1257152   4591160     78.50     27892    387328   1045500         0      0.00         0
06:06:53 PM   1213832   4634480     79.24     27900    387428   1045500         0      0.00         0
06:06:54 PM   1172672   4675640     79.95     27908    387536   1045500         0      0.00         0
06:06:55 PM   1132476   4715836     80.64     27916    387656   1045500         0      0.00         0
06:06:56 PM   1127016   4721296     80.73     27924    387752   1045500         0      0.00         0
06:06:57 PM   1122124   4726188     80.81     27932    387860   1045500         0      0.00         0
06:06:58 PM   1116320   4731992     80.91     27940    387968   1045500         0      0.00         0
06:06:59 PM   1112588   4735724     80.98     27948    388072   1045500         0      0.00         0
06:07:00 PM   1108036   4740276     81.05     27956    388172   1045500         0      0.00         0
06:07:01 PM   1104764   4743548     81.11     27964    388272   1045500         0      0.00         0
06:07:02 PM   1101840   4746472     81.16     27972    388376   1045500         0      0.00         0
06:07:03 PM   1101612   4746700     81.16     27980    388500   1045500         0      0.00         0
06:07:04 PM   1101316   4746996     81.17     27988    388612   1045500         0      0.00         0
06:07:05 PM   1100028   4748284     81.19     27996    388708   1045500         0      0.00         0
06:07:06 PM   1098080   4750232     81.22     28004    388812   1045500         0      0.00         0
06:07:07 PM   1096728   4751584     81.25     28012    388936   1045500         0      0.00         0
06:07:08 PM   1095836   4752476     81.26     28020    389040   1045500         0      0.00         0
06:07:09 PM   1096128   4752184     81.26     28028    389176   1045500         0      0.00         0
06:07:10 PM   1095368   4752944     81.27     28036    389328   1045500         0      0.00         0
06:07:11 PM   1095588   4752724     81.27     28044    389432   1045500         0      0.00         0
06:07:12 PM   1094072   4754240     81.29     28052    389532   1045500         0      0.00         0
06:07:13 PM   1093484   4754828     81.30     28060    389640   1045500         0      0.00         0
06:07:14 PM   1092184   4756128     81.32     28068    389752   1045500         0      0.00         0
06:07:15 PM   1089856   4758456     81.36     28076    389856   1045500         0      0.00         0
06:07:16 PM   1086836   4761476     81.42     28084    389968   1045500         0      0.00         0
06:07:17 PM   1081836   4766476     81.50     28092    390076   1045500         0      0.00         0
06:07:18 PM   1071840   4776472     81.67     28100    390184   1045500         0      0.00         0
06:07:19 PM   1051048   4797264     82.03     28108    390288   1045500         0      0.00         0
06:07:20 PM   1014576   4833736     82.65     28116    390416   1045500         0      0.00         0
06:07:21 PM   1013840   4834472     82.66     28124    390520   1045500         0      0.00         0
06:07:22 PM   1014752   4833560     82.65     28132    390628   1045500         0      0.00         0
06:07:23 PM   1014268   4834044     82.66     28140    390744   1045500         0      0.00         0
06:07:24 PM   1014412   4833900     82.65     28148    390840   1045500         0      0.00         0
06:07:25 PM   1013848   4834464     82.66     28156    390952   1045500         0      0.00         0
06:07:26 PM   1012804   4835508     82.68     28164    391056   1045500         0      0.00         0
06:07:27 PM   1012276   4836036     82.69     28172    391176   1045500         0      0.00         0
06:07:28 PM   1012184   4836128     82.69     28180    391284   1045500         0      0.00         0
06:07:29 PM   1012488   4835824     82.69     28188    391424   1045500         0      0.00         0
06:07:30 PM   1011476   4836836     82.70     28196    391576   1045500         0      0.00         0
06:07:31 PM   1011824   4836488     82.70     28204    391684   1045500         0      0.00         0
06:07:32 PM   1012356   4835956     82.69     28212    392228   1045500         0      0.00         0
06:07:33 PM   1012004   4836308     82.70     28220    392208   1045500         0      0.00         0
06:07:34 PM   1011236   4837076     82.71     28228    392388   1045500         0      0.00         0
06:07:35 PM   1008164   4840148     82.76     28236    392492   1045500         0      0.00         0
06:07:36 PM   1003428   4844884     82.84     28244    392600   1045500         0      0.00         0
06:07:37 PM   1004228   4844084     82.83     28252    392708   1045500         0      0.00         0
06:07:38 PM   1002940   4845372     82.85     28260    392840   1045500         0      0.00         0
06:07:39 PM   1000308   4848004     82.90     28268    392944   1045500         0      0.00         0
06:07:40 PM    994724   4853588     82.99     28276    393056   1045500         0      0.00         0
06:07:41 PM    995004   4853308     82.99     28284    393180   1045500         0      0.00         0
06:07:42 PM    993536   4854776     83.01     28292    393316   1045500         0      0.00         0
06:07:43 PM    989972   4858340     83.07     28300    393428   1045500         0      0.00         0
06:07:44 PM    985000   4863312     83.16     28308    393640   1045500         0      0.00         0
06:07:45 PM    973836   4874476     83.35     28316    393744   1045500         0      0.00         0
06:07:46 PM    954700   4893612     83.68     28324    393852   1045500         0      0.00         0
06:07:47 PM    916600   4931712     84.33     28332    393960   1045500         0      0.00         0
06:07:48 PM    877716   4970596     84.99     28340    394076   1045500         0      0.00         0
06:07:49 PM    876512   4971800     85.01     28348    394408   1045500         0      0.00         0
06:07:50 PM    875960   4972352     85.02     28356    394608   1045500         0      0.00         0
06:07:51 PM    875536   4972776     85.03     28364    394720   1045500         0      0.00         0
06:07:52 PM    874104   4974208     85.05     28372    394844   1045500         0      0.00         0
06:07:53 PM    873820   4974492     85.06     28380    394952   1045500         0      0.00         0
06:07:54 PM    873100   4975212     85.07     28388    395060   1045500         0      0.00         0
06:07:55 PM    870088   4978224     85.12     28396    395184   1045500         0      0.00         0
06:07:56 PM    869564   4978748     85.13     28404    395308   1045500         0      0.00         0
06:07:57 PM    869228   4979084     85.14     28412    395424   1045500         0      0.00         0
06:07:58 PM    870164   4978148     85.12     28420    395544   1045500         0      0.00         0
06:07:59 PM    871536   4976776     85.10     28428    395652   1045500         0      0.00         0
06:08:00 PM    871460   4976852     85.10     28436    395764   1045500         0      0.00         0
06:08:01 PM    871816   4976496     85.09     28444    395872   1045500         0      0.00         0
06:08:02 PM    872136   4976176     85.09     28452    395980   1045500         0      0.00         0
06:08:03 PM    870748   4977564     85.11     28460    396240   1045500         0      0.00         0
06:08:04 PM    870584   4977728     85.11     28468    396348   1045500         0      0.00         0
06:08:05 PM    869720   4978592     85.13     28476    396476   1045500         0      0.00         0
06:08:06 PM    867740   4980572     85.16     28484    396588   1045500         0      0.00         0
06:08:07 PM    866332   4981980     85.19     28492    396696   1045500         0      0.00         0
06:08:08 PM    864904   4983408     85.21     28500    396820   1045500         0      0.00         0
06:08:09 PM    862548   4985764     85.25     28508    396924   1045500         0      0.00         0
06:08:10 PM    860596   4987716     85.28     28516    397040   1045500         0      0.00         0
06:08:11 PM    849124   4999188     85.48     28524    397152   1045500         0      0.00         0
06:08:12 PM    847744   5000568     85.50     28532    397488   1045500         0      0.00         0
06:08:13 PM    845852   5002460     85.54     28540    397540   1045500         0      0.00         0
06:08:14 PM    844228   5004084     85.56     28548    397932   1045500         0      0.00         0
06:08:15 PM    843132   5005180     85.58     28556    398060   1045500         0      0.00         0
06:08:16 PM    841380   5006932     85.61     28564    398164   1045500         0      0.00         0
06:08:17 PM    842664   5005648     85.59     28572    398276   1045500         0      0.00         0
06:08:18 PM    841532   5006780     85.61     28580    398384   1045500         0      0.00         0
06:08:19 PM    840108   5008204     85.64     28588    398504   1045500         0      0.00         0
06:08:20 PM    840636   5007676     85.63     28596    398616   1045500         0      0.00         0
06:08:21 PM    840500   5007812     85.63     28604    398744   1045500         0      0.00         0
06:08:22 PM    839436   5008876     85.65     28612    399080   1045500         0      0.00         0
06:08:23 PM    836872   5011440     85.69     28620    399152   1045500         0      0.00         0
06:08:24 PM    831720   5016592     85.78     28628    399268   1045500         0      0.00         0
06:08:25 PM    831016   5017296     85.79     28636    399376   1045500         0      0.00         0
06:08:26 PM    829752   5018560     85.81     28644    399480   1045500         0      0.00         0
06:08:27 PM    827304   5021008     85.85     28652    399596   1045500         0      0.00         0
06:08:28 PM    822432   5025880     85.94     28660    399716   1045500         0      0.00         0
06:08:29 PM    822588   5025724     85.93     28668    399832   1045500         0      0.00         0
06:08:30 PM    822684   5025628     85.93     28676    399956   1045500         0      0.00         0
06:08:31 PM    823984   5024328     85.91     28684    400064   1045500         0      0.00         0
06:08:32 PM    822512   5025800     85.94     28692    400184   1045500         0      0.00         0
06:08:33 PM    819572   5028740     85.99     28700    400428   1045500         0      0.00         0
06:08:34 PM    819568   5028744     85.99     28708    400764   1045500         0      0.00         0
06:08:35 PM    820316   5027996     85.97     28716    400940   1045500         0      0.00         0
06:08:36 PM    821144   5027168     85.96     28724    401048   1045500         0      0.00         0
06:08:37 PM    821672   5026640     85.95     28732    401156   1045500         0      0.00         0
06:08:38 PM    822400   5025912     85.94     28740    401316   1045500         0      0.00         0
06:08:39 PM    823120   5025192     85.93     28748    401480   1045500         0      0.00         0
06:08:40 PM    822408   5025904     85.94     28756    401600   1045500         0      0.00         0
06:08:41 PM    819400   5028912     85.99     28764    401712   1045500         0      0.00         0
06:08:42 PM    814544   5033768     86.07     28772    401828   1045500         0      0.00         0
06:08:43 PM    805536   5042776     86.23     28780    402024   1045500         0      0.00         0
06:08:44 PM    784792   5063520     86.58     28788    402144   1045500         0      0.00         0
06:08:45 PM    785664   5062648     86.57     28796    402332   1045500         0      0.00         0
06:08:46 PM    785976   5062336     86.56     28804    402456   1045500         0      0.00         0
06:08:47 PM    787096   5061216     86.54     28812    402608   1045500         0      0.00         0
06:08:48 PM    787668   5060644     86.53     28820    402716   1045500         0      0.00         0
06:08:49 PM    787584   5060728     86.53     28828    402900   1045500         0      0.00         0
06:08:50 PM    788276   5060036     86.52     28836    403012   1045500         0      0.00         0
06:08:51 PM    788184   5060128     86.52     28844    403128   1045500         0      0.00         0
06:08:52 PM    787788   5060524     86.53     28852    403240   1045500         0      0.00         0
06:08:53 PM    789028   5059284     86.51     28860    403352   1045500         0      0.00         0
06:08:54 PM    788476   5059836     86.52     28868    403472   1045500         0      0.00         0
06:08:55 PM    787416   5060896     86.54     28876    403596   1045500         0      0.00         0
06:08:56 PM    785504   5062808     86.57     28884    403756   1045500         0      0.00         0
06:08:57 PM    785228   5063084     86.57     28892    403868   1045500         0      0.00         0
06:08:58 PM    784480   5063832     86.59     28900    404040   1045500         0      0.00         0
06:08:59 PM    781588   5066724     86.64     28908    404156   1045500         0      0.00         0
06:09:00 PM    777204   5071108     86.71     28916    404272   1045500         0      0.00         0
06:09:01 PM    777240   5071072     86.71     28924    404376   1045500         0      0.00         0
06:09:02 PM    776692   5071620     86.72     28932    404536   1045500         0      0.00         0
06:09:03 PM    776860   5071452     86.72     28940    404648   1045500         0      0.00         0
06:09:04 PM    775144   5073168     86.75     28948    404768   1045500         0      0.00         0
06:09:05 PM    776052   5072260     86.73     28956    404880   1045500         0      0.00         0
06:09:06 PM    777036   5071276     86.71     28964    405048   1045500         0      0.00         0
06:09:07 PM    777536   5070776     86.70     28972    405160   1045500         0      0.00         0
06:09:08 PM    778832   5069480     86.68     28980    405300   1045500         0      0.00         0
06:09:09 PM    778564   5069748     86.69     28988    405404   1045500         0      0.00         0
06:09:10 PM    779272   5069040     86.68     28996    405556   1045500         0      0.00         0
06:09:11 PM    780824   5067488     86.65     29004    405676   1045500         0      0.00         0
06:09:12 PM    781228   5067084     86.64     29012    405800   1045500         0      0.00         0
06:09:13 PM    781720   5066592     86.63     29020    405912   1045500         0      0.00         0
06:09:14 PM    782928   5065384     86.61     29028    406072   1045500         0      0.00         0
06:09:15 PM    784136   5064176     86.59     29036    406192   1045500         0      0.00         0
06:09:16 PM    785452   5062860     86.57     29044    406300   1045500         0      0.00         0
06:09:17 PM    785744   5062568     86.56     29052    406416   1045500         0      0.00         0
06:09:18 PM    786944   5061368     86.54     29060    406532   1045500         0      0.00         0
06:09:19 PM    787892   5060420     86.53     29068    406684   1045500         0      0.00         0
06:09:20 PM    787064   5061248     86.54     29076    406800   1045500         0      0.00         0
06:09:21 PM    785556   5062756     86.57     29084    406912   1045500         0      0.00         0
06:09:22 PM    785388   5062924     86.57     29092    407044   1045500         0      0.00         0
06:09:23 PM    786276   5062036     86.56     29100    407164   1045500         0      0.00         0
06:09:24 PM    787280   5061032     86.54     29108    407272   1045500         0      0.00         0
06:09:25 PM    787584   5060728     86.53     29116    407572   1045500         0      0.00         0
06:09:26 PM    788600   5059712     86.52     29124    407700   1045500         0      0.00         0
06:09:27 PM    789780   5058532     86.50     29132    407832   1045500         0      0.00         0
06:09:28 PM    791048   5057264     86.47     29140    407960   1045500         0      0.00         0
06:09:29 PM    791676   5056636     86.46     29148    408068   1045500         0      0.00         0
06:09:30 PM    792844   5055468     86.44     29156    408180   1045500         0      0.00         0
06:09:31 PM    793684   5054628     86.43     29164    408296   1045500         0      0.00         0
06:09:32 PM    794680   5053632     86.41     29172    408500   1045500         0      0.00         0
06:09:33 PM    795800   5052512     86.39     29180    408604   1045500         0      0.00         0
06:09:34 PM    796720   5051592     86.38     29188    408716   1045500         0      0.00         0
06:09:35 PM    796628   5051684     86.38     29196    408828   1045500         0      0.00         0
06:09:36 PM    797380   5050932     86.37     29204    408924   1045500         0      0.00         0
06:09:37 PM    797628   5050684     86.36     29212    409140   1045500         0      0.00         0
06:09:38 PM    796416   5051896     86.38     29220    409376   1045500         0      0.00         0
06:09:39 PM    794752   5053560     86.41     29228    409484   1045500         0      0.00         0
06:09:40 PM    795592   5052720     86.40     29236    409592   1045500         0      0.00         0
06:09:41 PM    796988   5051324     86.37     29244    409704   1045500         0      0.00         0
06:09:42 PM    797492   5050820     86.36     29252    409812   1045500         0      0.00         0
06:09:43 PM    798780   5049532     86.34     29260    409924   1045500         0      0.00         0
06:09:44 PM    799092   5049220     86.34     29268    410032   1045500         0      0.00         0
06:09:45 PM    800044   5048268     86.32     29276    410148   1045500         0      0.00         0
06:09:46 PM    800532   5047780     86.31     29284    410332   1045500         0      0.00         0
06:09:47 PM    801340   5046972     86.30     29292    410496   1045500         0      0.00         0
06:09:48 PM    802344   5045968     86.28     29300    410616   1045500         0      0.00         0
06:09:49 PM    803304   5045008     86.26     29308    410880   1045500         0      0.00         0
06:09:50 PM    802056   5046256     86.29     29316    410984   1045500         0      0.00         0
06:09:51 PM    800368   5047944     86.31     29324    411096   1045500         0      0.00         0
06:09:52 PM    795528   5052784     86.40     29332    411304   1045500         0      0.00         0
06:09:53 PM    786292   5062020     86.56     29340    411420   1045500         0      0.00         0
06:09:54 PM    768984   5079328     86.85     29348    411568   1045500         0      0.00         0
06:09:55 PM    768172   5080140     86.87     29356    411716   1045500         0      0.00         0
06:09:56 PM    768892   5079420     86.85     29364    411872   1045500         0      0.00         0
06:09:57 PM    767448   5080864     86.88     29372    411992   1045500         0      0.00         0
06:09:58 PM    765256   5083056     86.91     29380    412104   1045500         0      0.00         0
06:09:59 PM    759464   5088848     87.01     29388    412224   1045500         0      0.00         0
06:10:00 PM    759308   5089004     87.02     29396    412356   1045500         0      0.00         0
06:10:01 PM    759608   5088704     87.01     29404    412464   1045500         0      0.00         0
06:10:02 PM    760104   5088208     87.00     29412    412632   1045500         0      0.00         0
06:10:03 PM    760376   5087936     87.00     29420    412756   1045500         0      0.00         0
06:10:04 PM    761216   5087096     86.98     29428    412892   1045500         0      0.00         0
06:10:05 PM    762300   5086012     86.97     29436    413004   1045500         0      0.00         0
06:10:06 PM    762956   5085356     86.95     29444    413120   1045500         0      0.00         0
06:10:07 PM    763876   5084436     86.94     29452    413228   1045500         0      0.00         0
06:10:08 PM    764996   5083316     86.92     29460    413340   1045500         0      0.00         0
06:10:09 PM    765824   5082488     86.91     29468    413456   1045500         0      0.00         0
06:10:10 PM    766424   5081888     86.89     29476    413740   1045500         0      0.00         0
06:10:11 PM    767464   5080848     86.88     29484    413852   1045500         0      0.00         0
06:10:12 PM    768496   5079816     86.86     29492    413952   1045500         0      0.00         0
06:10:13 PM    769576   5078736     86.84     29500    414076   1045500         0      0.00         0
06:10:14 PM    770496   5077816     86.83     29508    414184   1045500         0      0.00         0
06:10:15 PM    771160   5077152     86.81     29516    414320   1045500         0      0.00         0
06:10:16 PM    772392   5075920     86.79     29524    414436   1045500         0      0.00         0
06:10:17 PM    773188   5075124     86.78     29532    414556   1045500         0      0.00         0
06:10:18 PM    774436   5073876     86.76     29540    414668   1045500         0      0.00         0
06:10:19 PM    776048   5072264     86.73     29548    414788   1045500         0      0.00         0
06:10:20 PM    774384   5073928     86.76     29556    414904   1045500         0      0.00         0
06:10:21 PM    772232   5076080     86.80     29564    415024   1045500         0      0.00         0
06:10:22 PM    767916   5080396     86.87     29572    415132   1045500         0      0.00         0
06:10:23 PM    768040   5080272     86.87     29580    415248   1045500         0      0.00         0
06:10:24 PM    767496   5080816     86.88     29588    415360   1045500         0      0.00         0
06:10:25 PM    767380   5080932     86.88     29596    415464   1045500         0      0.00         0
06:10:26 PM    768336   5079976     86.86     29604    415596   1045500         0      0.00         0
06:10:27 PM    769252   5079060     86.85     29612    415728   1045500         0      0.00         0
06:10:28 PM    769432   5078880     86.84     29620    415832   1045500         0      0.00         0
06:10:29 PM    770556   5077756     86.82     29628    415948   1045500         0      0.00         0
06:10:30 PM    771756   5076556     86.80     29636    416064   1045500         0      0.00         0
06:10:31 PM    772604   5075708     86.79     29644    416176   1045500         0      0.00         0
06:10:32 PM    773060   5075252     86.78     29652    416284   1045500         0      0.00         0
06:10:33 PM    773972   5074340     86.77     29660    416396   1045500         0      0.00         0
06:10:34 PM    775292   5073020     86.74     29668    416508   1045500         0      0.00         0
06:10:35 PM    776440   5071872     86.72     29676    416636   1045500         0      0.00         0
06:10:36 PM    777372   5070940     86.71     29684    416740   1045500         0      0.00         0
06:10:37 PM    778564   5069748     86.69     29692    416844   1045500         0      0.00         0
06:10:38 PM    779220   5069092     86.68     29700    416964   1045500         0      0.00         0
06:10:39 PM    780088   5068224     86.66     29708    417120   1045500         0      0.00         0
06:10:40 PM    780904   5067408     86.65     29716    417304   1045500         0      0.00         0
06:10:41 PM    782192   5066120     86.63     29724    417420   1045500         0      0.00         0
06:10:42 PM    782980   5065332     86.61     29732    417576   1045500         0      0.00         0
06:10:43 PM    784632   5063680     86.58     29740    417688   1045500         0      0.00         0
06:10:44 PM    785060   5063252     86.58     29748    417804   1045500         0      0.00         0
06:10:45 PM    785820   5062492     86.56     29756    417960   1045500         0      0.00         0
06:10:46 PM    787108   5061204     86.54     29764    418068   1045500         0      0.00         0
06:10:47 PM    788008   5060304     86.53     29772    418212   1045500         0      0.00         0
06:10:48 PM    789088   5059224     86.51     29780    418324   1045500         0      0.00         0
06:10:49 PM    789588   5058724     86.50     29788    418624   1045500         0      0.00         0
06:10:50 PM    791084   5057228     86.47     29796    418736   1045500         0      0.00         0
06:10:51 PM    792460   5055852     86.45     29804    418916   1045500         0      0.00         0
06:10:52 PM    793360   5054952     86.43     29812    419060   1045500         0      0.00         0
06:10:53 PM    794024   5054288     86.42     29820    419176   1045500         0      0.00         0
06:10:54 PM    795092   5053220     86.40     29828    419284   1045500         0      0.00         0
06:10:55 PM    796704   5051608     86.38     29836    419384   1045500         0      0.00         0
06:10:56 PM    797608   5050704     86.36     29844    419488   1045500         0      0.00         0
06:10:57 PM    798312   5050000     86.35     29852    419592   1045500         0      0.00         0
06:10:59 PM    799508   5048804     86.33     29860    419728   1045500         0      0.00         0
06:11:00 PM    800432   5047880     86.31     29868    419824   1045500         0      0.00         0
06:11:01 PM    801524   5046788     86.29     29876    419916   1045500         0      0.00         0
06:11:02 PM    802580   5045732     86.28     29884    420060   1045500         0      0.00         0
06:11:03 PM    804032   5044280     86.25     29892    420188   1045500         0      0.00         0
06:11:04 PM    804908   5043404     86.24     29900    420272   1045500         0      0.00         0
06:11:05 PM    806032   5042280     86.22     29908    420360   1045500         0      0.00         0
06:11:06 PM    807420   5040892     86.19     29916    420440   1045500         0      0.00         0
06:11:07 PM    808588   5039724     86.17     29924    420520   1045500         0      0.00         0
06:11:08 PM    809924   5038388     86.15     29932    420588   1045500         0      0.00         0
06:11:09 PM    810992   5037320     86.13     29940    420704   1045500         0      0.00         0
06:11:10 PM    812296   5036016     86.11     29948    420768   1045500         0      0.00         0
06:11:11 PM    813420   5034892     86.09     29956    421012   1045500         0      0.00         0
06:11:12 PM    814952   5033360     86.07     29964    421036   1045500         0      0.00         0
06:11:13 PM    816340   5031972     86.04     29972    421096   1045500         0      0.00         0
06:11:14 PM    817640   5030672     86.02     29980    421152   1045500         0      0.00         0
06:11:15 PM    818912   5029400     86.00     29988    421220   1045500         0      0.00         0
06:11:16 PM    820040   5028272     85.98     29996    421276   1045500         0      0.00         0
06:11:17 PM    821580   5026732     85.95     30004    421328   1045500         0      0.00         0
06:11:18 PM    822812   5025500     85.93     30012    421380   1045500         0      0.00         0
06:11:19 PM    824136   5024176     85.91     30020    421432   1045500         0      0.00         0
06:11:20 PM    825476   5022836     85.89     30028    421488   1045500         0      0.00         0
06:11:21 PM    826864   5021448     85.86     30036    421528   1045500         0      0.00         0
06:11:22 PM    828580   5019732     85.83     30044    421576   1045500         0      0.00         0
06:11:23 PM    829940   5018372     85.81     30052    421624   1045500         0      0.00         0
06:11:24 PM    830460   5017852     85.80     30060    421664   1045500         0      0.00         0
06:11:25 PM    831660   5016652     85.78     30068    421708   1045500         0      0.00         0
06:11:26 PM    832784   5015528     85.76     30076    421748   1045500         0      0.00         0
06:11:27 PM    834568   5013744     85.73     30084    421784   1045500         0      0.00         0
06:11:28 PM    835372   5012940     85.72     30092    421824   1045500         0      0.00         0
06:11:29 PM    836692   5011620     85.69     30100    421856   1045500         0      0.00         0
06:11:30 PM    838192   5010120     85.67     30108    421888   1045500         0      0.00         0
06:11:31 PM    839492   5008820     85.65     30116    421920   1045500         0      0.00         0
06:11:32 PM    840632   5007680     85.63     30124    421952   1045500         0      0.00         0
06:11:33 PM    842160   5006152     85.60     30132    421984   1045500         0      0.00         0
06:11:34 PM    843416   5004896     85.58     30140    422016   1045500         0      0.00         0
06:11:35 PM    844460   5003852     85.56     30148    422048   1045500         0      0.00         0
06:11:36 PM    845840   5002472     85.54     30156    422076   1045500         0      0.00         0
06:11:37 PM    847020   5001292     85.52     30164    422108   1045500         0      0.00         0
06:11:38 PM    848356   4999956     85.49     30172    422136   1045500         0      0.00         0
06:11:39 PM    849436   4998876     85.48     30180    422160   1045500         0      0.00         0
06:11:40 PM    850768   4997544     85.45     30188    422184   1045500         0      0.00         0
06:11:41 PM    852060   4996252     85.43     30196    422212   1045500         0      0.00         0
06:11:42 PM    853556   4994756     85.41     30204    422240   1045500         0      0.00         0
06:11:43 PM    855540   4992772     85.37     30212    422264   1045500         0      0.00         0
06:11:44 PM    856432   4991880     85.36     30220    422288   1045500         0      0.00         0
06:11:45 PM    857428   4990884     85.34     30228    422308   1045500         0      0.00         0
06:11:46 PM    858616   4989696     85.32     30236    422332   1045500         0      0.00         0
06:11:47 PM    859860   4988452     85.30     30244    422356   1045500         0      0.00         0
06:11:48 PM    861144   4987168     85.28     30252    422384   1045500         0      0.00         0
06:11:49 PM    862440   4985872     85.25     30260    422408   1045500         0      0.00         0
06:11:50 PM    863528   4984784     85.23     30268    422468   1045500         0      0.00         0
06:11:51 PM    864528   4983784     85.22     30276    422492   1045500         0      0.00         0
06:11:52 PM    865776   4982536     85.20     30284    422512   1045500         0      0.00         0
06:11:53 PM    867028   4981284     85.17     30292    422536   1045500         0      0.00         0
06:11:54 PM    868800   4979512     85.14     30300    422552   1045500         0      0.00         0
06:11:55 PM    869588   4978724     85.13     30308    422568   1045500         0      0.00         0
06:11:56 PM    870808   4977504     85.11     30316    422588   1045500         0      0.00         0
06:11:57 PM    872068   4976244     85.09     30324    422604   1045500         0      0.00         0
06:11:58 PM    873156   4975156     85.07     30332    422672   1045500         0      0.00         0
06:11:59 PM    874544   4973768     85.05     30340    422692   1045500         0      0.00         0
06:12:00 PM    873192   4975120     85.07     30348    422708   1045500         0      0.00         0
06:12:01 PM    875756   4972556     85.03     30356    422716   1045500         0      0.00         0
06:12:02 PM    877432   4970880     85.00     30364    422736   1045500         0      0.00         0
06:12:03 PM    878628   4969684     84.98     30372    422744   1045500         0      0.00         0
06:12:04 PM    879668   4968644     84.96     30380    422972   1045500         0      0.00         0
06:12:05 PM    880616   4967696     84.94     30388    422984   1045500         0      0.00         0
06:12:06 PM    881812   4966500     84.92     30396    422996   1045500         0      0.00         0
06:12:07 PM    883100   4965212     84.90     30404    423008   1045500         0      0.00         0
06:12:08 PM    884420   4963892     84.88     30412    423052   1045500         0      0.00         0
06:12:09 PM    885576   4962736     84.86     30420    423064   1045500         0      0.00         0
06:12:10 PM    886872   4961440     84.84     30428    423072   1045500         0      0.00         0
06:12:11 PM    887868   4960444     84.82     30436    423080   1045500         0      0.00         0
06:12:12 PM    889244   4959068     84.79     30444    423088   1045500         0      0.00         0
06:12:13 PM    890408   4957904     84.77     30452    423096   1045500         0      0.00         0
06:12:14 PM    891696   4956616     84.75     30460    423104   1045500         0      0.00         0
Average:      1195690   4652622     79.55     28864    403073   1045500         0      0.00         0
