Linux 3.11.0-15-generic (client-HVM-domU) 	04/22/2015

05:23:42 PM kbmemfree kbmemused  %memused kbbuffers  kbcached kbswpfree kbswpused  %swpused  kbswpcad
05:23:49 PM    105592   4710528     97.81      2000     33884    146652    898848     85.97    344896
05:23:58 PM    109576   4706544     97.72      2008     33784    143100    902400     86.31    344328
05:24:07 PM    113468   4702652     97.64      2016     34036    139788    905712     86.63    343692
05:25:10 PM    217756   4598364     95.48      1144     27364    115064    930436     88.99    279148
05:25:17 PM    212128   4603992     95.60       804     26860    114568    930932     89.04    285288
05:25:25 PM    215508   4600612     95.53       772     26312    112944    932556     89.20    285644
05:25:33 PM    222288   4593832     95.38       752     25712    109568    935932     89.52    282300
05:25:40 PM    232688   4583432     95.17       604     25260    106808    938692     89.78    274688
05:25:48 PM    248512   4567608     94.84       520     24612    102824    942676     90.17    261792
05:25:57 PM    262332   4553788     94.55       412     24044    102144    943356     90.23    253816
05:26:49 PM     87048   4729072     98.19       260     18292    113416    932084     89.15    196984
05:31:48 PM     90676   4725444     98.12        96      9520      1152   1044348     99.89    149124
05:33:17 PM     87688   4728432     98.18       108      9488       380   1045120     99.96    119632
05:33:38 PM     87348   4728772     98.19        84      7692         4   1045496    100.00     54752
05:33:53 PM    174084   4642036     96.39       504     16880      6784   1038716     99.35     52472
05:34:01 PM     86880   4729240     98.20       668     20644      2432   1043068     99.77     48040
05:34:24 PM     86944   4729176     98.19       172     15912     18040   1027460     98.27     62348
05:34:34 PM     88124   4727996     98.17       192     17624     10364   1035136     99.01     61668
05:34:42 PM     87412   4728708     98.19       208     18828      8024   1037476     99.23     61076
05:35:05 PM    410904   4405216     91.47       120      9940      4992   1040508     99.52     63964
05:36:04 PM    786468   4029652     83.67       232     14304     16016   1029484     98.47     78744
05:36:07 PM    798400   4017720     83.42       256     15624     21216   1024284     97.97     87672
05:36:08 PM    789892   4026228     83.60       284     18180     22988   1022512     97.80     94084
05:36:09 PM    781200   4034920     83.78       304     19944     24704   1020796     97.64     99952
05:36:10 PM    773952   4042168     83.93       324     20996     26476   1019024     97.47    105808
05:36:11 PM    766436   4049684     84.09       348     22080     28436   1017064     97.28    111392
05:36:12 PM    759464   4056656     84.23       384     23172     30416   1015084     97.09    116388
05:36:13 PM    751208   4064912     84.40       400     23724     32668   1012832     96.88    122268
05:36:14 PM    745256   4070864     84.53       548     24828     34212   1011288     96.73    126192
05:36:15 PM    740196   4075924     84.63       560     25120     36916   1008584     96.47    130828
05:36:16 PM    733936   4082184     84.76       744     26420     38576   1006924     96.31    135056
05:36:17 PM    726208   4089912     84.92       780     27156     40568   1004932     96.12    138832
05:36:18 PM    720060   4096060     85.05       804     28032     43364   1002136     95.85    142996
05:36:19 PM    709224   4106896     85.27      1096     29812     45532    999968     95.64    147916
05:36:20 PM    703712   4112408     85.39      1128     30188     47564    997936     95.45    151716
05:36:21 PM    695904   4120216     85.55      1144     30340     50652    994848     95.16    156856
05:36:22 PM    670856   4145264     86.07      1164     32064     55484    990016     94.69    162828
05:36:26 PM    637888   4178232     86.76      1316     32352     70488    975012     93.26    184836
05:36:32 PM    574200   4241920     88.08      1540     40840     88280    957220     91.56    209184
Average:       438241   4377879     90.90       687     23381     54195    991305     94.82    162287
