Linux 3.11.0-15-generic (client-HVM-domU) 	03/31/2015

07:46:37 PM kbmemfree kbmemused  %memused kbbuffers  kbcached kbswpfree kbswpused  %swpused  kbswpcad
07:46:38 PM   3119448   4793240     60.58     30836    441924   1045500         0      0.00         0
07:46:39 PM   3118460   4794228     60.59     30844    442000   1045500         0      0.00         0
07:46:40 PM   3117852   4794836     60.60     30852    442028   1045500         0      0.00         0
07:46:41 PM   3116920   4795768     60.61     30860    442056   1045500         0      0.00         0
07:46:42 PM   3112936   4799752     60.66     30868    442088   1045500         0      0.00         0
07:46:43 PM   3104864   4807824     60.76     30876    442116   1045500         0      0.00         0
07:46:44 PM   3091656   4821032     60.93     30884    442168   1045500         0      0.00         0
07:46:45 PM   3090756   4821932     60.94     30892    442208   1045500         0      0.00         0
07:46:46 PM   3091040   4821648     60.94     30900    442380   1045500         0      0.00         0
07:46:47 PM   3088940   4823748     60.96     30908    442440   1045500         0      0.00         0
07:46:48 PM   3088576   4824112     60.97     30916    442488   1045500         0      0.00         0
07:46:49 PM   3084980   4827708     61.01     30924    442528   1045500         0      0.00         0
07:46:50 PM   3074532   4838156     61.14     30932    442580   1045500         0      0.00         0
07:46:51 PM   3057464   4855224     61.36     30940    442640   1045500         0      0.00         0
07:46:52 PM   3029472   4883216     61.71     30948    442704   1045500         0      0.00         0
07:46:53 PM   3027388   4885300     61.74     30956    442768   1045500         0      0.00         0
07:46:54 PM   3025232   4887456     61.77     30964    442828   1045500         0      0.00         0
07:46:55 PM   3024252   4888436     61.78     30972    442972   1045500         0      0.00         0
07:46:56 PM   3021032   4891656     61.82     30980    443048   1045500         0      0.00         0
07:46:57 PM   3018100   4894588     61.86     30988    443116   1045500         0      0.00         0
07:46:58 PM   3012800   4899888     61.92     30996    443192   1045500         0      0.00         0
07:46:59 PM   3010288   4902400     61.96     31004    443276   1045500         0      0.00         0
07:47:00 PM   3007620   4905068     61.99     31012    443364   1045500         0      0.00         0
07:47:01 PM   3004596   4908092     62.03     31020    443448   1045500         0      0.00         0
07:47:02 PM   3003216   4909472     62.05     31028    443540   1045500         0      0.00         0
07:47:03 PM   3002680   4910008     62.05     31036    443624   1045500         0      0.00         0
07:47:04 PM   3002248   4910440     62.06     31044    443716   1045500         0      0.00         0
07:47:05 PM   3001344   4911344     62.07     31052    443812   1045500         0      0.00         0
07:47:06 PM   2999816   4912872     62.09     31060    443908   1045500         0      0.00         0
07:47:07 PM   2997884   4914804     62.11     31068    444012   1045500         0      0.00         0
07:47:08 PM   2997232   4915456     62.12     31076    444108   1045500         0      0.00         0
07:47:09 PM   2996864   4915824     62.13     31084    444216   1045500         0      0.00         0
07:47:10 PM   2997248   4915440     62.12     31092    444320   1045500         0      0.00         0
07:47:11 PM   2997164   4915524     62.12     31104    444416   1045500         0      0.00         0
07:47:12 PM   2997532   4915156     62.12     31112    444536   1045500         0      0.00         0
07:47:13 PM   2996280   4916408     62.13     31120    444644   1045500         0      0.00         0
07:47:14 PM   2992244   4920444     62.18     31128    444748   1045500         0      0.00         0
07:47:15 PM   2987924   4924764     62.24     31136    444856   1045500         0      0.00         0
07:47:16 PM   2979052   4933636     62.35     31144    444960   1045500         0      0.00         0
07:47:17 PM   2963060   4949628     62.55     31152    445072   1045500         0      0.00         0
07:47:18 PM   2932088   4980600     62.94     31160    445352   1045500         0      0.00         0
07:47:19 PM   2899544   5013144     63.36     31168    445460   1045500         0      0.00         0
07:47:20 PM   2871804   5040884     63.71     31176    445576   1045500         0      0.00         0
07:47:21 PM   2862020   5050668     63.83     31184    445680   1045500         0      0.00         0
07:47:22 PM   2824484   5088204     64.30     31192    445804   1045500         0      0.00         0
07:47:23 PM   2786496   5126192     64.78     31200    445916   1045500         0      0.00         0
07:47:24 PM   2749104   5163584     65.26     31208    446044   1045500         0      0.00         0
07:47:25 PM   2706496   5206192     65.80     31216    446164   1045500         0      0.00         0
07:47:26 PM   2662920   5249768     66.35     31224    446288   1045500         0      0.00         0
07:47:27 PM   2620200   5292488     66.89     31232    446420   1045500         0      0.00         0
07:47:28 PM   2579908   5332780     67.40     31240    446536   1045500         0      0.00         0
07:47:29 PM   2538568   5374120     67.92     31248    446664   1045500         0      0.00         0
07:47:30 PM   2497820   5414868     68.43     31256    446788   1045500         0      0.00         0
07:47:31 PM   2461052   5451636     68.90     31264    446912   1045500         0      0.00         0
07:47:32 PM   2446252   5466436     69.08     31272    447036   1045500         0      0.00         0
07:47:33 PM   2409764   5502924     69.55     31280    447172   1045500         0      0.00         0
07:47:34 PM   2367064   5545624     70.09     31288    447300   1045500         0      0.00         0
07:47:35 PM   2325248   5587440     70.61     31296    447428   1045500         0      0.00         0
07:47:36 PM   2282064   5630624     71.16     31304    447564   1045500         0      0.00         0
07:47:37 PM   2240704   5671984     71.68     31312    447736   1045500         0      0.00         0
07:47:38 PM   2199448   5713240     72.20     31320    447872   1045500         0      0.00         0
07:47:39 PM   2158384   5754304     72.72     31328    448008   1045500         0      0.00         0
07:47:40 PM   2117476   5795212     73.24     31336    448144   1045500         0      0.00         0
07:47:41 PM   2109964   5802724     73.33     31344    448284   1045500         0      0.00         0
07:47:42 PM   2108612   5804076     73.35     31352    448420   1045500         0      0.00         0
07:47:43 PM   2105184   5807504     73.39     31360    448564   1045500         0      0.00         0
07:47:44 PM   2101068   5811620     73.45     31368    448696   1045500         0      0.00         0
07:47:45 PM   2094740   5817948     73.53     31376    448840   1045500         0      0.00         0
07:47:46 PM   2087200   5825488     73.62     31384    448976   1045500         0      0.00         0
07:47:47 PM   2084548   5828140     73.66     31392    449104   1045500         0      0.00         0
07:47:48 PM   2082680   5830008     73.68     31400    449240   1045500         0      0.00         0
07:47:49 PM   2081864   5830824     73.69     31408    449508   1045500         0      0.00         0
07:47:50 PM   2081148   5831540     73.70     31416    449644   1045500         0      0.00         0
07:47:51 PM   2080132   5832556     73.71     31424    449772   1045500         0      0.00         0
07:47:52 PM   2079840   5832848     73.72     31432    449908   1045500         0      0.00         0
07:47:53 PM   2079272   5833416     73.72     31440    450080   1045500         0      0.00         0
07:47:54 PM   2078632   5834056     73.73     31448    450220   1045500         0      0.00         0
07:47:55 PM   2077896   5834792     73.74     31456    450356   1045500         0      0.00         0
07:47:56 PM   2077808   5834880     73.74     31464    450508   1045500         0      0.00         0
07:47:57 PM   2076668   5836020     73.76     31472    450636   1045500         0      0.00         0
07:47:58 PM   2073800   5838888     73.79     31480    450768   1045500         0      0.00         0
07:47:59 PM   2073084   5839604     73.80     31488    450908   1045500         0      0.00         0
07:48:00 PM   2073592   5839096     73.79     31496    451076   1045500         0      0.00         0
07:48:01 PM   2073716   5838972     73.79     31504    451288   1045500         0      0.00         0
07:48:02 PM   2074144   5838544     73.79     31512    451420   1045500         0      0.00         0
07:48:03 PM   2074128   5838560     73.79     31520    451560   1045500         0      0.00         0
07:48:04 PM   2075204   5837484     73.77     31528    451688   1045500         0      0.00         0
07:48:05 PM   2074004   5838684     73.79     31536    451828   1045500         0      0.00         0
07:48:06 PM   2073316   5839372     73.80     31544    451956   1045500         0      0.00         0
07:48:07 PM   2072976   5839712     73.80     31552    452080   1045500         0      0.00         0
07:48:08 PM   2073764   5838924     73.79     31560    452260   1045500         0      0.00         0
07:48:09 PM   2074212   5838476     73.79     31568    452396   1045500         0      0.00         0
07:48:10 PM   2074940   5837748     73.78     31576    452532   1045500         0      0.00         0
07:48:11 PM   2075888   5836800     73.77     31584    452780   1045500         0      0.00         0
07:48:12 PM   2076304   5836384     73.76     31592    452908   1045500         0      0.00         0
07:48:13 PM   2077372   5835316     73.75     31600    453052   1045500         0      0.00         0
07:48:14 PM   2078260   5834428     73.74     31608    453176   1045500         0      0.00         0
07:48:15 PM   2079080   5833608     73.72     31616    453308   1045500         0      0.00         0
07:48:16 PM   2078404   5834284     73.73     31624    453440   1045500         0      0.00         0
07:48:17 PM   2078972   5833716     73.73     31632    453568   1045500         0      0.00         0
07:48:18 PM   2078364   5834324     73.73     31640    453696   1045500         0      0.00         0
07:48:19 PM   2079664   5833024     73.72     31648    453828   1045500         0      0.00         0
07:48:20 PM   2079012   5833676     73.73     31656    453956   1045500         0      0.00         0
07:48:21 PM   2077688   5835000     73.74     31664    454092   1045500         0      0.00         0
07:48:22 PM   2075356   5837332     73.77     31672    454228   1045500         0      0.00         0
07:48:23 PM   2070852   5841836     73.83     31680    454356   1045500         0      0.00         0
07:48:24 PM   2062524   5850164     73.93     31688    454500   1045500         0      0.00         0
07:48:25 PM   2044300   5868388     74.16     31696    454632   1045500         0      0.00         0
07:48:26 PM   2005276   5907412     74.66     31704    454760   1045500         0      0.00         0
07:48:27 PM   2005916   5906772     74.65     31712    454896   1045500         0      0.00         0
07:48:28 PM   2005612   5907076     74.65     31720    455028   1045500         0      0.00         0
07:48:29 PM   2005740   5906948     74.65     31728    455160   1045500         0      0.00         0
07:48:30 PM   2005720   5906968     74.65     31736    455296   1045500         0      0.00         0
07:48:31 PM   2006348   5906340     74.64     31744    455496   1045500         0      0.00         0
07:48:32 PM   2006108   5906580     74.65     31752    455664   1045500         0      0.00         0
07:48:33 PM   2006148   5906540     74.65     31760    455800   1045500         0      0.00         0
07:48:34 PM   2006472   5906216     74.64     31768    455940   1045500         0      0.00         0
07:48:35 PM   2007284   5905404     74.63     31776    456072   1045500         0      0.00         0
07:48:36 PM   2006900   5905788     74.64     31784    456200   1045500         0      0.00         0
07:48:37 PM   2007312   5905376     74.63     31792    456328   1045500         0      0.00         0
07:48:38 PM   2008060   5904628     74.62     31800    456500   1045500         0      0.00         0
07:48:39 PM   2008664   5904024     74.61     31808    456656   1045500         0      0.00         0
07:48:40 PM   2009556   5903132     74.60     31816    456788   1045500         0      0.00         0
07:48:41 PM   2009784   5902904     74.60     31824    456912   1045500         0      0.00         0
07:48:42 PM   2010828   5901860     74.59     31832    457048   1045500         0      0.00         0
07:48:43 PM   2011476   5901212     74.58     31840    457172   1045500         0      0.00         0
07:48:44 PM   2012612   5900076     74.56     31848    457304   1045500         0      0.00         0
07:48:45 PM   2013276   5899412     74.56     31856    457440   1045500         0      0.00         0
07:48:46 PM   2014352   5898336     74.54     31864    457568   1045500         0      0.00         0
07:48:47 PM   2015168   5897520     74.53     31872    457692   1045500         0      0.00         0
07:48:48 PM   2015872   5896816     74.52     31880    457820   1045500         0      0.00         0
07:48:49 PM   2016692   5895996     74.51     31888    457952   1045500         0      0.00         0
07:48:50 PM   2017860   5894828     74.50     31896    458076   1045500         0      0.00         0
07:48:51 PM   2018928   5893760     74.48     31904    458216   1045500         0      0.00         0
07:48:52 PM   2019724   5892964     74.47     31912    458352   1045500         0      0.00         0
07:48:53 PM   2019484   5893204     74.48     31920    458476   1045500         0      0.00         0
07:48:54 PM   2018036   5894652     74.50     31928    458608   1045500         0      0.00         0
07:48:55 PM   2015732   5896956     74.53     31936    458784   1045500         0      0.00         0
07:48:56 PM   2016592   5896096     74.51     31944    458924   1045500         0      0.00         0
07:48:57 PM   2015172   5897516     74.53     31952    459100   1045500         0      0.00         0
07:48:58 PM   2015212   5897476     74.53     31960    459244   1045500         0      0.00         0
07:48:59 PM   2016140   5896548     74.52     31968    459428   1045500         0      0.00         0
07:49:00 PM   2016484   5896204     74.52     31976    459552   1045500         0      0.00         0
07:49:01 PM   2017904   5894784     74.50     31984    459676   1045500         0      0.00         0
07:49:02 PM   2018576   5894112     74.49     31992    459824   1045500         0      0.00         0
07:49:03 PM   2018160   5894528     74.49     32000    459952   1045500         0      0.00         0
07:49:04 PM   2016916   5895772     74.51     32008    460088   1045500         0      0.00         0
07:49:05 PM   2017940   5894748     74.50     32016    460212   1045500         0      0.00         0
07:49:06 PM   2018760   5893928     74.49     32024    460348   1045500         0      0.00         0
07:49:07 PM   2020052   5892636     74.47     32032    460484   1045500         0      0.00         0
07:49:08 PM   2020496   5892192     74.47     32040    460620   1045500         0      0.00         0
07:49:09 PM   2021596   5891092     74.45     32048    460772   1045500         0      0.00         0
07:49:10 PM   2022520   5890168     74.44     32056    460896   1045500         0      0.00         0
07:49:11 PM   2022148   5890540     74.44     32064    461036   1045500         0      0.00         0
07:49:12 PM   2023728   5888960     74.42     32072    461168   1045500         0      0.00         0
07:49:13 PM   2022060   5890628     74.45     32080    461300   1045500         0      0.00         0
07:49:14 PM   2018772   5893916     74.49     32088    461432   1045500         0      0.00         0
07:49:15 PM   2014560   5898128     74.54     32096    461576   1045500         0      0.00         0
07:49:16 PM   2006868   5905820     74.64     32104    461712   1045500         0      0.00         0
07:49:17 PM   1989884   5922804     74.85     32112    461852   1045500         0      0.00         0
07:49:18 PM   1953824   5958864     75.31     32120    461980   1045500         0      0.00         0
07:49:19 PM   1952180   5960508     75.33     32128    462108   1045500         0      0.00         0
07:49:20 PM   1952524   5960164     75.32     32136    462244   1045500         0      0.00         0
07:49:21 PM   1953044   5959644     75.32     32144    462380   1045500         0      0.00         0
07:49:22 PM   1951988   5960700     75.33     32152    462516   1045500         0      0.00         0
07:49:23 PM   1951972   5960716     75.33     32160    462644   1045500         0      0.00         0
07:49:24 PM   1951132   5961556     75.34     32168    462780   1045500         0      0.00         0
07:49:25 PM   1951356   5961332     75.34     32176    462908   1045500         0      0.00         0
07:49:26 PM   1951484   5961204     75.34     32184    463040   1045500         0      0.00         0
07:49:27 PM   1951672   5961016     75.33     32192    463176   1045500         0      0.00         0
07:49:28 PM   1952872   5959816     75.32     32200    463304   1045500         0      0.00         0
07:49:29 PM   1953216   5959472     75.32     32208    463444   1045500         0      0.00         0
07:49:30 PM   1954308   5958380     75.30     32216    463564   1045500         0      0.00         0
07:49:31 PM   1954912   5957776     75.29     32224    463704   1045500         0      0.00         0
07:49:32 PM   1955364   5957324     75.29     32232    463856   1045500         0      0.00         0
07:49:33 PM   1955960   5956728     75.28     32240    463988   1045500         0      0.00         0
07:49:34 PM   1956788   5955900     75.27     32248    464128   1045500         0      0.00         0
07:49:35 PM   1957512   5955176     75.26     32256    464260   1045500         0      0.00         0
07:49:36 PM   1959328   5953360     75.24     32264    464392   1045500         0      0.00         0
07:49:37 PM   1959680   5953008     75.23     32272    464524   1045500         0      0.00         0
07:49:38 PM   1960416   5952272     75.22     32280    464660   1045500         0      0.00         0
07:49:39 PM   1961452   5951236     75.21     32288    464792   1045500         0      0.00         0
07:49:40 PM   1962244   5950444     75.20     32296    464928   1045500         0      0.00         0
07:49:41 PM   1963416   5949272     75.19     32304    465064   1045500         0      0.00         0
07:49:42 PM   1964380   5948308     75.17     32312    465200   1045500         0      0.00         0
07:49:43 PM   1965516   5947172     75.16     32320    465336   1045500         0      0.00         0
07:49:44 PM   1966248   5946440     75.15     32328    465476   1045500         0      0.00         0
07:49:45 PM   1967440   5945248     75.14     32336    465600   1045500         0      0.00         0
07:49:46 PM   1966764   5945924     75.14     32344    465740   1045500         0      0.00         0
07:49:47 PM   1967640   5945048     75.13     32352    465860   1045500         0      0.00         0
07:49:48 PM   1968680   5944008     75.12     32360    466000   1045500         0      0.00         0
07:49:49 PM   1969724   5942964     75.11     32368    466148   1045500         0      0.00         0
07:49:50 PM   1970512   5942176     75.10     32376    466280   1045500         0      0.00         0
07:49:51 PM   1971644   5941044     75.08     32384    466404   1045500         0      0.00         0
07:49:52 PM   1972840   5939848     75.07     32392    466544   1045500         0      0.00         0
07:49:53 PM   1973576   5939112     75.06     32400    466676   1045500         0      0.00         0
07:49:54 PM   1974332   5938356     75.05     32408    466804   1045500         0      0.00         0
07:49:55 PM   1975432   5937256     75.03     32416    466932   1045500         0      0.00         0
07:49:56 PM   1976380   5936308     75.02     32424    467060   1045500         0      0.00         0
07:49:57 PM   1977452   5935236     75.01     32432    467184   1045500         0      0.00         0
07:49:58 PM   1978588   5934100     74.99     32440    467316   1045500         0      0.00         0
07:49:59 PM   1979504   5933184     74.98     32448    467448   1045500         0      0.00         0
07:50:00 PM   1980668   5932020     74.97     32456    467580   1045500         0      0.00         0
07:50:01 PM   1981584   5931104     74.96     32464    467764   1045500         0      0.00         0
07:50:02 PM   1982528   5930160     74.94     32472    467884   1045500         0      0.00         0
07:50:03 PM   1983800   5928888     74.93     32480    468012   1045500         0      0.00         0
07:50:04 PM   1984468   5928220     74.92     32488    468144   1045500         0      0.00         0
07:50:05 PM   1985568   5927120     74.91     32496    468272   1045500         0      0.00         0
07:50:06 PM   1986856   5925832     74.89     32504    468400   1045500         0      0.00         0
07:50:07 PM   1987712   5924976     74.88     32512    468536   1045500         0      0.00         0
07:50:08 PM   1988624   5924064     74.87     32520    468664   1045500         0      0.00         0
07:50:09 PM   1989572   5923116     74.86     32528    468984   1045500         0      0.00         0
07:50:10 PM   1990676   5922012     74.84     32536    469120   1045500         0      0.00         0
07:50:11 PM   1991596   5921092     74.83     32544    469360   1045500         0      0.00         0
07:50:12 PM   1992508   5920180     74.82     32552    469488   1045500         0      0.00         0
07:50:13 PM   1993864   5918824     74.80     32560    469628   1045500         0      0.00         0
07:50:14 PM   1994872   5917816     74.79     32568    469752   1045500         0      0.00         0
07:50:15 PM   1995004   5917684     74.79     32576    469960   1045500         0      0.00         0
07:50:16 PM   1995996   5916692     74.77     32584    470084   1045500         0      0.00         0
07:50:17 PM   1996456   5916232     74.77     32592    470224   1045500         0      0.00         0
07:50:18 PM   1997360   5915328     74.76     32600    470348   1045500         0      0.00         0
07:50:19 PM   1998344   5914344     74.75     32608    470492   1045500         0      0.00         0
07:50:20 PM   1999132   5913556     74.74     32616    470620   1045500         0      0.00         0
07:50:21 PM   2000864   5911824     74.71     32624    470752   1045500         0      0.00         0
07:50:22 PM   2001688   5911000     74.70     32632    470940   1045500         0      0.00         0
07:50:23 PM   2002952   5909736     74.69     32640    471072   1045500         0      0.00         0
07:50:24 PM   2003624   5909064     74.68     32648    471208   1045500         0      0.00         0
07:50:25 PM   2002708   5909980     74.69     32656    471348   1045500         0      0.00         0
07:50:26 PM   2000712   5911976     74.72     32664    471484   1045500         0      0.00         0
07:50:27 PM   1997028   5915660     74.76     32672    471612   1045500         0      0.00         0
07:50:28 PM   1988804   5923884     74.87     32680    471760   1045500         0      0.00         0
07:50:29 PM   1973176   5939512     75.06     32688    471896   1045500         0      0.00         0
07:50:30 PM   1945832   5966856     75.41     32696    472032   1045500         0      0.00         0
07:50:31 PM   1937556   5975132     75.51     32704    472164   1045500         0      0.00         0
07:50:32 PM   1937524   5975164     75.51     32712    472304   1045500         0      0.00         0
07:50:33 PM   1937412   5975276     75.52     32720    472432   1045500         0      0.00         0
07:50:34 PM   1936360   5976328     75.53     32728    472568   1045500         0      0.00         0
07:50:35 PM   1936596   5976092     75.53     32736    472700   1045500         0      0.00         0
07:50:36 PM   1937032   5975656     75.52     32744    472828   1045500         0      0.00         0
07:50:37 PM   1937232   5975456     75.52     32752    472964   1045500         0      0.00         0
07:50:38 PM   1936772   5975916     75.52     32760    473136   1045500         0      0.00         0
07:50:39 PM   1937524   5975164     75.51     32768    473260   1045500         0      0.00         0
07:50:40 PM   1937900   5974788     75.51     32776    473392   1045500         0      0.00         0
07:50:41 PM   1938840   5973848     75.50     32784    473524   1045500         0      0.00         0
07:50:42 PM   1939812   5972876     75.48     32792    473652   1045500         0      0.00         0
07:50:43 PM   1940792   5971896     75.47     32800    473808   1045500         0      0.00         0
07:50:44 PM   1941768   5970920     75.46     32808    473940   1045500         0      0.00         0
07:50:45 PM   1942592   5970096     75.45     32816    474064   1045500         0      0.00         0
07:50:46 PM   1943260   5969428     75.44     32824    474240   1045500         0      0.00         0
07:50:47 PM   1943928   5968760     75.43     32832    474380   1045500         0      0.00         0
07:50:48 PM   1944720   5967968     75.42     32840    474512   1045500         0      0.00         0
07:50:49 PM   1946136   5966552     75.40     32848    474648   1045500         0      0.00         0
07:50:50 PM   1946800   5965888     75.40     32856    474776   1045500         0      0.00         0
07:50:51 PM   1947748   5964940     75.38     32864    474900   1045500         0      0.00         0
07:50:52 PM   1949156   5963532     75.37     32872    475068   1045500         0      0.00         0
07:50:53 PM   1950188   5962500     75.35     32880    475196   1045500         0      0.00         0
07:50:54 PM   1950640   5962048     75.35     32888    475328   1045500         0      0.00         0
07:50:55 PM   1951960   5960728     75.33     32896    475456   1045500         0      0.00         0
07:50:56 PM   1952684   5960004     75.32     32904    475588   1045500         0      0.00         0
07:50:57 PM   1953352   5959336     75.31     32912    475712   1045500         0      0.00         0
07:50:58 PM   1954080   5958608     75.30     32920    475844   1045500         0      0.00         0
07:50:59 PM   1955216   5957472     75.29     32928    475984   1045500         0      0.00         0
07:51:00 PM   1956568   5956120     75.27     32936    476148   1045500         0      0.00         0
07:51:01 PM   1957144   5955544     75.27     32944    476280   1045500         0      0.00         0
07:51:02 PM   1958304   5954384     75.25     32952    476412   1045500         0      0.00         0
07:51:03 PM   1959440   5953248     75.24     32960    476544   1045500         0      0.00         0
07:51:04 PM   1960136   5952552     75.23     32968    476684   1045500         0      0.00         0
07:51:05 PM   1961272   5951416     75.21     32976    476812   1045500         0      0.00         0
07:51:06 PM   1962248   5950440     75.20     32984    476952   1045500         0      0.00         0
07:51:07 PM   1963104   5949584     75.19     32992    477088   1045500         0      0.00         0
07:51:08 PM   1964172   5948516     75.18     33000    477236   1045500         0      0.00         0
07:51:09 PM   1964996   5947692     75.17     33008    477364   1045500         0      0.00         0
07:51:10 PM   1966376   5946312     75.15     33016    477496   1045500         0      0.00         0
07:51:11 PM   1967296   5945392     75.14     33024    477640   1045500         0      0.00         0
07:51:12 PM   1966924   5945764     75.14     33032    477780   1045500         0      0.00         0
07:51:13 PM   1968212   5944476     75.13     33040    477912   1045500         0      0.00         0
07:51:14 PM   1967404   5945284     75.14     33048    478036   1045500         0      0.00         0
07:51:15 PM   1968372   5944316     75.12     33056    478172   1045500         0      0.00         0
07:51:16 PM   1969540   5943148     75.11     33064    478296   1045500         0      0.00         0
07:51:17 PM   1970536   5942152     75.10     33072    478428   1045500         0      0.00         0
07:51:18 PM   1971740   5940948     75.08     33080    478564   1045500         0      0.00         0
07:51:19 PM   1972252   5940436     75.07     33088    478700   1045500         0      0.00         0
07:51:20 PM   1973448   5939240     75.06     33096    478836   1045500         0      0.00         0
07:51:21 PM   1974112   5938576     75.05     33104    478964   1045500         0      0.00         0
07:51:22 PM   1975152   5937536     75.04     33112    479096   1045500         0      0.00         0
07:51:23 PM   1975876   5936812     75.03     33120    479220   1045500         0      0.00         0
07:51:24 PM   1977044   5935644     75.01     33128    479356   1045500         0      0.00         0
07:51:25 PM   1977816   5934872     75.00     33136    479496   1045500         0      0.00         0
07:51:26 PM   1978888   5933800     74.99     33144    479680   1045500         0      0.00         0
07:51:27 PM   1979896   5932792     74.98     33152    479804   1045500         0      0.00         0
07:51:28 PM   1980940   5931748     74.97     33160    479928   1045500         0      0.00         0
07:51:29 PM   1981960   5930728     74.95     33168    480064   1045500         0      0.00         0
07:51:30 PM   1982844   5929844     74.94     33176    480196   1045500         0      0.00         0
07:51:31 PM   1983884   5928804     74.93     33184    480340   1045500         0      0.00         0
07:51:32 PM   1985080   5927608     74.91     33192    480468   1045500         0      0.00         0
07:51:33 PM   1986560   5926128     74.89     33200    480592   1045500         0      0.00         0
07:51:34 PM   1987508   5925180     74.88     33208    480732   1045500         0      0.00         0
07:51:35 PM   1988268   5924420     74.87     33216    480912   1045500         0      0.00         0
07:51:36 PM   1989624   5923064     74.86     33224    481036   1045500         0      0.00         0
07:51:37 PM   1990316   5922372     74.85     33232    481164   1045500         0      0.00         0
07:51:38 PM   1991760   5920928     74.83     33240    481292   1045500         0      0.00         0
07:51:39 PM   1992396   5920292     74.82     33248    481428   1045500         0      0.00         0
07:51:40 PM   1993596   5919092     74.81     33256    481568   1045500         0      0.00         0
07:51:41 PM   1994356   5918332     74.80     33264    481700   1045500         0      0.00         0
07:51:42 PM   1995332   5917356     74.78     33272    481824   1045500         0      0.00         0
07:51:43 PM   1996496   5916192     74.77     33280    481952   1045500         0      0.00         0
07:51:44 PM   1997504   5915184     74.76     33288    482088   1045500         0      0.00         0
07:51:45 PM   1999168   5913520     74.73     33296    482264   1045500         0      0.00         0
07:51:46 PM   1999680   5913008     74.73     33304    482412   1045500         0      0.00         0
07:51:47 PM   2000904   5911784     74.71     33312    482544   1045500         0      0.00         0
07:51:48 PM   2001880   5910808     74.70     33320    482664   1045500         0      0.00         0
07:51:49 PM   2002860   5909828     74.69     33328    482796   1045500         0      0.00         0
07:51:50 PM   2004240   5908448     74.67     33336    482952   1045500         0      0.00         0
07:51:51 PM   2005036   5907652     74.66     33344    483080   1045500         0      0.00         0
07:51:52 PM   2005948   5906740     74.65     33352    483196   1045500         0      0.00         0
07:51:53 PM   2006784   5905904     74.64     33360    483324   1045500         0      0.00         0
07:51:54 PM   2008104   5904584     74.62     33368    483440   1045500         0      0.00         0
07:51:55 PM   2009144   5903544     74.61     33376    483596   1045500         0      0.00         0
07:51:56 PM   2010216   5902472     74.60     33384    483712   1045500         0      0.00         0
07:51:57 PM   2011260   5901428     74.58     33392    483832   1045500         0      0.00         0
07:51:58 PM   2012540   5900148     74.57     33400    483924   1045500         0      0.00         0
07:51:59 PM   2014180   5898508     74.54     33408    484020   1045500         0      0.00         0
07:52:00 PM   2015512   5897176     74.53     33416    484100   1045500         0      0.00         0
07:52:01 PM   2017160   5895528     74.51     33424    484164   1045500         0      0.00         0
07:52:02 PM   2018856   5893832     74.49     33432    484272   1045500         0      0.00         0
07:52:03 PM   2020308   5892380     74.47     33440    484332   1045500         0      0.00         0
07:52:04 PM   2022016   5890672     74.45     33448    484388   1045500         0      0.00         0
07:52:05 PM   2023788   5888900     74.42     33456    484432   1045500         0      0.00         0
07:52:06 PM   2025656   5887032     74.40     33464    484620   1045500         0      0.00         0
07:52:07 PM   2027140   5885548     74.38     33472    484660   1045500         0      0.00         0
07:52:08 PM   2028372   5884316     74.37     33480    484748   1045500         0      0.00         0
07:52:09 PM   2029700   5882988     74.35     33488    484768   1045500         0      0.00         0
07:52:10 PM   2031056   5881632     74.33     33496    484784   1045500         0      0.00         0
07:52:11 PM   2032536   5880152     74.31     33504    484804   1045500         0      0.00         0
07:52:12 PM   2033924   5878764     74.30     33512    484820   1045500         0      0.00         0
07:52:13 PM   2035220   5877468     74.28     33520    484832   1045500         0      0.00         0
07:52:14 PM   2036976   5875712     74.26     33528    484844   1045500         0      0.00         0
07:52:15 PM   2038204   5874484     74.24     33536    484860   1045500         0      0.00         0
07:52:16 PM   2038996   5873692     74.23     33544    484868   1045500         0      0.00         0
07:52:17 PM   2040316   5872372     74.21     33552    484876   1045500         0      0.00         0
07:52:18 PM   2041080   5871608     74.20     33560    484884   1045500         0      0.00         0
07:52:19 PM   2042148   5870540     74.19     33568    484876   1045500         0      0.00         0
07:52:20 PM   2043668   5869020     74.17     33576    484884   1045500         0      0.00         0
07:52:21 PM   2044672   5868016     74.16     33584    484884   1045500         0      0.00         0
07:52:22 PM   2045972   5866716     74.14     33592    484892   1045500         0      0.00         0
07:52:23 PM   2046892   5865796     74.13     33600    484900   1045500         0      0.00         0
07:52:24 PM   2047688   5865000     74.12     33608    484900   1045500         0      0.00         0
07:52:25 PM   2049392   5863296     74.10     33616    484904   1045500         0      0.00         0
07:52:26 PM   2050748   5861940     74.08     33624    484908   1045500         0      0.00         0
07:52:27 PM   2052148   5860540     74.07     33632    484916   1045500         0      0.00         0
07:52:28 PM   2053060   5859628     74.05     33640    484916   1045500         0      0.00         0
07:52:29 PM   2054392   5858296     74.04     33648    484936   1045500         0      0.00         0
07:52:30 PM   2055436   5857252     74.02     33656    484928   1045500         0      0.00         0
07:52:31 PM   2056464   5856224     74.01     33664    484932   1045500         0      0.00         0
07:52:32 PM   2057884   5854804     73.99     33672    484940   1045500         0      0.00         0
07:52:33 PM   2059048   5853640     73.98     33680    484940   1045500         0      0.00         0
07:52:34 PM   2060216   5852472     73.96     33688    484952   1045500         0      0.00         0
07:52:35 PM   2061236   5851452     73.95     33696    484956   1045500         0      0.00         0
07:52:36 PM   2062636   5850052     73.93     33704    484960   1045500         0      0.00         0
07:52:37 PM   2063840   5848848     73.92     33712    484964   1045500         0      0.00         0
07:52:38 PM   2064996   5847692     73.90     33720    484968   1045500         0      0.00         0
07:52:39 PM   2065884   5846804     73.89     33728    484968   1045500         0      0.00         0
07:52:40 PM   2067448   5845240     73.87     33736    484976   1045500         0      0.00         0
07:52:41 PM   2068612   5844076     73.86     33744    484988   1045500         0      0.00         0
07:52:42 PM   2069900   5842788     73.84     33752    484980   1045500         0      0.00         0
07:52:43 PM   2070936   5841752     73.83     33760    484984   1045500         0      0.00         0
07:52:44 PM   2072080   5840608     73.81     33768    484992   1045500         0      0.00         0
07:52:45 PM   2073416   5839272     73.80     33776    484992   1045500         0      0.00         0
07:52:46 PM   2074828   5837860     73.78     33784    485000   1045500         0      0.00         0
07:52:47 PM   2075732   5836956     73.77     33792    485000   1045500         0      0.00         0
07:52:48 PM   2077228   5835460     73.75     33800    485008   1045500         0      0.00         0
07:52:49 PM   2078508   5834180     73.73     33808    485008   1045500         0      0.00         0
07:52:50 PM   2079552   5833136     73.72     33816    485028   1045500         0      0.00         0
07:52:51 PM   2080716   5831972     73.70     33824    485032   1045500         0      0.00         0
07:52:52 PM   2082132   5830556     73.69     33832    485024   1045500         0      0.00         0
07:52:53 PM   2083320   5829368     73.67     33840    485040   1045500         0      0.00         0
07:52:54 PM   2084484   5828204     73.66     33848    485044   1045500         0      0.00         0
07:52:55 PM   2085412   5827276     73.64     33856    485048   1045500         0      0.00         0
07:52:56 PM   2086840   5825848     73.63     33864    485056   1045500         0      0.00         0
07:52:57 PM   2088224   5824464     73.61     33872    485060   1045500         0      0.00         0
07:52:58 PM   2089160   5823528     73.60     33880    485064   1045500         0      0.00         0
07:52:59 PM   2090432   5822256     73.58     33888    485068   1045500         0      0.00         0
07:53:00 PM   2091720   5820968     73.56     33896    485072   1045500         0      0.00         0
07:53:01 PM   2092756   5819932     73.55     33904    485080   1045500         0      0.00         0
07:53:02 PM   2094172   5818516     73.53     33912    485084   1045500         0      0.00         0
07:53:03 PM   2095108   5817580     73.52     33920    485088   1045500         0      0.00         0
07:53:04 PM   2096752   5815936     73.50     33928    485092   1045500         0      0.00         0
07:53:05 PM   2097788   5814900     73.49     33936    485096   1045500         0      0.00         0
07:53:06 PM   2098952   5813736     73.47     33944    485100   1045500         0      0.00         0
07:53:07 PM   2100252   5812436     73.46     33952    485104   1045500         0      0.00         0
07:53:08 PM   2101280   5811408     73.44     33960    485096   1045500         0      0.00         0
07:53:09 PM   2102264   5810424     73.43     33968    485112   1045500         0      0.00         0
07:53:10 PM   2103696   5808992     73.41     33976    485116   1045500         0      0.00         0
07:53:11 PM   2104936   5807752     73.40     33984    485120   1045500         0      0.00         0
07:53:12 PM   2103356   5809332     73.42     33992    485128   1045500         0      0.00         0
07:53:13 PM   2106476   5806212     73.38     34000    485132   1045500         0      0.00         0
07:53:14 PM   2107612   5805076     73.36     34008    485136   1045500         0      0.00         0
07:53:15 PM   2109044   5803644     73.35     34016    485128   1045500         0      0.00         0
07:53:16 PM   2110000   5802688     73.33     34024    485144   1045500         0      0.00         0
07:53:17 PM   2111028   5801660     73.32     34032    485136   1045500         0      0.00         0
Average:      2147168   5765520     72.86     32436    466550   1045500         0      0.00         0
