0.50
0.25
0.50
0.75
1.51
0.50
0.25
0.25
0.25
0.50
0.25
0.25
0.50
0.50
0.75
0.50
0.25
0.50
0.50
0.75
0.25
0.75
0.75
0.50
1.50
0.50
0
0.25
0.25
0.25
0.25
0
15.44
27.39
28.64
27.81
28.24
2.51
1.00
1.01
0
0.50
0.50
0.25
1.25
0.50
0.50
0.25
0.50
0.75
0.50
0.75
2.26
1.50
44.25
73.58
71.92
73.51
72.97
72.75
65.12
16.75
1.00
0.50
0.25
1.00
1.01
2.00
1.01
1.00
0
0.25
1.00
0.76
3.01
50.64
56.15
75.45
83.72
81.33
83.29
90.84
87.82
85.18
84.44
85.86
76.35
73.44
72.99
23.92
1.00
1.01
1.51
1.51
3.51
2.77
3.53
4.01
7.85
6.53
6.36
7.05
5.05
8.00
8.38
8.65
5.32
9.57
6.35
10.13
31.97
31.28
30.31
33.85
67.53
77.81
72.97
83.80
86.86
89.34
89.35
89.77
90.23
88.35
93.15
93.43
93.04
92.50
93.69
93.40
92.91
94.44
93.47
94.94
95.26
95.29
92.17
96.98
95.45
96.48
95.48
93.88
95.50
92.68
94.91
96.21
91.50
96.18
97.26
97.51
98.00
95.90
97.01
96.46
96.28
97.22
97.01
97.25
97.50
97.26
97.98
98.01
97.75
97.99
98.25
98.24
98.00
97.74
96.49
97.47
97.74
97.49
99.00
98.75
97.76
98.25
97.99
98.00
97.75
98.00
97.73
97.99
99.25
99.00
98.24
97.97
98.50
98.47
98.00
98.50
99.50
98.75
97.99
98.24
98.25
98.50
98.25
98.01
97.98
98.48
98.01
98.26
98.24
97.73
98.23
98.01
98.22
98.75
98.26
98.25
98.24
98.74
98.25
98.50
98.75
98.49
98.99
96.00
94.44
81.91
