46.10
46.11
46.20
46.23
46.32
46.32
46.32
46.31
46.31
46.32
46.32
46.30
46.28
46.25
46.26
46.25
46.24
46.21
46.19
46.20
46.25
46.25
46.25
46.25
46.26
46.26
46.26
46.26
46.26
46.27
46.24
46.25
46.23
46.26
46.24
46.21
46.21
46.24
46.25
46.25
46.27
46.28
46.28
46.30
46.30
46.31
46.33
46.35
46.42
46.53
46.84
47.28
47.28
47.44
47.48
47.54
47.55
47.61
47.58
47.52
47.45
47.44
47.44
47.44
47.44
47.44
47.44
47.46
47.48
47.55
47.68
47.80
47.97
48.54
49.32
49.32
49.39
49.49
49.52
49.61
49.78
49.73
49.73
49.74
49.83
49.73
49.77
49.82
49.71
49.74
49.81
50.02
50.32
50.87
51.45
52.02
52.66
53.46
54.20
54.96
55.65
55.80
55.96
56.08
56.27
56.33
56.47
56.64
56.79
56.92
57.10
57.36
57.71
58.50
58.92
59.03
59.27
59.47
59.64
59.79
59.99
60.14
60.20
60.41
60.58
60.76
60.89
61.10
61.26
61.36
61.49
61.52
61.75
61.85
61.94
62.09
62.25
62.33
62.37
62.49
62.55
62.58
62.69
62.82
62.93
63.09
63.13
63.15
63.22
63.24
63.26
63.30
63.28
63.33
63.36
63.41
63.39
63.39
63.39
63.36
63.34
63.32
63.27
63.28
63.55
63.82
63.83
63.77
63.83
63.77
63.75
63.81
63.87
63.84
63.91
63.92
63.88
63.85
63.77
63.75
63.80
63.79
64.01
64.00
63.96
63.95
63.94
63.90
63.94
63.92
64.04
64.02
63.96
63.96
63.90
63.88
63.85
63.81
63.80
63.75
63.72
63.69
63.65
63.63
63.58
63.57
63.53
63.52
63.47
63.47
63.54
62.65
62.62
62.57
62.72
63.66
62.05
62.10
61.58
61.61
