Linux 3.11.0-15-generic (client-HVM-domU) 	04/21/2015

12:38:59 AM kbmemfree kbmemused  %memused kbbuffers  kbcached kbswpfree kbswpused  %swpused  kbswpcad
12:39:00 AM   1969884   4910616     71.37     30784    439460   1045500         0      0.00         0
12:39:01 AM   1968548   4911952     71.39     30792    439576   1045500         0      0.00         0
12:39:02 AM   1966616   4913884     71.42     30800    439596   1045500         0      0.00         0
12:39:03 AM   1965792   4914708     71.43     30808    439620   1045500         0      0.00         0
12:39:04 AM   1962808   4917692     71.47     30816    439656   1045500         0      0.00         0
12:39:05 AM   1953956   4926544     71.60     30824    439696   1045500         0      0.00         0
12:39:06 AM   1940028   4940472     71.80     30832    439736   1045500         0      0.00         0
12:39:07 AM   1938044   4942456     71.83     30840    439784   1045500         0      0.00         0
12:39:08 AM   1938636   4941864     71.82     30848    439912   1045500         0      0.00         0
12:39:09 AM   1935336   4945164     71.87     30856    440016   1045500         0      0.00         0
12:39:10 AM   1933180   4947320     71.90     30864    440060   1045500         0      0.00         0
12:39:11 AM   1928112   4952388     71.98     30872    440104   1045500         0      0.00         0
12:39:12 AM   1917524   4962976     72.13     30880    440156   1045500         0      0.00         0
12:39:13 AM   1903144   4977356     72.34     30888    440208   1045500         0      0.00         0
12:39:14 AM   1877704   5002796     72.71     30896    440280   1045500         0      0.00         0
12:39:15 AM   1874684   5005816     72.75     30904    440340   1045500         0      0.00         0
12:39:16 AM   1873064   5007436     72.78     30912    440408   1045500         0      0.00         0
12:39:17 AM   1870592   5009908     72.81     30920    440532   1045500         0      0.00         0
12:39:18 AM   1868196   5012304     72.85     30928    440616   1045500         0      0.00         0
12:39:19 AM   1865432   5015068     72.89     30936    440688   1045500         0      0.00         0
12:39:20 AM   1859140   5021360     72.98     30944    440768   1045500         0      0.00         0
12:39:21 AM   1856612   5023888     73.02     30952    440848   1045500         0      0.00         0
12:39:22 AM   1856272   5024228     73.02     30960    440936   1045500         0      0.00         0
12:39:23 AM   1855052   5025448     73.04     30968    441016   1045500         0      0.00         0
12:39:24 AM   1853004   5027496     73.07     30976    441104   1045500         0      0.00         0
12:39:25 AM   1851108   5029392     73.10     30984    441188   1045500         0      0.00         0
12:39:26 AM   1847668   5032832     73.15     30992    441280   1045500         0      0.00         0
12:39:27 AM   1845740   5034760     73.17     31000    441376   1045500         0      0.00         0
12:39:28 AM   1845024   5035476     73.18     31008    441472   1045500         0      0.00         0
12:39:29 AM   1844444   5036056     73.19     31016    441580   1045500         0      0.00         0
12:39:30 AM   1844764   5035736     73.19     31024    441676   1045500         0      0.00         0
12:39:31 AM   1845332   5035168     73.18     31032    441780   1045500         0      0.00         0
12:39:32 AM   1846024   5034476     73.17     31040    441884   1045500         0      0.00         0
12:39:33 AM   1845660   5034840     73.18     31048    441984   1045500         0      0.00         0
12:39:34 AM   1846164   5034336     73.17     31056    442096   1045500         0      0.00         0
12:39:35 AM   1844136   5036364     73.20     31064    442196   1045500         0      0.00         0
12:39:36 AM   1841900   5038600     73.23     31072    442300   1045500         0      0.00         0
12:39:37 AM   1837392   5043108     73.30     31080    442404   1045500         0      0.00         0
12:39:38 AM   1827108   5053392     73.45     31088    442516   1045500         0      0.00         0
12:39:39 AM   1810488   5070012     73.69     31096    442628   1045500         0      0.00         0
12:39:40 AM   1778828   5101672     74.15     31104    442740   1045500         0      0.00         0
12:39:41 AM   1744732   5135768     74.64     31112    442848   1045500         0      0.00         0
12:39:42 AM   1714644   5165856     75.08     31120    442964   1045500         0      0.00         0
12:39:43 AM   1705176   5175324     75.22     31128    443076   1045500         0      0.00         0
12:39:44 AM   1668344   5212156     75.75     31136    443188   1045500         0      0.00         0
12:39:45 AM   1629960   5250540     76.31     31144    443308   1045500         0      0.00         0
12:39:46 AM   1587484   5293016     76.93     31152    443424   1045500         0      0.00         0
12:39:47 AM   1542796   5337704     77.58     31160    443540   1045500         0      0.00         0
12:39:48 AM   1498364   5382136     78.22     31168    443660   1045500         0      0.00         0
12:39:49 AM   1455952   5424548     78.84     31176    443788   1045500         0      0.00         0
12:39:50 AM   1414076   5466424     79.45     31184    443920   1045500         0      0.00         0
12:39:51 AM   1372632   5507868     80.05     31192    444040   1045500         0      0.00         0
12:39:52 AM   1328468   5552032     80.69     31200    444340   1045500         0      0.00         0
12:39:53 AM   1301012   5579488     81.09     31208    444472   1045500         0      0.00         0
12:39:54 AM   1281464   5599036     81.38     31216    444588   1045500         0      0.00         0
12:39:55 AM   1239632   5640868     81.98     31224    444732   1045500         0      0.00         0
12:39:56 AM   1199828   5680672     82.56     31232    444860   1045500         0      0.00         0
12:39:57 AM   1159604   5720896     83.15     31240    444988   1045500         0      0.00         0
12:39:58 AM   1118552   5761948     83.74     31248    445112   1045500         0      0.00         0
12:39:59 AM   1076220   5804280     84.36     31256    445244   1045500         0      0.00         0
12:40:00 AM   1032740   5847760     84.99     31264    445372   1045500         0      0.00         0
12:40:01 AM    991300   5889200     85.59     31272    445648   1045500         0      0.00         0
12:40:02 AM    983632   5896868     85.70     31280    445804   1045500         0      0.00         0
12:40:03 AM    979068   5901432     85.77     31288    445928   1045500         0      0.00         0
12:40:04 AM    975124   5905376     85.83     31296    446108   1045500         0      0.00         0
12:40:05 AM    972552   5907948     85.87     31304    446248   1045500         0      0.00         0
12:40:06 AM    968984   5911516     85.92     31312    446380   1045500         0      0.00         0
12:40:07 AM    965420   5915080     85.97     31320    446504   1045500         0      0.00         0
12:40:08 AM    959596   5920904     86.05     31328    446636   1045500         0      0.00         0
12:40:09 AM    957500   5923000     86.08     31336    446772   1045500         0      0.00         0
12:40:10 AM    955012   5925488     86.12     31344    446904   1045500         0      0.00         0
12:40:11 AM    951424   5929076     86.17     31352    447048   1045500         0      0.00         0
12:40:12 AM    945896   5934604     86.25     31360    447188   1045500         0      0.00         0
12:40:13 AM    936024   5944476     86.40     31368    447336   1045500         0      0.00         0
12:40:14 AM    933400   5947100     86.43     31376    447468   1045500         0      0.00         0
12:40:15 AM    933072   5947428     86.44     31384    447596   1045500         0      0.00         0
12:40:16 AM    932300   5948200     86.45     31392    447740   1045500         0      0.00         0
12:40:17 AM    931056   5949444     86.47     31400    447868   1045500         0      0.00         0
12:40:18 AM    928252   5952248     86.51     31408    448048   1045500         0      0.00         0
12:40:19 AM    925012   5955488     86.56     31416    448184   1045500         0      0.00         0
12:40:20 AM    920108   5960392     86.63     31424    448316   1045500         0      0.00         0
12:40:21 AM    909408   5971092     86.78     31432    448460   1045500         0      0.00         0
12:40:22 AM    908516   5971984     86.80     31440    448592   1045500         0      0.00         0
12:40:23 AM    908972   5971528     86.79     31448    448808   1045500         0      0.00         0
12:40:24 AM    909364   5971136     86.78     31456    448940   1045500         0      0.00         0
12:40:25 AM    909520   5970980     86.78     31464    449068   1045500         0      0.00         0
12:40:26 AM    909868   5970632     86.78     31472    449196   1045500         0      0.00         0
12:40:27 AM    909768   5970732     86.78     31480    449328   1045500         0      0.00         0
12:40:28 AM    908136   5972364     86.80     31488    449492   1045500         0      0.00         0
12:40:29 AM    906608   5973892     86.82     31496    449640   1045500         0      0.00         0
12:40:30 AM    907200   5973300     86.81     31504    449772   1045500         0      0.00         0
12:40:31 AM    907548   5972952     86.81     31512    449944   1045500         0      0.00         0
12:40:32 AM    908300   5972200     86.80     31520    450076   1045500         0      0.00         0
12:40:33 AM    908808   5971692     86.79     31528    450204   1045500         0      0.00         0
12:40:34 AM    909836   5970664     86.78     31536    450444   1045500         0      0.00         0
12:40:35 AM    910432   5970068     86.77     31544    450604   1045500         0      0.00         0
12:40:36 AM    911100   5969400     86.76     31552    450724   1045500         0      0.00         0
12:40:37 AM    911844   5968656     86.75     31560    450848   1045500         0      0.00         0
12:40:38 AM    912608   5967892     86.74     31568    450984   1045500         0      0.00         0
12:40:39 AM    913616   5966884     86.72     31576    451120   1045500         0      0.00         0
12:40:40 AM    914344   5966156     86.71     31584    451248   1045500         0      0.00         0
12:40:41 AM    912904   5967596     86.73     31592    451376   1045500         0      0.00         0
12:40:42 AM    910296   5970204     86.77     31600    451512   1045500         0      0.00         0
12:40:43 AM    905748   5974752     86.84     31608    451632   1045500         0      0.00         0
12:40:44 AM    895136   5985364     86.99     31616    451772   1045500         0      0.00         0
12:40:45 AM    877364   6003136     87.25     31624    451916   1045500         0      0.00         0
12:40:46 AM    876436   6004064     87.26     31632    452056   1045500         0      0.00         0
12:40:47 AM    875512   6004988     87.28     31640    452188   1045500         0      0.00         0
12:40:48 AM    873404   6007096     87.31     31648    452312   1045500         0      0.00         0
12:40:49 AM    870956   6009544     87.34     31656    452448   1045500         0      0.00         0
12:40:50 AM    864988   6015512     87.43     31664    452588   1045500         0      0.00         0
12:40:51 AM    854236   6026264     87.58     31672    452716   1045500         0      0.00         0
12:40:52 AM    854704   6025796     87.58     31680    452864   1045500         0      0.00         0
12:40:53 AM    855256   6025244     87.57     31688    452996   1045500         0      0.00         0
12:40:54 AM    855896   6024604     87.56     31696    453140   1045500         0      0.00         0
12:40:55 AM    854468   6026032     87.58     31704    453268   1045500         0      0.00         0
12:40:56 AM    853440   6027060     87.60     31712    453472   1045500         0      0.00         0
12:40:57 AM    851664   6028836     87.62     31720    453600   1045500         0      0.00         0
12:40:58 AM    848628   6031872     87.67     31728    453724   1045500         0      0.00         0
12:40:59 AM    849656   6030844     87.65     31736    453852   1045500         0      0.00         0
12:41:00 AM    850096   6030404     87.64     31744    454016   1045500         0      0.00         0
12:41:01 AM    851972   6028528     87.62     31752    454180   1045500         0      0.00         0
12:41:02 AM    852444   6028056     87.61     31760    454300   1045500         0      0.00         0
12:41:03 AM    853540   6026960     87.59     31768    454420   1045500         0      0.00         0
12:41:04 AM    854260   6026240     87.58     31776    454552   1045500         0      0.00         0
12:41:05 AM    854984   6025516     87.57     31784    454684   1045500         0      0.00         0
12:41:06 AM    855644   6024856     87.56     31792    454852   1045500         0      0.00         0
12:41:07 AM    855968   6024532     87.56     31800    454980   1045500         0      0.00         0
12:41:08 AM    856792   6023708     87.55     31808    455120   1045500         0      0.00         0
12:41:09 AM    857864   6022636     87.53     31816    455240   1045500         0      0.00         0
12:41:10 AM    859336   6021164     87.51     31824    455372   1045500         0      0.00         0
12:41:11 AM    859700   6020800     87.51     31832    455500   1045500         0      0.00         0
12:41:12 AM    860548   6019952     87.49     31840    455632   1045500         0      0.00         0
12:41:13 AM    861464   6019036     87.48     31848    455772   1045500         0      0.00         0
12:41:14 AM    862408   6018092     87.47     31856    455900   1045500         0      0.00         0
12:41:15 AM    863732   6016768     87.45     31864    456036   1045500         0      0.00         0
12:41:16 AM    861520   6018980     87.48     31872    456164   1045500         0      0.00         0
12:41:17 AM    859632   6020868     87.51     31880    456292   1045500         0      0.00         0
12:41:18 AM    859008   6021492     87.52     31888    456436   1045500         0      0.00         0
12:41:19 AM    858080   6022420     87.53     31896    456576   1045500         0      0.00         0
12:41:20 AM    859132   6021368     87.51     31904    456752   1045500         0      0.00         0
12:41:21 AM    860088   6020412     87.50     31912    456888   1045500         0      0.00         0
12:41:22 AM    860188   6020312     87.50     31920    457068   1045500         0      0.00         0
12:41:23 AM    861096   6019404     87.48     31928    457196   1045500         0      0.00         0
12:41:24 AM    861888   6018612     87.47     31936    457332   1045500         0      0.00         0
12:41:25 AM    861484   6019016     87.48     31944    457464   1045500         0      0.00         0
12:41:26 AM    859892   6020608     87.50     31952    457636   1045500         0      0.00         0
12:41:27 AM    860120   6020380     87.50     31960    457772   1045500         0      0.00         0
12:41:28 AM    860988   6019512     87.49     31968    457900   1045500         0      0.00         0
12:41:29 AM    862220   6018280     87.47     31976    458040   1045500         0      0.00         0
12:41:30 AM    863008   6017492     87.46     31984    458180   1045500         0      0.00         0
12:41:31 AM    862860   6017640     87.46     31992    458324   1045500         0      0.00         0
12:41:32 AM    863648   6016852     87.45     32000    458448   1045500         0      0.00         0
12:41:33 AM    864060   6016440     87.44     32008    458580   1045500         0      0.00         0
12:41:34 AM    864696   6015804     87.43     32016    458720   1045500         0      0.00         0
12:41:35 AM    863392   6017108     87.45     32024    458852   1045500         0      0.00         0
12:41:36 AM    861868   6018632     87.47     32032    458992   1045500         0      0.00         0
12:41:37 AM    856700   6023800     87.55     32044    459172   1045500         0      0.00         0
12:41:38 AM    855984   6024516     87.56     32052    459304   1045500         0      0.00         0
12:41:39 AM    854356   6026144     87.58     32060    459432   1045500         0      0.00         0
12:41:40 AM    852164   6028336     87.61     32068    459572   1045500         0      0.00         0
12:41:41 AM    847856   6032644     87.68     32076    459704   1045500         0      0.00         0
12:41:42 AM    838620   6041880     87.81     32084    459844   1045500         0      0.00         0
12:41:43 AM    819844   6060656     88.08     32092    459968   1045500         0      0.00         0
12:41:44 AM    779488   6101012     88.67     32100    460104   1045500         0      0.00         0
12:41:45 AM    779728   6100772     88.67     32108    460240   1045500         0      0.00         0
12:41:46 AM    779804   6100696     88.67     32116    460376   1045500         0      0.00         0
12:41:47 AM    778848   6101652     88.68     32124    460504   1045500         0      0.00         0
12:41:48 AM    779344   6101156     88.67     32132    460632   1045500         0      0.00         0
12:41:49 AM    779920   6100580     88.66     32140    460768   1045500         0      0.00         0
12:41:50 AM    780148   6100352     88.66     32148    460904   1045500         0      0.00         0
12:41:51 AM    779484   6101016     88.67     32156    461052   1045500         0      0.00         0
12:41:52 AM    779680   6100820     88.67     32164    461168   1045500         0      0.00         0
12:41:53 AM    780396   6100104     88.66     32172    461304   1045500         0      0.00         0
12:41:54 AM    781220   6099280     88.65     32180    461460   1045500         0      0.00         0
12:41:55 AM    781848   6098652     88.64     32188    461588   1045500         0      0.00         0
12:41:56 AM    782920   6097580     88.62     32196    461732   1045500         0      0.00         0
12:41:57 AM    783144   6097356     88.62     32204    461868   1045500         0      0.00         0
12:41:58 AM    784460   6096040     88.60     32212    461992   1045500         0      0.00         0
12:41:59 AM    784468   6096032     88.60     32220    462128   1045500         0      0.00         0
12:42:00 AM    785676   6094824     88.58     32228    462264   1045500         0      0.00         0
12:42:01 AM    786520   6093980     88.57     32236    462396   1045500         0      0.00         0
12:42:02 AM    787188   6093312     88.56     32244    462520   1045500         0      0.00         0
12:42:03 AM    788196   6092304     88.54     32252    462652   1045500         0      0.00         0
12:42:04 AM    788896   6091604     88.53     32260    462780   1045500         0      0.00         0
12:42:05 AM    790184   6090316     88.52     32268    462916   1045500         0      0.00         0
12:42:06 AM    791012   6089488     88.50     32276    463064   1045500         0      0.00         0
12:42:07 AM    792080   6088420     88.49     32284    463188   1045500         0      0.00         0
12:42:08 AM    792308   6088192     88.48     32292    463320   1045500         0      0.00         0
12:42:09 AM    792380   6088120     88.48     32300    463456   1045500         0      0.00         0
12:42:10 AM    793352   6087148     88.47     32308    463584   1045500         0      0.00         0
12:42:11 AM    794112   6086388     88.46     32316    463756   1045500         0      0.00         0
12:42:12 AM    795112   6085388     88.44     32324    463892   1045500         0      0.00         0
12:42:13 AM    796584   6083916     88.42     32332    464020   1045500         0      0.00         0
12:42:14 AM    797304   6083196     88.41     32340    464148   1045500         0      0.00         0
12:42:15 AM    798256   6082244     88.40     32348    464276   1045500         0      0.00         0
12:42:16 AM    798600   6081900     88.39     32356    464408   1045500         0      0.00         0
12:42:17 AM    800176   6080324     88.37     32364    464544   1045500         0      0.00         0
12:42:18 AM    801496   6079004     88.35     32372    464668   1045500         0      0.00         0
12:42:19 AM    802028   6078472     88.34     32380    464792   1045500         0      0.00         0
12:42:20 AM    803380   6077120     88.32     32388    464924   1045500         0      0.00         0
12:42:21 AM    803944   6076556     88.32     32396    465056   1045500         0      0.00         0
12:42:22 AM    805196   6075304     88.30     32404    465196   1045500         0      0.00         0
12:42:23 AM    806136   6074364     88.28     32412    465340   1045500         0      0.00         0
12:42:24 AM    807308   6073192     88.27     32420    465460   1045500         0      0.00         0
12:42:25 AM    808300   6072200     88.25     32428    465588   1045500         0      0.00         0
12:42:26 AM    807748   6072752     88.26     32436    465764   1045500         0      0.00         0
12:42:27 AM    805684   6074816     88.29     32444    465892   1045500         0      0.00         0
12:42:28 AM    805588   6074912     88.29     32452    466020   1045500         0      0.00         0
12:42:29 AM    806664   6073836     88.28     32460    466152   1045500         0      0.00         0
12:42:30 AM    807524   6072976     88.26     32468    466456   1045500         0      0.00         0
12:42:31 AM    808788   6071712     88.25     32476    466592   1045500         0      0.00         0
12:42:32 AM    809324   6071176     88.24     32484    466724   1045500         0      0.00         0
12:42:33 AM    810496   6070004     88.22     32492    466968   1045500         0      0.00         0
12:42:34 AM    811296   6069204     88.21     32500    467104   1045500         0      0.00         0
12:42:35 AM    812848   6067652     88.19     32508    467240   1045500         0      0.00         0
12:42:36 AM    813844   6066656     88.17     32516    467372   1045500         0      0.00         0
12:42:37 AM    814612   6065888     88.16     32524    467544   1045500         0      0.00         0
12:42:38 AM    815596   6064904     88.15     32532    467668   1045500         0      0.00         0
12:42:39 AM    816288   6064212     88.14     32540    467800   1045500         0      0.00         0
12:42:40 AM    817476   6063024     88.12     32548    467928   1045500         0      0.00         0
12:42:41 AM    818476   6062024     88.10     32556    468068   1045500         0      0.00         0
12:42:42 AM    819300   6061200     88.09     32564    468236   1045500         0      0.00         0
12:42:43 AM    820920   6059580     88.07     32572    468364   1045500         0      0.00         0
12:42:44 AM    821764   6058736     88.06     32580    468504   1045500         0      0.00         0
12:42:45 AM    822880   6057620     88.04     32588    468640   1045500         0      0.00         0
12:42:46 AM    823868   6056632     88.03     32596    468784   1045500         0      0.00         0
12:42:47 AM    823076   6057424     88.04     32604    468920   1045500         0      0.00         0
12:42:48 AM    820176   6060324     88.08     32612    469056   1045500         0      0.00         0
12:42:49 AM    816956   6063544     88.13     32620    469232   1045500         0      0.00         0
12:42:50 AM    809732   6070768     88.23     32628    469364   1045500         0      0.00         0
12:42:51 AM    810328   6070172     88.22     32636    469500   1045500         0      0.00         0
12:42:52 AM    810400   6070100     88.22     32644    469632   1045500         0      0.00         0
12:42:53 AM    811112   6069388     88.21     32652    469784   1045500         0      0.00         0
12:42:54 AM    811888   6068612     88.20     32660    469920   1045500         0      0.00         0
12:42:55 AM    810708   6069792     88.22     32668    470060   1045500         0      0.00         0
12:42:56 AM    809020   6071480     88.24     32676    470188   1045500         0      0.00         0
12:42:57 AM    804628   6075872     88.31     32684    470320   1045500         0      0.00         0
12:42:58 AM    804008   6076492     88.31     32692    470444   1045500         0      0.00         0
12:42:59 AM    804820   6075680     88.30     32700    470572   1045500         0      0.00         0
12:43:00 AM    804936   6075564     88.30     32708    470716   1045500         0      0.00         0
12:43:01 AM    805592   6074908     88.29     32716    470888   1045500         0      0.00         0
12:43:02 AM    806660   6073840     88.28     32724    471044   1045500         0      0.00         0
12:43:03 AM    807644   6072856     88.26     32732    471172   1045500         0      0.00         0
12:43:04 AM    808764   6071736     88.25     32740    471304   1045500         0      0.00         0
12:43:05 AM    809696   6070804     88.23     32748    471432   1045500         0      0.00         0
12:43:06 AM    810088   6070412     88.23     32756    471560   1045500         0      0.00         0
12:43:07 AM    811284   6069216     88.21     32764    471684   1045500         0      0.00         0
12:43:08 AM    812868   6067632     88.19     32772    471824   1045500         0      0.00         0
12:43:09 AM    813588   6066912     88.18     32780    472000   1045500         0      0.00         0
12:43:10 AM    814740   6065760     88.16     32788    472136   1045500         0      0.00         0
12:43:11 AM    815776   6064724     88.14     32796    472304   1045500         0      0.00         0
12:43:12 AM    816512   6063988     88.13     32804    472440   1045500         0      0.00         0
12:43:13 AM    817532   6062968     88.12     32812    472560   1045500         0      0.00         0
12:43:14 AM    818596   6061904     88.10     32820    472692   1045500         0      0.00         0
12:43:15 AM    818856   6061644     88.10     32828    472824   1045500         0      0.00         0
12:43:16 AM    820348   6060152     88.08     32836    472956   1045500         0      0.00         0
12:43:17 AM    821624   6058876     88.06     32844    473088   1045500         0      0.00         0
12:43:18 AM    822600   6057900     88.04     32852    473212   1045500         0      0.00         0
12:43:19 AM    823896   6056604     88.03     32860    473340   1045500         0      0.00         0
12:43:20 AM    824960   6055540     88.01     32868    473464   1045500         0      0.00         0
12:43:21 AM    825700   6054800     88.00     32876    473596   1045500         0      0.00         0
12:43:22 AM    826760   6053740     87.98     32884    473764   1045500         0      0.00         0
12:43:23 AM    827760   6052740     87.97     32892    473904   1045500         0      0.00         0
12:43:24 AM    829024   6051476     87.95     32900    474048   1045500         0      0.00         0
12:43:25 AM    828664   6051836     87.96     32908    474180   1045500         0      0.00         0
12:43:26 AM    830296   6050204     87.93     32916    474316   1045500         0      0.00         0
12:43:27 AM    830872   6049628     87.92     32924    474452   1045500         0      0.00         0
12:43:28 AM    832600   6047900     87.90     32932    474588   1045500         0      0.00         0
12:43:29 AM    833044   6047456     87.89     32940    474728   1045500         0      0.00         0
12:43:30 AM    834236   6046264     87.88     32948    474852   1045500         0      0.00         0
12:43:31 AM    835096   6045404     87.86     32956    474984   1045500         0      0.00         0
12:43:32 AM    836288   6044212     87.85     32964    475116   1045500         0      0.00         0
12:43:33 AM    837704   6042796     87.82     32972    475248   1045500         0      0.00         0
12:43:34 AM    838432   6042068     87.81     32980    475384   1045500         0      0.00         0
12:43:35 AM    839528   6040972     87.80     32988    475516   1045500         0      0.00         0
12:43:36 AM    840600   6039900     87.78     32996    475664   1045500         0      0.00         0
12:43:37 AM    839860   6040640     87.79     33004    475780   1045500         0      0.00         0
12:43:38 AM    836644   6043856     87.84     33012    475920   1045500         0      0.00         0
12:43:39 AM    832760   6047740     87.90     33020    476048   1045500         0      0.00         0
12:43:40 AM    824716   6055784     88.01     33028    476188   1045500         0      0.00         0
12:43:41 AM    806520   6073980     88.28     33036    476328   1045500         0      0.00         0
12:43:42 AM    806928   6073572     88.27     33044    476456   1045500         0      0.00         0
12:43:43 AM    807080   6073420     88.27     33052    476588   1045500         0      0.00         0
12:43:44 AM    808308   6072192     88.25     33060    476720   1045500         0      0.00         0
12:43:45 AM    809680   6070820     88.23     33068    476844   1045500         0      0.00         0
12:43:46 AM    810184   6070316     88.22     33076    476972   1045500         0      0.00         0
12:43:47 AM    811440   6069060     88.21     33084    477112   1045500         0      0.00         0
12:43:48 AM    811504   6068996     88.21     33092    477248   1045500         0      0.00         0
12:43:49 AM    812288   6068212     88.19     33100    477420   1045500         0      0.00         0
12:43:50 AM    813520   6066980     88.18     33108    477552   1045500         0      0.00         0
12:43:51 AM    813904   6066596     88.17     33116    477684   1045500         0      0.00         0
12:43:52 AM    814756   6065744     88.16     33124    477816   1045500         0      0.00         0
12:43:53 AM    815212   6065288     88.15     33132    477956   1045500         0      0.00         0
12:43:54 AM    815624   6064876     88.15     33140    478132   1045500         0      0.00         0
12:43:55 AM    817164   6063336     88.12     33148    478260   1045500         0      0.00         0
12:43:56 AM    817676   6062824     88.12     33156    478388   1045500         0      0.00         0
12:43:57 AM    819044   6061456     88.10     33164    478520   1045500         0      0.00         0
12:43:58 AM    819864   6060636     88.08     33172    478656   1045500         0      0.00         0
12:43:59 AM    820940   6059560     88.07     33180    478776   1045500         0      0.00         0
12:44:00 AM    821888   6058612     88.05     33188    478912   1045500         0      0.00         0
12:44:01 AM    823108   6057392     88.04     33196    479048   1045500         0      0.00         0
12:44:02 AM    823804   6056696     88.03     33204    479188   1045500         0      0.00         0
12:44:03 AM    824904   6055596     88.01     33212    479320   1045500         0      0.00         0
12:44:04 AM    826048   6054452     87.99     33220    479480   1045500         0      0.00         0
12:44:05 AM    827148   6053352     87.98     33228    479608   1045500         0      0.00         0
12:44:06 AM    828032   6052468     87.97     33236    479736   1045500         0      0.00         0
12:44:07 AM    829300   6051200     87.95     33244    479884   1045500         0      0.00         0
12:44:08 AM    830060   6050440     87.94     33252    480012   1045500         0      0.00         0
12:44:09 AM    831164   6049336     87.92     33260    480148   1045500         0      0.00         0
12:44:10 AM    832044   6048456     87.91     33268    480280   1045500         0      0.00         0
12:44:11 AM    833120   6047380     87.89     33276    480404   1045500         0      0.00         0
12:44:12 AM    834220   6046280     87.88     33284    480544   1045500         0      0.00         0
12:44:13 AM    835492   6045008     87.86     33292    480660   1045500         0      0.00         0
12:44:14 AM    836656   6043844     87.84     33300    480792   1045500         0      0.00         0
12:44:15 AM    837604   6042896     87.83     33308    480940   1045500         0      0.00         0
12:44:16 AM    839084   6041416     87.80     33316    481060   1045500         0      0.00         0
12:44:17 AM    840136   6040364     87.79     33324    481172   1045500         0      0.00         0
12:44:18 AM    841392   6039108     87.77     33332    481288   1045500         0      0.00         0
12:44:19 AM    842532   6037968     87.75     33340    481392   1045500         0      0.00         0
12:44:20 AM    843600   6036900     87.74     33348    481532   1045500         0      0.00         0
12:44:21 AM    845024   6035476     87.72     33356    481628   1045500         0      0.00         0
12:44:22 AM    846476   6034024     87.70     33364    481716   1045500         0      0.00         0
12:44:23 AM    847712   6032788     87.68     33372    481840   1045500         0      0.00         0
12:44:24 AM    849932   6030568     87.65     33380    481896   1045500         0      0.00         0
12:44:25 AM    851388   6029112     87.63     33388    481956   1045500         0      0.00         0
12:44:26 AM    853440   6027060     87.60     33396    482020   1045500         0      0.00         0
12:44:27 AM    855336   6025164     87.57     33404    482204   1045500         0      0.00         0
12:44:28 AM    856952   6023548     87.55     33412    482256   1045500         0      0.00         0
12:44:29 AM    858500   6022000     87.52     33420    482292   1045500         0      0.00         0
12:44:30 AM    860268   6020232     87.50     33428    482384   1045500         0      0.00         0
12:44:31 AM    861620   6018880     87.48     33436    482404   1045500         0      0.00         0
12:44:32 AM    863044   6017456     87.46     33444    482424   1045500         0      0.00         0
12:44:33 AM    864344   6016156     87.44     33452    482444   1045500         0      0.00         0
12:44:34 AM    865916   6014584     87.41     33460    482456   1045500         0      0.00         0
12:44:35 AM    867212   6013288     87.40     33468    482472   1045500         0      0.00         0
12:44:36 AM    868472   6012028     87.38     33476    482484   1045500         0      0.00         0
12:44:37 AM    869620   6010880     87.36     33484    482496   1045500         0      0.00         0
12:44:38 AM    871048   6009452     87.34     33492    482508   1045500         0      0.00         0
12:44:39 AM    872212   6008288     87.32     33500    482516   1045500         0      0.00         0
12:44:40 AM    873404   6007096     87.31     33508    482516   1045500         0      0.00         0
12:44:41 AM    874664   6005836     87.29     33516    482528   1045500         0      0.00         0
12:44:42 AM    875600   6004900     87.27     33524    482528   1045500         0      0.00         0
12:44:43 AM    876864   6003636     87.26     33532    482528   1045500         0      0.00         0
12:44:44 AM    878148   6002352     87.24     33540    482536   1045500         0      0.00         0
12:44:45 AM    879560   6000940     87.22     33548    482544   1045500         0      0.00         0
12:44:46 AM    880848   5999652     87.20     33556    482536   1045500         0      0.00         0
12:44:47 AM    881884   5998616     87.18     33564    482552   1045500         0      0.00         0
12:44:48 AM    882920   5997580     87.17     33572    482544   1045500         0      0.00         0
12:44:49 AM    884360   5996140     87.15     33580    482560   1045500         0      0.00         0
12:44:50 AM    885664   5994836     87.13     33588    482560   1045500         0      0.00         0
12:44:51 AM    886960   5993540     87.11     33596    482564   1045500         0      0.00         0
12:44:52 AM    887880   5992620     87.10     33604    482556   1045500         0      0.00         0
12:44:53 AM    889492   5991008     87.07     33612    482584   1045500         0      0.00         0
12:44:54 AM    890664   5989836     87.06     33620    482584   1045500         0      0.00         0
12:44:55 AM    891848   5988652     87.04     33628    482584   1045500         0      0.00         0
12:44:56 AM    892852   5987648     87.02     33636    482592   1045500         0      0.00         0
12:44:57 AM    893992   5986508     87.01     33644    482592   1045500         0      0.00         0
12:44:58 AM    895168   5985332     86.99     33652    482584   1045500         0      0.00         0
12:44:59 AM    896692   5983808     86.97     33660    482608   1045500         0      0.00         0
12:45:00 AM    897848   5982652     86.95     33668    482600   1045500         0      0.00         0
12:45:01 AM    899172   5981328     86.93     33676    482616   1045500         0      0.00         0
12:45:02 AM    900452   5980048     86.91     33684    482616   1045500         0      0.00         0
12:45:03 AM    901476   5979024     86.90     33692    482620   1045500         0      0.00         0
12:45:04 AM    902996   5977504     86.88     33700    482628   1045500         0      0.00         0
12:45:05 AM    904584   5975916     86.85     33708    482636   1045500         0      0.00         0
12:45:06 AM    905748   5974752     86.84     33716    482632   1045500         0      0.00         0
12:45:07 AM    906728   5973772     86.82     33724    482644   1045500         0      0.00         0
12:45:08 AM    907756   5972744     86.81     33732    482636   1045500         0      0.00         0
12:45:09 AM    909100   5971400     86.79     33740    482652   1045500         0      0.00         0
12:45:10 AM    910128   5970372     86.77     33748    482644   1045500         0      0.00         0
12:45:11 AM    911704   5968796     86.75     33756    482660   1045500         0      0.00         0
12:45:12 AM    912880   5967620     86.73     33764    482652   1045500         0      0.00         0
12:45:13 AM    914132   5966368     86.71     33772    482672   1045500         0      0.00         0
12:45:14 AM    915308   5965192     86.70     33780    482664   1045500         0      0.00         0
12:45:15 AM    916584   5963916     86.68     33788    482680   1045500         0      0.00         0
12:45:16 AM    917612   5962888     86.66     33796    482672   1045500         0      0.00         0
12:45:17 AM    919176   5961324     86.64     33804    482688   1045500         0      0.00         0
12:45:18 AM    920572   5959928     86.62     33812    482692   1045500         0      0.00         0
12:45:19 AM    921856   5958644     86.60     33820    482696   1045500         0      0.00         0
12:45:20 AM    922772   5957728     86.59     33828    482700   1045500         0      0.00         0
12:45:21 AM    924080   5956420     86.57     33836    482704   1045500         0      0.00         0
12:45:22 AM    925264   5955236     86.55     33844    482700   1045500         0      0.00         0
12:45:23 AM    926508   5953992     86.53     33852    482720   1045500         0      0.00         0
12:45:24 AM    927680   5952820     86.52     33860    482724   1045500         0      0.00         0
12:45:25 AM    928956   5951544     86.50     33868    482720   1045500         0      0.00         0
12:45:26 AM    930224   5950276     86.48     33876    482732   1045500         0      0.00         0
12:45:27 AM    931568   5948932     86.46     33884    482736   1045500         0      0.00         0
12:45:28 AM    932716   5947784     86.44     33892    482732   1045500         0      0.00         0
12:45:29 AM    934084   5946416     86.42     33900    482744   1045500         0      0.00         0
12:45:30 AM    935128   5945372     86.41     33908    482748   1045500         0      0.00         0
12:45:31 AM    936564   5943936     86.39     33916    482752   1045500         0      0.00         0
12:45:32 AM    937600   5942900     86.37     33924    482748   1045500         0      0.00         0
12:45:33 AM    938884   5941616     86.35     33932    482760   1045500         0      0.00         0
12:45:34 AM    940448   5940052     86.33     33940    482768   1045500         0      0.00         0
12:45:35 AM    941552   5938948     86.32     33948    482772   1045500         0      0.00         0
12:45:36 AM    942608   5937892     86.30     33956    482772   1045500         0      0.00         0
12:45:37 AM    944076   5936424     86.28     33964    482780   1045500         0      0.00         0
12:45:38 AM    945252   5935248     86.26     33972    482772   1045500         0      0.00         0
12:45:39 AM    946496   5934004     86.24     33980    482788   1045500         0      0.00         0
Average:       987915   5892585     85.64     32382    464139   1045500         0      0.00         0
