13.16
6.55
8.25
7.00
14.74
9.56
23.83
29.52
14.00
11.81
9.82
18.64
18.37
24.43
27.65
19.54
17.50
18.46
21.03
18.91
24.74
28.54
27.85
23.59
24.87
28.57
27.44
29.82
28.90
29.74
27.84
22.05
28.50
28.31
30.26
29.70
30.43
25.00
33.76
30.08
31.01
31.04
34.94
32.39
36.60
32.47
32.06
36.27
36.34
33.33
36.13
34.44
40.26
36.34
41.21
33.76
41.28
38.56
42.38
40.00
39.69
36.41
34.46
37.66
31.62
36.18
37.98
40.62
38.72
40.05
44.22
42.05
44.13
43.99
48.59
41.03
39.13
45.19
49.10
50.65
46.98
46.74
40.58
45.33
46.11
42.64
39.89
45.22
41.30
42.01
42.97
42.15
43.86
45.83
48.18
41.78
41.75
43.93
41.67
44.78
47.59
46.13
44.39
44.84
43.72
48.98
48.08
46.70
44.62
39.90
47.66
47.03
42.23
44.09
45.12
42.82
40.16
41.38
43.90
48.96
44.36
45.69
46.68
43.27
42.26
42.74
43.11
46.21
41.97
40.79
42.86
45.69
48.59
51.95
50.90
46.43
43.83
50.52
44.13
43.81
47.26
45.55
44.24
46.77
45.03
47.40
46.97
44.39
45.31
44.59
44.21
48.45
45.71
41.78
41.19
48.10
45.14
46.68
44.83
44.36
46.15
44.59
47.89
42.52
40.53
47.09
44.50
47.24
46.68
45.45
45.10
44.36
44.70
47.16
46.65
45.55
45.64
47.69
48.56
47.80
47.15
46.98
42.89
47.40
47.68
45.98
45.00
46.23
46.70
47.73
50.39
48.09
45.50
41.95
43.54
45.08
44.96
43.75
45.10
46.60
45.15
45.18
44.42
46.33
44.44
46.31
42.24
44.67
42.93
45.84
41.18
48.88
44.39
41.34
44.13
43.15
41.65
42.01
40.47
39.06
42.04
40.21
37.83
42.93
43.30
42.97
42.82
42.05
42.71
37.63
42.05
42.42
41.79
41.53
41.03
43.23
42.23
43.38
40.57
38.42
42.49
43.62
54.12
42.67
42.75
42.52
41.98
41.33
43.37
42.89
44.68
40.36
40.57
43.81
40.10
43.51
40.51
41.62
42.82
46.65
50.00
42.86
42.82
42.36
43.91
42.00
42.86
41.37
41.47
43.23
41.97
43.70
40.58
42.34
43.19
39.95
38.38
43.81
42.56
42.86
42.93
43.88
42.60
41.04
40.72
40.31
41.77
41.22
42.42
40.26
43.65
40.51
40.68
41.39
38.78
39.90
43.19
39.22
44.33
38.93
43.11
44.36
41.06
45.01
42.60
45.05
41.90
45.41
40.05
42.26
42.23
41.71
43.19
41.47
41.47
43.41
42.19
42.53
44.85
39.23
36.34
36.72
38.99
39.39
36.15
32.12
33.68
35.90
32.47
34.21
28.76
32.23
28.06
27.01
31.27
26.28
26.97
25.84
25.84
25.38
25.77
26.52
24.48
26.21
22.62
23.79
25.19
23.79
23.86
20.82
24.04
21.72
20.00
19.23
20.00
21.48
20.10
24.62
19.13
22.86
19.54
19.07
18.62
17.95
17.60
20.20
19.02
18.88
18.99
17.74
18.88
19.85
17.53
14.47
13.70
15.86
19.02
15.56
13.74
13.59
11.68
12.28
12.56
10.28
14.29
11.03
9.85
6.53
6.11
6.52
8.93
8.95
6.30
6.05
5.00
5.57
4.02
5.53
3.02
