40.16
40.17
40.20
40.26
40.39
40.53
40.61
40.62
40.67
40.72
40.73
40.81
41.03
41.37
41.86
41.93
41.99
42.08
42.12
42.26
42.47
42.97
43.42
43.81
44.32
44.83
45.44
46.09
46.82
47.48
48.18
48.89
49.43
50.04
50.69
51.42
51.96
52.32
53.26
54.08
54.89
55.69
56.49
57.22
58.02
58.80
59.51
60.27
61.09
61.90
62.70
63.53
64.33
65.18
65.86
66.42
66.99
67.70
68.48
69.18
69.91
70.05
70.15
70.31
70.44
70.54
70.76
71.17
71.84
72.54
73.23
73.91
74.63
75.43
76.13
76.77
77.02
77.75
78.50
79.24
79.95
80.64
80.73
80.81
80.91
80.98
81.05
81.11
81.16
81.16
81.17
81.19
81.22
81.25
81.26
81.26
81.27
81.27
81.29
81.30
81.32
81.36
81.42
81.50
81.67
82.03
82.65
82.66
82.65
82.66
82.65
82.66
82.68
82.69
82.69
82.69
82.70
82.70
82.69
82.70
82.71
82.76
82.84
82.83
82.85
82.90
82.99
82.99
83.01
83.07
83.16
83.35
83.68
84.33
84.99
85.01
85.02
85.03
85.05
85.06
85.07
85.12
85.13
85.14
85.12
85.10
85.10
85.09
85.09
85.11
85.11
85.13
85.16
85.19
85.21
85.25
85.28
85.48
85.50
85.54
85.56
85.58
85.61
85.59
85.61
85.64
85.63
85.63
85.65
85.69
85.78
85.79
85.81
85.85
85.94
85.93
85.93
85.91
85.94
85.99
85.99
85.97
85.96
85.95
85.94
85.93
85.94
85.99
86.07
86.23
86.58
86.57
86.56
86.54
86.53
86.53
86.52
86.52
86.53
86.51
86.52
86.54
86.57
86.57
86.59
86.64
86.71
86.71
86.72
86.72
86.75
86.73
86.71
86.70
86.68
86.69
86.68
86.65
86.64
86.63
86.61
86.59
86.57
86.56
86.54
86.53
86.54
86.57
86.57
86.56
86.54
86.53
86.52
86.50
86.47
86.46
86.44
86.43
86.41
86.39
86.38
86.38
86.37
86.36
86.38
86.41
86.40
86.37
86.36
86.34
86.34
86.32
86.31
86.30
86.28
86.26
86.29
86.31
86.40
86.56
86.85
86.87
86.85
86.88
86.91
87.01
87.02
87.01
87.00
87.00
86.98
86.97
86.95
86.94
86.92
86.91
86.89
86.88
86.86
86.84
86.83
86.81
86.79
86.78
86.76
86.73
86.76
86.80
86.87
86.87
86.88
86.88
86.86
86.85
86.84
86.82
86.80
86.79
86.78
86.77
86.74
86.72
86.71
86.69
86.68
86.66
86.65
86.63
86.61
86.58
86.58
86.56
86.54
86.53
86.51
86.50
86.47
86.45
86.43
86.42
86.40
86.38
86.36
86.35
86.33
86.31
86.29
86.28
86.25
86.24
86.22
86.19
86.17
86.15
86.13
86.11
86.09
86.07
86.04
86.02
86.00
85.98
85.95
85.93
85.91
85.89
85.86
85.83
85.81
85.80
85.78
85.76
85.73
85.72
85.69
85.67
85.65
85.63
85.60
85.58
85.56
85.54
85.52
85.49
85.48
85.45
85.43
85.41
85.37
85.36
85.34
85.32
85.30
85.28
85.25
85.23
85.22
85.20
85.17
85.14
85.13
85.11
85.09
85.07
85.05
85.07
85.03
85.00
84.98
84.96
84.94
84.92
84.90
84.88
84.86
84.84
84.82
84.79
84.77
84.75
