12.16
7.67
5.85
8.77
17.21
12.96
23.70
33.00
13.64
15.58
12.44
19.85
17.74
26.46
20.36
20.97
21.24
20.15
22.86
23.48
25.32
25.45
30.77
24.49
22.84
25.19
22.67
27.11
25.82
24.23
20.88
24.55
26.26
19.43
24.30
28.10
33.59
27.34
26.21
27.96
27.58
29.44
32.24
33.59
33.08
33.59
30.43
27.06
28.97
27.48
28.13
30.98
27.85
25.26
30.63
30.95
26.15
32.14
35.73
33.42
33.42
26.11
29.41
24.74
30.41
27.14
26.92
28.50
32.65
24.29
30.36
27.98
28.46
29.59
26.89
30.33
28.75
29.05
25.45
26.46
27.34
29.05
29.82
30.79
31.70
29.90
30.79
28.39
27.95
26.09
26.84
29.49
27.51
26.80
27.48
28.53
28.86
29.26
31.23
28.21
29.95
29.67
27.37
26.65
28.24
26.82
31.38
25.64
28.57
28.93
29.31
32.24
30.26
31.20
28.53
28.86
32.91
28.97
27.65
28.57
27.32
28.32
26.22
30.33
29.47
27.91
27.51
28.28
28.57
28.24
28.68
30.51
28.05
28.76
26.92
29.95
26.40
31.12
27.88
26.03
30.49
27.37
26.55
26.97
35.11
29.34
32.83
29.41
28.07
27.04
33.42
35.20
32.47
28.42
30.96
27.32
33.33
27.08
27.30
27.74
27.91
27.30
26.99
31.55
26.80
30.33
29.09
31.51
27.81
28.80
31.06
30.91
28.16
28.46
26.34
29.34
25.32
25.26
27.95
27.27
25.71
23.38
27.30
26.87
29.90
27.11
24.81
29.67
27.32
29.77
27.16
28.72
30.23
30.93
26.80
29.12
30.48
28.64
28.94
26.37
31.74
29.27
28.35
29.74
28.79
29.26
27.25
26.23
29.16
31.96
27.95
27.01
26.30
27.18
29.77
29.59
28.53
29.77
30.05
27.20
28.93
28.72
29.23
29.05
30.69
28.50
30.96
29.08
29.43
26.85
28.28
29.35
26.53
29.00
31.30
30.05
29.44
29.49
28.97
30.59
26.85
29.41
30.28
27.23
26.96
30.83
31.57
29.40
26.97
27.99
28.12
27.62
24.87
24.03
30.03
27.27
25.46
31.89
23.83
28.17
27.37
29.01
26.10
26.80
29.61
27.49
28.75
27.98
26.30
28.35
29.97
28.76
27.44
30.38
27.72
26.09
29.79
29.87
28.68
31.47
31.52
32.56
30.15
28.72
27.55
25.26
28.43
32.05
29.19
26.21
26.67
30.89
26.44
27.30
31.66
26.87
29.38
24.68
25.96
29.82
28.17
28.46
27.58
26.22
28.87
25.45
29.31
26.97
28.68
28.72
28.03
29.31
27.84
29.82
26.30
28.03
30.33
26.99
30.81
29.31
25.71
26.33
25.26
25.19
21.91
18.99
22.48
24.30
23.21
17.35
15.68
17.22
13.30
15.27
10.49
11.96
12.18
7.42
8.14
7.85
7.58
5.53
6.05
4.79
5.05
6.73
4.02
4.53
5.82
3.99
2.26
3.02
3.27
3.02
2.26
2.51
1.75
2.25
1.75
2.25
2.01
2.00
2.26
1.25
1.75
2.01
1.50
1.25
0.75
1.75
2.00
1.00
2.01
1.01
2.24
1.50
1.50
1.75
1.50
1.25
1.50
1.75
1.25
1.75
1.75
1.00
1.75
1.50
1.50
1.25
1.50
0.75
1.74
1.25
1.75
0.75
1.25
1.00
1.25
1.25
