27.46
27.47
27.48
27.53
27.62
27.81
28.03
28.05
28.07
28.10
28.14
28.25
28.39
28.75
28.79
28.81
28.86
28.90
28.98
29.16
29.42
29.81
30.10
30.46
30.60
30.71
30.77
30.86
31.00
31.06
31.22
31.35
31.41
31.50
31.63
31.87
32.30
32.39
32.87
33.36
33.86
34.34
34.84
35.35
35.84
36.39
36.92
36.99
37.07
37.10
37.18
37.22
37.26
37.32
37.37
37.46
37.60
37.86
38.32
38.81
39.32
39.35
39.39
39.41
39.43
39.45
39.47
39.50
39.52
39.57
39.58
39.58
39.59
39.58
39.58
39.57
39.57
39.58
39.58
39.60
39.62
39.68
39.81
40.04
40.08
40.07
40.08
40.09
40.10
40.09
40.08
40.12
40.08
40.08
40.08
40.08
40.08
40.10
40.14
40.20
40.31
40.32
40.32
40.31
40.30
40.29
40.29
40.28
40.28
40.27
40.29
40.32
40.37
40.50
40.49
40.48
40.49
40.53
40.58
40.59
40.59
40.58
40.57
40.56
40.55
40.54
40.53
40.51
40.49
40.49
40.48
40.47
40.46
40.44
40.43
40.42
40.43
40.46
40.52
40.51
40.51
40.50
40.49
40.48
40.49
40.51
40.51
40.52
40.55
40.60
40.72
40.97
41.42
41.42
41.41
41.41
41.41
41.40
41.39
41.41
41.41
41.40
41.39
41.38
41.37
41.36
41.35
41.34
41.33
41.31
41.31
41.31
41.30
41.31
41.33
41.35
41.40
41.39
41.38
41.37
41.36
41.35
41.34
41.33
41.31
41.30
41.29
41.28
41.27
41.25
41.24
41.23
41.21
41.20
41.19
41.17
41.16
41.15
41.14
41.14
41.15
41.16
41.15
41.15
41.14
41.12
41.10
41.09
41.09
41.08
41.06
41.05
41.04
41.02
41.03
41.02
41.02
41.00
40.99
40.97
40.96
40.94
40.93
40.92
40.90
40.89
40.88
40.86
40.85
40.83
40.82
40.82
40.81
40.82
40.84
40.90
41.00
41.00
40.99
40.98
40.97
40.95
40.94
40.93
40.93
40.91
40.89
40.88
40.87
40.85
40.84
40.82
40.81
40.80
40.81
40.84
40.85
40.86
40.85
40.84
40.83
40.81
40.80
40.79
40.78
40.77
40.75
40.74
40.73
40.71
40.70
40.68
40.67
40.66
40.65
40.63
40.63
40.64
40.66
40.72
40.82
41.05
41.06
41.05
41.05
41.04
41.03
41.01
41.00
41.00
40.99
41.00
40.99
40.98
40.96
40.95
40.94
40.93
40.91
40.91
40.90
40.88
40.87
40.86
40.84
40.82
40.81
40.80
40.79
40.77
40.75
40.74
40.73
40.71
40.71
40.69
40.68
40.67
40.65
40.64
40.62
40.61
40.59
40.58
40.56
40.54
40.54
40.53
40.51
40.50
40.47
40.45
40.43
40.42
40.40
40.39
40.37
40.35
40.34
40.32
40.31
40.29
40.28
40.26
40.24
40.23
40.21
40.20
40.19
40.17
40.15
40.14
40.13
40.11
40.09
40.08
40.06
40.05
40.04
40.02
40.01
39.99
39.97
39.96
39.95
39.93
39.91
39.90
39.88
39.87
39.85
39.84
39.83
39.81
39.79
39.78
39.76
39.75
39.73
39.72
39.70
39.69
39.67
39.66
39.64
39.63
39.61
39.60
39.58
39.57
39.56
39.54
39.52
39.51
39.49
39.48
39.46
39.45
39.43
39.42
