Linux 3.13.0-43-generic (Apollo) 	2015-07-23 	_x86_64_	(4 CPU)

02:36:49    kbmemfree kbmemused  %memused kbbuffers  kbcached  kbcommit   %commit  kbactive   kbinact   kbdirty
02:36:50      2156872   1851840     46.20     45140   1128120   2339852     28.66   1330524    381268      2860
02:36:51      2156856   1851856     46.20     45140   1128124   2339852     28.66   1330568    381264      2864
02:36:52      2048268   1960444     48.90     45144   1128120   2584292     31.66   1439636    381264      2864
02:36:53      2046088   1962624     48.96     45144   1128160   2584292     31.66   1441760    381296      2900
02:36:54      2046080   1962632     48.96     45152   1128152   2584292     31.66   1441760    381296      2900
02:36:55      2045832   1962880     48.97     45152   1128160   2584292     31.66   1442152    381304      2928
02:36:56      2045800   1962912     48.97     45152   1128160   2584292     31.66   1442152    381304      2928
02:36:57      2045800   1962912     48.97     45152   1128160   2584292     31.66   1442156    381304      2928
02:36:58      2045800   1962912     48.97     45152   1128160   2584292     31.66   1442156    381304      2928
02:36:59      2041236   1967476     49.08     46392   1130880   2589440     31.72   1443196    383656      2932
02:37:00      2030244   1978468     49.35     50596   1133304   2589440     31.72   1447412    386572      4036
02:37:01      2019080   1989632     49.63     56400   1134412   2589440     31.72   1449660    391192      4652
02:37:02      2007740   2000972     49.92     64296   1135632   2589440     31.72   1452216    398840      4584
02:37:03      1996956   2011756     50.18     70796   1137820   2589440     31.72   1454292    405476      5560
02:37:04      1987352   2021360     50.42     76548   1138464   2589440     31.72   1457356    408840      6500
02:37:05      1972948   2035764     50.78     84952   1139528   2589440     31.72   1461300    414128      6992
02:37:06      1964336   2044376     51.00     89892   1140148   2589440     31.72   1464680    416560      7172
02:37:07      1962468   2046244     51.04     91652   1140332   2672136     32.73   1467688    417684      7328
02:37:08      1956932   2051780     51.18     93428   1135764   2692316     32.98   1475884    412972      2836
02:37:09      1952980   2055732     51.28     94012   1135756   2700828     33.09   1483804    401756      4236
02:37:10      1951744   2056968     51.31     94292   1135868   2716888     33.28   1484460    401744      4168
02:37:11      1950496   2058216     51.34     94608   1135852   2732948     33.48   1484940    401796      4228
02:37:12      1949588   2059124     51.37     94868   1135660   2749008     33.68   1485464    401764      4304
02:37:13      1948020   2060692     51.41     95180   1135848   2765068     33.87   1486336    401820      4340
02:37:14      1946792   2061920     51.44     95488   1135848   2785088     34.12   1487008    401868      4392
02:37:15      1945648   2063064     51.46     95784   1135872   2801148     34.31   1487364    401908      4440
02:37:16      1944080   2064632     51.50     96092   1135876   2817208     34.51   1488068    401976      4480
02:37:17      1945720   2062992     51.46     96356   1135696   2828596     34.65   1485724    402028      4520
02:37:18      1945892   2062820     51.46     96356   1135816   2843564     34.83   1485804    401944      4528
02:37:19      1944672   2064040     51.49     96356   1135816   2875684     35.23   1486184    401944      4528
02:37:20      1942352   2066360     51.55     96364   1135816   2940012     36.02   1487156    401944      4548
02:37:21      1937760   2070952     51.66     96364   1135816   3068580     37.59   1488984    401952      4548
02:37:22      1928188   2080524     51.90     96364   1135820   3325540     40.74   1492720    401952      2216
02:37:23      1908688   2100024     52.39     96364   1135820   3839460     47.03   1500472    401952      2224
02:37:24      1887824   2120888     52.91     96364   1135824   4357296     53.38   1508092    401952      2228
02:37:25      1859076   2149636     53.62     96372   1135828   4871316     59.68   1520136    401952      2240
02:37:26      1857884   2150828     53.65     96372   1135876   4879040     59.77   1521352    401964      2288
02:37:27      1834952   2173760     54.23     96372   1135912   5392960     66.07   1530068    401976      2288
02:37:28      1810472   2198240     54.84     96372   1135944   5914704     72.46   1540512    401992      2304
02:37:29      1783428   2225284     55.51     96372   1135964   6428632     78.75   1553736    401988      2320
02:37:30      1758520   2250192     56.13     96380   1135968   6950468     85.15   1564452    401988      2336
02:37:31      1730984   2277728     56.82     96380   1135992   7464388     91.44   1577772    401996      2352
02:37:32      1703256   2305456     57.51     96380   1136060   7986460     97.84   1591892    402028      2360
02:37:33      1666596   2342116     58.43     96380   1136092   8504648    104.18   1612696    402040      2392
02:37:34      1631792   2376920     59.29     96380   1136144   9026516    110.58   1632656    402040      2428
02:37:35      1590612   2418100     60.32     96388   1136192   9549024    116.98   1657784    402052      2464
02:37:36      1550128   2458584     61.33     96388   1136244  10072556    123.39   1682492    402064      2508
02:37:37      1518632   2490080     62.12     96388   1136296  10591748    129.75   1698892    402088       364
02:37:38      1512356   2496356     62.27     96388   1136332  10688416    130.94   1702256    402104       384
02:37:39      1501824   2506888     62.54     96388   1136376  10692376    130.98   1711220    402128       408
02:37:40      1486336   2522376     62.92     96396   1136416  10704336    131.13   1726204    402056       452
02:37:41      1467020   2541692     63.40     96396   1136484  10712396    131.23   1742780    402076       504
02:37:42      1450472   2558240     63.82     96396   1136560  10728472    131.43   1757828    402004        72
02:37:43      1437712   2571000     64.14     96396   1136628  10740364    131.57   1769472    402000       100
02:37:44      1429644   2579068     64.34     96396   1136700  10744384    131.62   1777124    402028       144
02:37:45      1423128   2585584     64.50     96404   1136732  10748300    131.67   1783048    402024       172
02:37:46      1411648   2597064     64.79     96404   1136776  10756220    131.77   1793644    401872       212
02:37:47      1405792   2602920     64.93     96404   1136824  10760200    131.82   1799232    401792       244
02:37:48      1397024   2611688     65.15     96404   1136892  10764212    131.86   1807800    401576       284
02:37:49      1391156   2617556     65.30     96404   1136968  10772096    131.96   1813048    401496       320
02:37:50      1386752   2621960     65.41     96412   1137016  10772096    131.96   1817800    401368       360
02:37:51      1380620   2628092     65.56     96412   1137096  10776012    132.01   1822820    401268       396
02:37:52      1377028   2631684     65.65     96412   1137176  10783960    132.11   1826620    400956       412
02:37:53      1371580   2637132     65.79     96412   1137228  10787976    132.16   1830916    400960       444
02:37:54      1367740   2640972     65.88     96412   1137304  10787976    132.16   1835084    400852       480
02:37:55      1355836   2652876     66.18     96420   1137352  10799788    132.30   1845112    400824       512
02:37:56      1351052   2657660     66.30     96420   1137448  10803800    132.35   1849928    400664       568
02:37:57      1349780   2658932     66.33     96420   1137532  10803800    132.35   1851128    400524       584
02:37:58      1346324   2662388     66.42     96420   1137656  10803800    132.35   1854184    400512       628
02:37:59      1344916   2663796     66.45     96420   1137776  10807832    132.40   1855184    400512       664
02:38:00      1342276   2666436     66.52     96428   1137860  10811760    132.45   1858036    400552       704
02:38:01      1341084   2667628     66.55     96428   1137952  10811760    132.45   1859476    400432       756
02:38:02      1337104   2671608     66.65     96428   1138040  10819728    132.54   1864568    400364       844
02:38:03      1335740   2672972     66.68     96428   1138080  10819728    132.54   1866620    400168       900
02:38:04      1331420   2677292     66.79     96428   1138184  10823648    132.59   1869800    400204       964
02:38:05      1330148   2678564     66.82     96436   1138212  10823648    132.59   1870632    400200       996
02:38:06      1328344   2680368     66.86     96436   1138516  10827592    132.64   1872048    400284      1052
02:38:07      1321520   2687192     67.03     96436   1138820  10827592    132.64   1876252    400476      1112
02:38:08      1320076   2688636     67.07     96436   1138880  10827592    132.64   1877692    400356      1160
02:38:09      1317888   2690824     67.12     96436   1138964  10827592    132.64   1879664    400396      1192
02:38:10      1313708   2695004     67.23     96444   1139088  10835616    132.74   1883696    400204      1296
02:38:11      1305388   2703324     67.44     96444   1139212  10843624    132.84   1891544    400288      1344
02:38:12      1303032   2705680     67.49     96444   1139340  10851636    132.94   1895112    400068       308
02:38:13      1300792   2707920     67.55     96444   1139472  10851636    132.94   1897208    400128       384
02:38:14      1297064   2711648     67.64     96444   1139572  10851636    132.94   1900480    400148       476
02:38:15      1296192   2712520     67.67     96452   1139652  10855628    132.98   1901436    400024       520
02:38:16      1294028   2714684     67.72     96452   1139740  10855628    132.98   1903328    400012       612
02:38:17      1291576   2717136     67.78     96452   1139804  10859544    133.03   1906004    399956       644
02:38:18      1289916   2718796     67.82     96452   1139872  10863468    133.08   1907732    399972       692
02:38:19      1288532   2720180     67.86     96452   1139928  10863468    133.08   1909268    399968       732
02:38:20      1286908   2721804     67.90     96460   1140016  10863468    133.08   1910808    400004       772
02:38:21      1283816   2724896     67.97     96460   1140124  10871308    133.18   1913764    400032       804
02:38:22      1281008   2727704     68.04     96460   1140200  10871308    133.18   1916436    399856       828
02:38:23      1278684   2730028     68.10     96460   1140260  10871308    133.18   1918504    399732       868
02:38:24      1275396   2733316     68.18     96460   1140344  10871308    133.18   1922032    399656       904
02:38:25      1274384   2734328     68.21     96468   1140396  10871308    133.18   1923032    399660       964
02:38:26      1272588   2736124     68.25     96468   1140472  10875224    133.22   1924824    399664      1008
02:38:27      1271300   2737412     68.29     96468   1140552  10879168    133.27   1926256    399628      1064
02:38:28      1266472   2742240     68.41     96468   1140896  10879168    133.27   1929312    399828      1132
02:38:29      1265768   2742944     68.42     96468   1141144  10883176    133.32   1931336    399764      1192
02:38:30      1263336   2745376     68.49     96476   1141216  10883176    133.32   1932604    399748      1236
02:38:31      1261000   2747712     68.54     96476   1141280  10887224    133.37   1935472    399720      1292
02:38:32      1257232   2751480     68.64     96476   1141380  10887224    133.37   1938236    399708       984
02:38:33      1257188   2751524     68.64     96476   1141488  10895204    133.47   1938572    399672      1092
02:38:34      1255808   2752904     68.67     96476   1141584  10895204    133.47   1940300    399628      1180
02:38:35      1254272   2754440     68.71     96484   1141664  10899120    133.52   1942336    399612      1240
02:38:36      1252268   2756444     68.76     96484   1141740  10899120    133.52   1944436    399628      1292
02:38:37      1250536   2758176     68.80     96484   1141860  10899120    133.52   1945716    399648      1332
02:38:38      1248872   2759840     68.85     96484   1141916  10899120    133.52   1947276    399668      1384
02:38:39      1247568   2761144     68.88     96484   1142132  10899120    133.52   1948564    399816      1480
02:38:40      1246736   2761976     68.90     96492   1142192  10899120    133.52   1949280    399820      1536
02:38:41      1245180   2763532     68.94     96492   1142304  10903052    133.57   1951364    399872      1584
02:38:42      1241236   2767476     69.04     96492   1142744  10906988    133.61   1954816    400176       432
02:38:43      1234220   2774492     69.21     96492   1143180  10914896    133.71   1960504    400472       488
02:38:44      1233076   2775636     69.24     96492   1143328  10914896    133.71   1962516    400524       568
02:38:45      1227228   2781484     69.39     96500   1143740  10914896    133.71   1967520    400840       644
02:38:46      1223936   2784776     69.47     96500   1143920  10918908    133.76   1969648    400952       728
02:38:47      1224964   2783748     69.44     96500   1143968  10918908    133.76   1970292    400940       776
02:38:48      1220208   2788504     69.56     96500   1144780  10918908    133.76   1974036    401348       828
02:38:49      1217980   2790732     69.62     96500   1144884  10926856    133.86   1975536    401356       884
02:38:50      1217396   2791316     69.63     96508   1145000  10930892    133.91   1975608    401400       948
02:38:51      1213840   2794872     69.72     96508   1145072  10930892    133.91   1978804    401364      1052
02:38:52      1210936   2797776     69.79     96508   1145168  10934832    133.95   1981676    401408      1084
02:38:53      1211128   2797584     69.79     96508   1145344  10934832    133.95   1981956    401484      1184
02:38:54      1208716   2799996     69.85     96508   1145456  10938796    134.00   1983824    401520      1268
02:38:55      1205184   2803528     69.94     96516   1145744  10938796    134.00   1987316    401696      1320
02:38:56      1207572   2801140     69.88     96516   1145836  10938276    134.00   1985816    401712      1376
02:38:57      1203084   2805628     69.99     96516   1146316  10942292    134.05   1989476    402092      1484
02:38:58      1202056   2806656     70.01     96516   1146408  10946216    134.09   1990160    402136      1548
02:38:59      1199944   2808768     70.07     96516   1146496  10946216    134.09   1993080    402128      1652
02:39:00      1196624   2812088     70.15     96524   1146604  10950224    134.14   1996416    402180      1776
02:39:01      1158460   2850252     71.10     96524   1152372  10954424    134.19   2000844    407388      1916
02:39:02      1161528   2847184     71.02     96524   1152460  10954424    134.19   1999196    407376      2004
02:39:03      1161752   2846960     71.02     96524   1152552  10953172    134.18   1997924    407432      2040
02:39:04      1160916   2847796     71.04     96524   1152640  10953172    134.18   1999384    407468      2104
02:39:05      1158332   2850380     71.10     96532   1153044  10953172    134.18   2001368    407824      2140
02:39:06      1155572   2853140     71.17     96532   1153224  10953172    134.18   2003976    407952      2248
02:39:07      1151184   2857528     71.28     96536   1153512  10957172    134.23   2008040    408120      1352
02:39:08      1147640   2861072     71.37     96536   1153628  10957172    134.23   2011324    408160      1228
02:39:09      1146796   2861916     71.39     96536   1153700  10961088    134.28   2012248    408144      1352
02:39:10      1146968   2861744     71.39     96544   1153784  10965008    134.32   2013092    408180      1444
02:39:11      1143628   2865084     71.47     96544   1153852  10969036    134.37   2015624    408172      1540
02:39:12      1145276   2863436     71.43     96544   1154004  10969036    134.37   2014524    408276       592
02:39:13      1144144   2864568     71.46     96544   1154056  10969036    134.37   2015416    408264       620
02:39:14      1138848   2869864     71.59     96544   1154588  10972976    134.42   2020336    408584       684
02:39:15      1134032   2874680     71.71     96552   1155348  10972976    134.42   2023872    409288       736
02:39:16      1132856   2875856     71.74     96552   1155552  10972976    134.42   2025068    409484       804
02:39:17      1131224   2877488     71.78     96552   1155776  10972976    134.42   2026800    409688       700
02:39:18      1128324   2880388     71.85     96552   1155808  10972976    134.42   2029812    409680       796
02:39:19      1124068   2884644     71.96     96552   1155992  10976944    134.47   2033324    409764       964
02:39:20      1122076   2886636     72.01     96560   1156164  10976944    134.47   2035352    409908      1048
02:39:21      1117384   2891328     72.13     96560   1156240  10980960    134.52   2039792    409928      1124
02:39:22      1114804   2893908     72.19     96560   1156568  10985008    134.57   2042084    410160      1192
02:39:23      1112512   2896200     72.25     96560   1156648  10985008    134.57   2043524    410164      1128
02:39:24      1108672   2900040     72.34     96560   1157492  10993008    134.67   2044512    410752      1196
02:39:25      1109960   2898752     72.31     96568   1157556  10993008    134.67   2046864    410736      1256
02:39:26      1109532   2899180     72.32     96568   1157632  10997016    134.72   2046592    410764      1368
02:39:27      1108736   2899976     72.34     96568   1157712  10997016    134.72   2047380    410780      1460
02:39:28      1107320   2901392     72.38     96568   1157776  10990740    134.64   2047844    410788      1496
02:39:29      1104636   2904076     72.44     96568   1157880  10994792    134.69   2051424    410836      1604
02:39:30      1105236   2903476     72.43     96576   1157944  10994792    134.69   2050412    410824      1708
02:39:31      1103092   2905620     72.48     96576   1158360  10994792    134.69   2052172    411180      1772
02:39:32      1102576   2906136     72.50     96576   1158400  10994792    134.69   2052464    411192      1828
02:39:33      1101892   2906820     72.51     96576   1158680  11002636    134.79   2053684    411500      1860
02:39:34      1096936   2911776     72.64     96576   1159332  11002636    134.79   2057900    411984      1964
02:39:35      1093344   2915368     72.73     96584   1159944  11002636    134.79   2061260    412352      2004
02:39:36      1091760   2916952     72.77     96584   1160080  11002636    134.79   2062696    412432      2084
02:39:37      1088596   2920116     72.84     96588   1160140  11002636    134.79   2065156    412452        68
02:39:38      1085204   2923508     72.93     96588   1160840  11002636    134.79   2068824    412736       148
02:39:39      1082604   2926108     72.99     96588   1161324  11006676    134.83   2071044    413020       256
02:39:40      1077468   2931244     73.12     96596   1161364  11014520    134.93   2073988    413144       356
02:39:41      1074340   2934372     73.20     96596   1161784  11014520    134.93   2079124    413396       504
02:39:42      1074192   2934520     73.20     96596   1162096  11018568    134.98   2079216    413624       536
02:39:43      1064196   2944516     73.45     96596   1162168  11018568    134.98   2088636    413656       588
02:39:44      1061236   2947476     73.53     96596   1162500  11022548    135.03   2091032    414056       636
02:39:45      1059988   2948724     73.56     96604   1162708  11022548    135.03   2091936    414048       732
02:39:46      1059120   2949592     73.58     96604   1162800  11026464    135.08   2093096    414072       832
02:39:47      1058964   2949748     73.58     96604   1162844  11026464    135.08   2092932    414052       904
02:39:48      1054108   2954604     73.70     96604   1163260  11026464    135.08   2098024    414300       948
02:39:49      1053772   2954940     73.71     96604   1163364  11026464    135.08   2098592    414476       992
02:39:50      1050112   2958600     73.80     96612   1163724  11030416    135.13   2101736    414740      1072
02:39:51      1047676   2961036     73.87     96612   1163768  11034460    135.18   2103796    414764      1116
02:39:52      1050600   2958112     73.79     96612   1163852  11032376    135.15   2101892    414804      1208
02:39:53      1048192   2960520     73.85     96612   1163924  11032376    135.15   2103732    414824      1272
02:39:54      1045600   2963112     73.92     96612   1164452  11032376    135.15   2106268    415132      1384
02:39:55      1046324   2962388     73.90     96620   1164444  11036320    135.20   2105820    415172      1460
02:39:56      1044248   2964464     73.95     96620   1164508  11036320    135.20   2107652    415196      1488
02:39:57      1042472   2966240     73.99     96620   1164568  11036320    135.20   2109180    415172      1604
02:39:58      1040644   2968068     74.04     96620   1164732  11036320    135.20   2111380    415256      1740
02:39:59      1042724   2965988     73.99     96620   1164792  11044240    135.30   2109100    415252      1836
02:40:00      1038936   2969776     74.08     96620   1164844  11048156    135.34   2113076    415236      1932
02:40:01      1035556   2973156     74.17     96628   1164868  11048156    135.34   2115752    415088      1964
02:40:02      1038152   2970560     74.10     96628   1164904  11048128    135.34   2112720    414924      2048
02:40:03      1039888   2968824     74.06     96628   1164940  11048128    135.34   2114004    414924      2100
02:40:04      1037384   2971328     74.12     96628   1164960  11048128    135.34   2116092    414920      2148
02:40:05      1035132   2973580     74.18     96628   1165232  11048128    135.34   2118324    415148      2192
02:40:06      1036928   2971784     74.13     96636   1165260  11048128    135.34   2117456    415144      2224
02:40:07      1035440   2973272     74.17     96636   1165328  11052760    135.40   2119848    415124      1540
02:40:08      1037068   2971644     74.13     96636   1165332  11052760    135.40   2118280    415128      1428
02:40:09      1038588   2970124     74.09     96636   1165340  11031336    135.14   2116504    415132      1436
Average:      1376691   2632021     65.66     92927   1145620   9272621    113.59   1858042    404018      1668
