36.00
8.08
11.75
12.15
15.26
20.99
21.27
28.03
37.03
20.51
19.20
23.53
24.17
32.04
24.75
34.35
34.01
22.76
27.46
27.07
27.53
34.00
37.28
33.93
28.50
31.19
33.33
30.49
31.43
33.94
35.34
37.79
36.27
35.43
36.29
34.45
34.44
35.10
39.09
42.09
43.48
45.27
43.32
45.14
46.72
50.00
46.95
47.80
48.96
48.33
52.02
53.40
55.36
62.09
73.52
81.73
74.48
87.53
91.84
89.06
71.50
57.47
51.92
48.05
52.08
52.31
46.68
44.92
47.44
47.33
47.47
69.33
100.00
100.00
100.00
100.00
100.00
99.74
99.74
97.98
87.78
60.45
66.41
100.00
100.00
100.00
100.00
100.00
100.00
100.00
100.00
100.00
97.99
85.46
49.87
50.75
45.08
45.38
49.37
46.06
49.11
43.22
45.43
50.00
47.19
44.90
44.85
46.90
70.51
100.00
100.00
70.60
48.21
42.82
47.19
48.60
47.36
45.78
47.22
43.69
45.24
43.67
42.41
47.15
45.05
45.36
46.34
45.43
43.01
42.64
43.38
48.71
47.83
45.41
48.34
43.34
42.35
47.21
47.00
47.45
46.63
45.82
43.04
41.69
41.79
42.23
43.60
44.82
47.03
42.86
46.25
44.27
46.15
43.72
44.47
46.10
46.17
44.92
48.26
68.42
48.21
77.83
99.21
100.00
100.00
100.00
100.00
100.00
100.00
100.00
100.00
100.00
100.00
100.00
100.00
100.00
100.00
99.94
100.00
100.00
100.00
100.00
100.00
100.00
100.00
100.00
100.00
100.00
100.00
100.00
100.00
100.00
99.40
100.00
100.00
100.00
100.00
100.00
100.00
100.00
100.00
100.00
100.00
89.35
100.00
74.94
99.75
95.97
100.00
99.94
100.00
99.00
78.34
100.00
100.00
100.00
86.40
100.00
100.00
84.75
99.44
100.00
100.00
100.00
100.00
100.00
100.00
100.00
100.00
100.00
100.00
100.00
100.00
