81.49
81.49
81.51
81.53
81.60
81.77
81.73
81.72
81.75
81.79
81.82
81.93
82.14
82.19
82.70
83.19
83.25
83.35
83.51
83.69
83.91
84.34
85.04
85.74
85.79
85.87
85.96
86.11
86.20
86.24
86.33
86.34
86.37
86.41
86.48
86.54
86.69
86.89
87.22
87.92
88.66
89.46
90.27
91.02
91.84
92.76
93.39
93.84
94.63
95.51
96.39
97.27
97.54
97.66
97.53
97.61
97.77
97.78
97.75
97.24
97.44
97.61
97.41
97.49
97.50
97.59
97.61
97.66
97.73
97.54
97.77
97.48
97.59
97.76
97.62
97.62
97.76
97.87
97.63
97.77
97.56
97.74
97.47
97.87
97.78
97.31
97.43
97.66
97.51
97.61
97.73
97.84
97.48
97.54
97.60
97.66
97.77
97.79
97.78
97.78
97.77
97.76
97.73
97.73
97.76
97.76
97.77
97.84
97.52
97.64
97.72
97.76
97.76
97.75
97.75
97.73
97.71
97.69
97.68
97.66
97.64
97.62
97.60
97.59
97.58
97.56
97.54
97.52
97.50
97.49
97.47
97.45
97.44
97.43
97.41
97.39
97.40
97.46
97.54
97.71
97.71
97.71
97.69
97.71
97.75
97.74
97.74
97.71
97.70
97.69
97.68
97.70
97.74
97.74
97.73
97.70
97.72
97.78
97.76
97.56
97.71
97.84
97.47
98.13
97.66
97.81
97.53
97.67
97.49
97.83
97.82
97.65
97.89
97.89
97.76
97.93
98.09
97.89
97.55
98.18
97.86
97.97
98.03
98.11
97.93
97.13
97.50
97.78
97.69
97.65
97.90
97.80
97.93
98.19
98.01
98.12
97.77
97.24
97.12
97.21
97.19
97.66
97.63
97.76
97.54
97.63
98.03
98.00
97.87
98.18
98.16
98.19
98.17
98.18
98.19
98.18
98.13
98.13
98.19
89.19
89.47
90.17
92.81
97.88
97.82
97.47
97.43
97.42
97.38
97.16
96.96
96.50
93.54
