13.0,1
1.75,1
0.75,1
0.0,1
0.0,1
111.5,1
155.5,1
36.2,2
45.875,2
62.5,2
66.625,1
108.125,1
89.6,1
93.0,2
92.125,2
90.5,2
161.0,2
199.125,2
144.5,3
99.25,3
95.25,3
80.083336,3
61.833332,2
76.5,2
183.33333,2
167.25,2
232.5,2
120.75,3
102.666664,3
96.0,3
158.75,3
61.916668,2
121.833336,2
232.75,2
218.75,2
65.75,3
54.25,3
155.75,3
134.66667,3
148.08333,2
78.583336,2
85.44444,3
90.5,3
82.333336,3
62.25,2
136.58333,2
343.125,2
184.0,2
182.88889,3
46.5,3
25.166666,3
0.0,3
139.81818,3
233.5,2
201.58333,2
142.71428,4
91.17647,5
108.2,5
71.45,5
53.35,4
44.35,3
115.375,2
105.53846,2
198.5,2
337.33334,3
111.25,3
95.666664,3
33.875,4
29.8125,4
29.8125,3
66.75,2
48.916668,2
47.0,1
20.625,1
48.8,1
215.0,1
84.4,3
197.11765,5
166.65,5
60.3,5
46.6,4
35.8,3
