Linux 3.13.0-43-generic (Apollo) 	2015-07-22 	_x86_64_	(4 CPU)

23:12:14        CPU     %user     %nice   %system   %iowait    %steal     %idle
23:12:15        all      0.00      0.00      0.00      0.00      0.00    100.00
23:12:16        all      0.00      0.00      0.00      0.00      0.00    100.00
23:12:17        all      0.25      0.00      0.25      0.00      0.00     99.50
23:12:18        all      0.75      0.00      0.00      0.50      0.00     98.74
23:12:19        all      0.00      0.00      0.25      0.00      0.00     99.75
23:12:20        all      0.00      0.00      0.25      0.00      0.00     99.75
23:12:21        all      0.25      0.00      0.25      0.00      0.00     99.50
23:12:22        all      0.50      0.00      0.75      0.00      0.00     98.75
23:12:23        all      0.75      0.00      1.50      0.50      0.00     97.26
23:12:24        all      0.50      0.00      1.26      0.00      0.00     98.24
23:12:25        all      0.50      0.00      1.51      0.00      0.00     97.99
23:12:26        all     12.28      0.00      5.37      0.00      0.00     82.35
23:12:27        all     49.49      0.00     20.77      0.00      0.00     29.74
23:12:28        all     61.08      0.00     24.48      0.00      0.00     14.43
23:12:29        all     60.51      0.00     29.37      0.00      0.00     10.13
23:12:30        all     64.41      0.00     26.07      0.00      0.00      9.52
23:12:31        all     61.86      0.00     26.80      0.00      0.00     11.34
23:12:32        all     60.85      0.00     27.68      0.00      0.00     11.47
23:12:33        all     62.95      0.00     26.42      0.00      0.00     10.62
23:12:34        all     62.47      0.00     29.72      0.00      0.00      7.81
23:12:35        all     61.31      0.00     28.14      0.00      0.00     10.55
23:12:36        all     59.75      0.00     27.85      0.00      0.00     12.41
23:12:37        all     61.58      0.00     26.72      0.00      0.00     11.70
23:12:38        all     61.77      0.00     27.85      0.25      0.00     10.13
23:12:39        all     62.12      0.00     27.27      0.00      0.00     10.61
23:12:40        all     62.06      0.00     28.64      0.00      0.00      9.30
23:12:41        all     63.20      0.00     25.63      0.00      0.00     11.17
23:12:42        all     58.93      0.00     28.06      0.00      0.00     13.01
23:12:43        all     61.93      0.00     26.40      0.00      0.00     11.68
23:12:44        all     62.00      0.00     26.00      0.00      0.00     12.00
23:12:45        all     58.02      0.00     28.50      0.00      0.00     13.49
23:12:46        all     59.38      0.00     24.16      0.00      0.00     16.45
23:12:47        all     54.55      0.00     23.38      0.00      0.00     22.08
23:12:48        all     46.60      0.00     19.37      0.26      0.00     33.77
23:12:49        all     22.56      0.00      9.23      0.00      0.00     68.21
23:12:50        all     13.13      0.00      4.29      0.51      0.00     82.07
23:12:51        all      2.00      0.00      1.50      0.00      0.00     96.51
23:12:52        all     22.05      0.00      6.92      0.00      0.00     71.03
23:12:53        all     21.13      0.00      8.25      0.26      0.00     70.36
23:12:54        all     21.63      0.00      7.12      0.00      0.00     71.25
23:12:55        all     36.95      0.00     13.95      0.00      0.00     49.10
23:12:56        all     39.06      0.00     17.71      0.26      0.00     42.97
23:12:57        all     23.00      0.00     10.59      0.00      0.00     66.41
23:12:58        all     25.64      0.00     12.05      0.51      0.00     61.79
23:12:59        all     40.00      0.00     17.63      0.00      0.00     42.37
23:13:00        all     39.22      0.00     18.44      0.26      0.00     42.08
23:13:01        all     43.43      0.00     24.75      0.25      0.00     31.57
23:13:02        all     60.71      0.00     26.70      0.25      0.00     12.34
23:13:03        all     63.01      0.00     26.53      0.00      0.00     10.46
23:13:04        all     63.08      0.00     26.92      0.00      0.00     10.00
23:13:05        all     61.11      0.00     28.28      0.00      0.00     10.61
23:13:06        all     59.28      0.00     28.35      0.00      0.00     12.37
23:13:07        all     61.87      0.00     28.54      0.00      0.00      9.60
23:13:08        all     61.73      0.00     27.04      0.26      0.00     10.97
23:13:09        all     62.82      0.00     26.41      0.00      0.00     10.77
23:13:10        all     60.91      0.00     26.90      0.00      0.00     12.18
23:13:11        all     64.84      0.00     27.68      0.00      0.00      7.48
23:13:12        all     61.65      0.00     29.57      0.00      0.00      8.77
23:13:13        all     61.13      0.00     28.13      0.00      0.00     10.74
23:13:14        all     59.80      0.00     29.01      0.00      0.00     11.20
23:13:15        all     60.40      0.00     29.32      0.00      0.00     10.28
23:13:16        all     61.44      0.00     30.60      0.00      0.00      7.96
23:13:17        all     64.00      0.00     28.50      0.00      0.00      7.50
23:13:18        all     60.93      0.00     28.53      0.00      0.00     10.54
23:13:19        all     63.04      0.00     29.62      0.00      0.00      7.34
23:13:20        all     63.38      0.00     25.25      0.00      0.00     11.36
23:13:21        all     62.91      0.00     30.58      0.00      0.00      6.52
23:13:22        all     62.88      0.00     31.06      0.00      0.00      6.06
23:13:23        all     64.14      0.00     29.55      0.25      0.00      6.06
23:13:24        all     62.03      0.00     30.13      0.00      0.00      7.85
23:13:25        all     64.91      0.00     26.32      0.00      0.00      8.77
23:13:26        all     62.28      0.00     29.62      0.00      0.00      8.10
23:13:27        all     66.08      0.00     27.85      0.00      0.00      6.08
23:13:28        all     65.92      0.00     27.86      0.00      0.00      6.22
23:13:29        all     63.48      0.00     29.72      0.00      0.00      6.80
23:13:30        all     64.10      0.00     29.23      0.00      0.00      6.67
23:13:31        all     63.54      0.00     28.61      0.00      0.00      7.85
23:13:32        all     64.66      0.00     28.57      0.00      0.00      6.77
23:13:33        all     65.24      0.00     28.46      0.00      0.00      6.30
23:13:34        all     64.32      0.00     29.65      0.25      0.00      5.78
23:13:35        all     60.79      0.00     31.51      0.00      0.00      7.69
23:13:36        all     65.16      0.00     28.32      0.00      0.00      6.52
23:13:37        all     61.00      0.00     30.25      0.00      0.00      8.75
23:13:38        all     64.52      0.00     27.54      0.00      0.00      7.94
23:13:39        all     63.05      0.00     29.72      0.00      0.00      7.24
23:13:40        all     60.96      0.00     31.99      0.00      0.00      7.05
23:13:41        all     59.80      0.00     30.90      0.25      0.00      9.05
23:13:42        all     63.45      0.00     28.68      0.00      0.00      7.87
23:13:43        all     65.15      0.00     28.54      0.00      0.00      6.31
23:13:44        all     62.47      0.00     28.72      0.00      0.00      8.82
23:13:45        all     66.92      0.00     25.95      0.00      0.00      7.12
23:13:46        all     62.09      0.00     31.17      0.00      0.00      6.73
23:13:47        all     66.50      0.00     26.45      0.00      0.00      7.05
23:13:48        all     65.83      0.00     26.38      0.00      0.00      7.79
23:13:49        all     64.00      0.00     28.00      0.00      0.00      8.00
23:13:50        all     65.15      0.00     28.03      0.00      0.00      6.82
23:13:51        all     62.59      0.00     29.68      0.25      0.00      7.48
23:13:52        all     64.16      0.00     29.82      0.00      0.00      6.02
23:13:53        all     62.69      0.00     31.84      0.00      0.00      5.47
23:13:54        all     65.74      0.00     28.93      0.00      0.00      5.33
23:13:55        all     63.96      0.00     29.95      0.00      0.00      6.09
23:13:56        all     64.27      0.00     29.28      0.00      0.00      6.45
23:13:57        all     62.06      0.00     29.90      0.00      0.00      8.04
23:13:58        all     65.50      0.00     27.75      0.25      0.00      6.50
23:13:59        all     65.33      0.00     27.89      0.00      0.00      6.78
23:14:00        all     62.63      0.00     30.05      0.25      0.00      7.07
23:14:01        all     60.96      0.00     32.49      0.00      0.00      6.55
23:14:02        all     63.68      0.00     31.09      0.00      0.00      5.22
23:14:03        all     64.99      0.00     30.98      0.00      0.00      4.03
23:14:04        all     64.65      0.00     31.31      0.00      0.00      4.04
23:14:05        all     65.84      0.00     30.42      0.00      0.00      3.74
23:14:06        all     64.90      0.00     29.55      0.00      0.00      5.56
23:14:07        all     65.67      0.00     30.10      0.00      0.00      4.23
23:14:08        all     66.67      0.00     28.79      0.00      0.00      4.55
23:14:09        all     66.67      0.00     29.35      0.00      0.00      3.98
23:14:10        all     64.74      0.00     29.47      0.00      0.00      5.79
23:14:11        all     65.49      0.00     29.22      0.00      0.00      5.29
23:14:12        all     64.43      0.00     31.09      0.00      0.00      4.48
23:14:13        all     62.78      0.00     31.51      0.00      0.00      5.71
23:14:14        all     67.09      0.00     28.61      0.00      0.00      4.30
23:14:15        all     61.88      0.00     30.45      0.00      0.00      7.67
23:14:16        all     62.44      0.00     32.84      0.25      0.00      4.48
23:14:17        all     61.22      0.00     34.69      0.00      0.00      4.08
23:14:18        all     61.69      0.00     31.09      0.00      0.00      7.21
23:14:19        all     66.67      0.00     29.01      0.00      0.00      4.33
23:14:20        all     64.66      0.00     31.58      0.00      0.00      3.76
23:14:21        all     65.91      0.00     30.05      0.00      0.00      4.04
23:14:22        all     57.54      0.00     33.67      0.00      0.00      8.79
23:14:23        all     66.50      0.00     29.78      0.00      0.00      3.72
23:14:24        all     64.34      0.00     31.67      0.00      0.00      3.99
23:14:25        all     65.25      0.00     30.75      0.00      0.00      4.00
23:14:26        all     62.37      0.00     30.81      0.25      0.00      6.57
23:14:27        all     65.24      0.00     30.98      0.00      0.00      3.78
23:14:28        all     65.16      0.00     30.58      0.00      0.00      4.26
23:14:29        all     61.75      0.00     30.50      0.00      0.00      7.75
23:14:30        all     65.35      0.00     30.69      0.00      0.00      3.96
23:14:31        all     62.91      0.00     30.83      0.00      0.00      6.27
23:14:32        all     63.38      0.00     29.04      0.00      0.00      7.58
23:14:33        all     56.35      0.00     28.68      0.25      0.00     14.72
23:14:34        all     62.41      0.00     29.57      0.00      0.00      8.02
23:14:35        all     62.75      0.00     32.25      0.00      0.00      5.00
23:14:36        all     65.66      0.00     29.80      0.00      0.00      4.55
23:14:37        all     62.56      0.00     30.40      0.00      0.00      7.04
23:14:38        all     66.75      0.00     29.03      0.25      0.00      3.97
23:14:39        all     66.67      0.00     30.37      0.00      0.00      2.96
23:14:40        all     65.25      0.00     30.50      0.00      0.00      4.25
23:14:41        all     64.66      0.00     32.33      0.00      0.00      3.01
23:14:42        all     63.80      0.00     31.14      0.00      0.00      5.06
23:14:43        all     69.10      0.00     27.39      0.00      0.00      3.52
23:14:44        all     63.30      0.00     32.27      0.00      0.00      4.43
23:14:45        all     63.75      0.00     31.75      0.00      0.00      4.50
23:14:46        all     63.82      0.00     31.41      0.00      0.00      4.77
23:14:47        all     64.11      0.00     32.18      0.00      0.00      3.71
23:14:48        all     63.73      0.00     31.49      0.00      0.00      4.79
23:14:49        all     65.75      0.00     30.50      0.25      0.00      3.50
23:14:50        all     65.49      0.00     29.97      0.00      0.00      4.53
23:14:51        all     60.85      0.00     32.17      0.00      0.00      6.98
23:14:52        all     66.17      0.00     30.83      0.00      0.00      3.01
23:14:53        all     63.25      0.00     32.75      0.00      0.00      4.00
23:14:54        all     65.00      0.00     32.00      0.00      0.00      3.00
23:14:55        all     67.51      0.00     29.95      0.00      0.00      2.54
23:14:56        all     63.66      0.00     33.33      0.00      0.00      3.01
23:14:57        all     65.06      0.00     31.65      0.00      0.00      3.29
23:14:58        all     63.07      0.00     30.40      0.00      0.00      6.53
23:14:59        all     62.50      0.00     30.00      0.00      0.00      7.50
23:15:00        all     64.32      0.00     33.67      0.00      0.00      2.01
23:15:01        all     63.98      0.00     32.75      0.00      0.00      3.27
23:15:02        all     62.97      0.00     33.75      0.00      0.00      3.27
23:15:03        all     64.39      0.00     27.78      0.00      0.00      7.83
23:15:04        all     64.60      0.00     32.18      0.00      0.00      3.22
23:15:05        all     60.96      0.00     31.99      0.00      0.00      7.05
23:15:06        all     65.16      0.00     32.33      0.00      0.00      2.51
23:15:07        all     62.25      0.00     34.50      0.00      0.00      3.25
23:15:08        all     63.37      0.00     33.17      0.00      0.00      3.47
23:15:09        all     64.11      0.00     32.92      0.25      0.00      2.72
23:15:10        all     66.75      0.00     30.77      0.00      0.00      2.48
23:15:11        all     65.84      0.00     31.42      0.00      0.00      2.74
23:15:12        all     66.41      0.00     30.30      0.00      0.00      3.28
23:15:13        all     66.83      0.00     30.40      0.00      0.00      2.76
23:15:14        all     65.66      0.00     31.83      0.00      0.00      2.51
23:15:15        all     67.76      0.00     30.98      0.00      0.00      1.26
23:15:16        all     58.85      0.00     30.17      0.00      0.00     10.97
23:15:17        all     66.92      0.00     30.83      0.00      0.00      2.26
23:15:18        all     62.34      0.00     33.42      0.00      0.00      4.24
23:15:19        all     63.28      0.00     34.00      0.00      0.00      2.73
23:15:20        all     64.23      0.00     31.99      0.00      0.00      3.78
23:15:21        all     65.83      0.00     32.16      0.00      0.00      2.01
23:15:22        all     64.82      0.00     32.66      0.00      0.00      2.51
23:15:23        all     65.24      0.00     32.24      0.00      0.00      2.52
23:15:24        all     64.74      0.00     32.49      0.25      0.00      2.52
23:15:25        all     66.17      0.00     31.59      0.00      0.00      2.24
23:15:26        all     62.12      0.00     35.86      0.00      0.00      2.02
23:15:27        all     66.84      0.00     30.63      0.00      0.00      2.53
23:15:28        all     63.22      0.00     34.51      0.00      0.00      2.27
23:15:29        all     66.42      0.00     31.08      0.00      0.00      2.51
23:15:30        all     62.81      0.00     34.92      0.00      0.00      2.26
23:15:31        all     64.09      0.00     33.67      0.00      0.00      2.24
23:15:32        all     69.27      0.00     28.21      0.00      0.00      2.52
23:15:33        all     65.84      0.00     31.92      0.00      0.00      2.24
23:15:34        all     64.16      0.00     33.08      0.00      0.00      2.76
23:15:35        all     63.28      0.00     36.23      0.00      0.00      0.50
23:15:36        all     68.42      0.00     29.82      0.00      0.00      1.75
23:15:37        all     66.00      0.00     33.00      0.00      0.00      1.00
23:15:38        all     69.67      0.00     28.57      0.00      0.00      1.75
23:15:39        all     66.17      0.00     31.58      0.00      0.00      2.26
23:15:40        all     65.25      0.00     32.50      0.00      0.00      2.25
23:15:41        all     62.47      0.00     35.26      0.00      0.00      2.27
23:15:42        all     64.56      0.00     32.66      0.00      0.00      2.78
23:15:43        all     63.09      0.00     34.41      0.00      0.00      2.49
23:15:44        all     63.22      0.00     34.01      0.00      0.00      2.77
23:15:45        all     64.43      0.00     32.84      0.00      0.00      2.74
23:15:46        all     65.24      0.00     32.24      0.00      0.00      2.52
23:15:47        all     63.89      0.00     33.08      0.00      0.00      3.03
23:15:48        all     63.34      0.00     33.92      0.00      0.00      2.74
23:15:49        all     64.16      0.00     33.08      0.00      0.00      2.76
23:15:50        all     63.91      0.00     33.33      0.00      0.00      2.76
23:15:51        all     64.59      0.00     32.42      0.00      0.00      2.99
23:15:52        all     63.66      0.00     33.58      0.00      0.00      2.76
23:15:53        all     65.76      0.00     31.27      0.00      0.00      2.98
23:15:54        all     65.26      0.00     32.01      0.00      0.00      2.73
23:15:55        all     64.54      0.00     33.16      0.00      0.00      2.30
23:15:56        all     66.50      0.00     30.98      0.00      0.00      2.52
23:15:57        all     65.15      0.00     32.83      0.00      0.00      2.02
23:15:58        all     67.50      0.00     30.50      0.00      0.00      2.00
23:15:59        all     68.00      0.00     32.00      0.00      0.00      0.00
23:16:00        all     65.17      0.00     34.08      0.00      0.00      0.75
23:16:01        all     65.15      0.00     32.58      0.00      0.00      2.27
23:16:02        all     60.15      0.00     37.59      0.00      0.00      2.26
23:16:03        all     61.40      0.00     36.34      0.00      0.00      2.26
23:16:04        all     62.84      0.00     34.41      0.00      0.00      2.74
23:16:05        all     64.16      0.00     33.33      0.00      0.00      2.51
23:16:06        all     66.33      0.00     31.91      0.00      0.00      1.76
23:16:07        all     64.48      0.00     33.50      0.00      0.00      2.02
23:16:08        all     65.84      0.00     32.67      0.00      0.00      1.50
23:16:09        all     64.59      0.00     33.42      0.00      0.00      2.00
23:16:10        all     67.42      0.00     31.08      0.00      0.00      1.50
23:16:11        all     62.44      0.00     35.82      0.00      0.00      1.74
23:16:12        all     66.08      0.00     32.42      0.00      0.00      1.50
23:16:13        all     63.84      0.00     34.66      0.00      0.00      1.50
23:16:14        all     65.25      0.00     33.50      0.00      0.00      1.25
23:16:15        all     62.72      0.00     35.52      0.00      0.00      1.76
23:16:16        all     62.75      0.00     35.75      0.00      0.00      1.50
23:16:17        all     65.00      0.00     33.00      0.00      0.00      2.00
23:16:18        all     63.25      0.00     35.25      0.00      0.00      1.50
23:16:19        all     65.09      0.00     33.17      0.00      0.00      1.75
23:16:20        all     64.16      0.00     34.09      0.00      0.00      1.75
23:16:21        all     64.99      0.00     33.75      0.00      0.00      1.26
23:16:22        all     63.89      0.00     34.34      0.00      0.00      1.77
23:16:23        all     66.58      0.00     31.67      0.00      0.00      1.75
23:16:24        all     64.02      0.00     34.00      0.00      0.00      1.99
23:16:25        all     64.66      0.00     33.83      0.00      0.00      1.50
23:16:26        all     67.33      0.00     31.42      0.00      0.00      1.25
23:16:27        all     63.73      0.00     34.01      0.00      0.00      2.27
23:16:28        all     63.78      0.00     27.04      0.00      0.00      9.18
23:16:29        all     59.95      0.00     28.83      0.00      0.00     11.22
23:16:30        all     60.93      0.00     25.71      0.00      0.00     13.37
23:16:31        all     54.43      0.00     17.97      0.26      0.00     27.34
23:16:32        all     17.35      0.00      6.89      0.00      0.00     75.77
23:16:33        all      0.25      0.00      0.50      0.00      0.00     99.24
23:16:34        all      0.75      0.00      0.50      0.00      0.00     98.75
23:16:35        all      0.00      0.00      0.75      0.00      0.00     99.25
23:16:36        all      0.00      0.00      0.50      0.50      0.00     99.00
23:16:37        all     20.72      0.00      6.91      0.00      0.00     72.38
23:16:38        all     19.23      0.00      8.21      0.00      0.00     72.56
23:16:39        all     20.41      0.00      6.89      0.00      0.00     72.70
23:16:40        all      4.02      0.00      2.26      0.00      0.00     93.72
23:16:41        all      0.00      0.00      0.50      0.50      0.00     99.00
23:16:42        all      0.25      0.00      0.00      0.00      0.00     99.75
23:16:43        all      0.25      0.00      0.25      0.00      0.00     99.50
23:16:44        all      0.00      0.00      0.25      0.00      0.00     99.75
23:16:45        all      0.25      0.00      0.25      0.00      0.00     99.50
23:16:46        all      0.25      0.00      0.25      0.25      0.00     99.25
23:16:47        all      0.25      0.00      0.50      0.00      0.00     99.25
23:16:48        all      0.25      0.00      0.00      0.00      0.00     99.75
23:16:49        all      0.00      0.00      0.50      0.00      0.00     99.50
23:16:50        all     16.20      0.00      4.11      0.00      0.00     79.69
23:16:51        all      0.25      0.00      0.50      0.50      0.00     98.75
23:16:52        all      0.00      0.00      0.25      0.00      0.00     99.75
23:16:53        all      0.50      0.00      0.25      0.00      0.00     99.25
23:16:54        all      0.00      0.00      0.00      0.00      0.00    100.00
23:16:55        all      0.25      0.00      0.25      0.00      0.00     99.50
23:16:56        all      7.36      0.00      3.55      0.00      0.00     89.09
23:16:57        all     18.97      0.00      8.46      0.00      0.00     72.56
23:16:58        all      3.76      0.00      2.26      0.00      0.00     93.98
23:16:59        all      0.25      0.00      0.25      0.00      0.00     99.50
23:17:00        all      0.25      0.00      0.25      0.00      0.00     99.50
23:17:01        all      0.75      0.00      1.50      0.75      0.00     96.99
23:17:02        all      0.00      0.00      0.00      0.25      0.00     99.75
23:17:03        all      0.25      0.00      0.25      0.00      0.00     99.50
23:17:04        all      0.25      0.00      0.50      0.00      0.00     99.25
23:17:05        all      0.00      0.00      0.00      0.00      0.00    100.00
23:17:06        all      0.25      0.00      0.00      0.50      0.00     99.24
23:17:07        all      0.25      0.00      0.00      0.00      0.00     99.75
23:17:08        all      0.00      0.00      0.25      0.00      0.00     99.75
23:17:09        all      0.25      0.00      0.25      0.00      0.00     99.50
23:17:10        all      0.25      0.00      0.25      0.00      0.00     99.50
23:17:11        all      0.00      0.00      0.25      0.25      0.00     99.50
23:17:12        all      0.25      0.00      0.50      0.00      0.00     99.25
23:17:13        all      0.25      0.00      0.25      0.00      0.00     99.50
23:17:14        all      0.00      0.00      0.25      0.00      0.00     99.75
23:17:15        all      0.00      0.00      0.00      0.00      0.00    100.00
23:17:16        all      0.00      0.00      0.25      0.00      0.00     99.75
23:17:17        all      0.00      0.00      0.25      0.50      0.00     99.25
23:17:18        all      0.50      0.00      0.25      0.00      0.00     99.25
23:17:19        all      0.00      0.00      0.50      0.00      0.00     99.50
23:17:20        all      0.50      0.00      0.00      0.00      0.00     99.50
23:17:21        all      0.00      0.00      0.50      0.00      0.00     99.50
23:17:22        all      0.25      0.00      0.50      0.50      0.00     98.75
23:17:23        all      0.00      0.00      0.25      0.00      0.00     99.75
23:17:24        all      0.25      0.00      0.00      0.00      0.00     99.75
23:17:25        all      0.25      0.00      0.00      0.00      0.00     99.75
23:17:26        all      0.25      0.00      0.75      0.00      0.00     99.00
23:17:27        all      0.00      0.00      0.25      0.25      0.00     99.50
23:17:28        all      0.00      0.00      0.00      0.00      0.00    100.00
23:17:29        all      0.25      0.00      0.50      0.00      0.00     99.25
23:17:30        all      0.00      0.00      0.00      0.00      0.00    100.00
23:17:31        all      0.25      0.00      0.00      0.00      0.00     99.75
23:17:32        all      0.25      0.00      0.50      0.75      0.00     98.50
23:17:33        all      0.00      0.00      0.25      0.00      0.00     99.75
23:17:34        all      0.25      0.00      0.25      0.00      0.00     99.50
23:17:35        all      0.00      0.00      0.25      0.00      0.00     99.75
23:17:36        all      0.25      0.00      0.00      0.00      0.00     99.75
23:17:37        all      0.25      0.00      0.25      0.25      0.00     99.25
23:17:38        all      0.50      0.00      0.00      0.00      0.00     99.50
23:17:39        all      0.25      0.00      0.00      0.00      0.00     99.75
23:17:40        all      0.25      0.00      0.50      0.00      0.00     99.25
23:17:41        all      9.64      0.00      3.81      0.00      0.00     86.55
23:17:42        all      0.00      0.00      0.25      0.50      0.00     99.24
23:17:43        all      0.25      0.00      0.00      0.00      0.00     99.75
23:17:44        all      0.25      0.00      0.50      0.00      0.00     99.25
23:17:45        all      0.25      0.00      0.50      0.00      0.00     99.25
23:17:46        all      0.25      0.00      0.00      0.00      0.00     99.75
23:17:47        all      0.25      0.00      0.25      0.00      0.00     99.50
23:17:48        all      0.25      0.00      0.50      0.00      0.00     99.25
23:17:49        all      0.00      0.00      0.75      0.00      0.00     99.25
23:17:50        all      0.25      0.00      0.50      0.00      0.00     99.25
23:17:51        all      0.25      0.00      0.50      0.00      0.00     99.25
23:17:52        all      0.25      0.00      1.00      0.00      0.00     98.76
23:17:53        all      0.25      0.00      1.49      0.00      0.00     98.27
23:17:54        all      1.48      0.00      2.96      0.00      0.00     95.56
23:17:55        all     14.14      0.00      6.45      0.00      0.00     79.40
23:17:56        all      0.25      0.00      1.49      0.00      0.00     98.27
23:17:57        all      0.25      0.00      0.50      0.00      0.00     99.25
23:17:58        all      0.25      0.00      1.24      0.00      0.00     98.51
23:17:59        all      0.50      0.00      0.75      0.00      0.00     98.76
23:18:00        all      0.00      0.00      0.50      0.00      0.00     99.50
23:18:01        all      0.99      0.00      0.74      0.00      0.00     98.27
23:18:02        all      0.98      0.00      1.47      0.00      0.00     97.54
23:18:03        all      0.25      0.00      1.00      0.00      0.00     98.76
23:18:04        all      0.99      0.00      0.74      0.00      0.00     98.26
23:18:05        all      0.50      0.00      0.50      0.00      0.00     99.00
23:18:06        all      0.50      0.00      0.50      0.00      0.00     99.00
23:18:07        all      0.25      0.00      0.50      0.00      0.00     99.25
23:18:08        all      0.00      0.00      0.50      0.25      0.00     99.25
23:18:09        all      0.50      0.00      0.75      0.00      0.00     98.76
23:18:10        all      0.50      0.00      0.25      0.00      0.00     99.25
23:18:11        all      0.25      0.00      0.50      0.00      0.00     99.25
23:18:12        all      0.75      0.00      0.50      0.00      0.00     98.76
23:18:13        all      0.25      0.00      0.50      0.50      0.00     98.75
23:18:14        all      0.50      0.00      0.25      0.00      0.00     99.25
23:18:15        all      0.00      0.00      0.25      0.00      0.00     99.75
23:18:16        all      0.00      0.00      0.50      0.00      0.00     99.50
23:18:17        all      0.50      0.00      0.25      0.00      0.00     99.25
23:18:18        all      0.25      0.00      0.25      0.50      0.00     99.00
23:18:19        all      0.50      0.00      0.74      0.00      0.00     98.76
23:18:20        all      0.50      0.00      0.99      0.00      0.00     98.51
23:18:21        all      0.00      0.00      0.50      0.00      0.00     99.50
23:18:22        all      0.50      0.00      1.00      0.00      0.00     98.51
23:18:23        all      0.00      0.00      0.50      0.50      0.00     98.99
23:18:24        all      0.25      0.00      0.00      0.00      0.00     99.75
23:18:25        all      0.25      0.00      0.75      0.00      0.00     99.00
23:18:26        all      0.25      0.00      0.00      0.00      0.00     99.75
23:18:27        all     15.60      0.00      4.86      0.00      0.00     79.54
23:18:28        all      4.02      0.00      1.26      0.25      0.00     94.47
23:18:29        all      0.00      0.00      0.25      0.00      0.00     99.75
23:18:30        all      0.00      0.00      0.50      0.00      0.00     99.50
23:18:31        all      0.25      0.00      0.00      0.00      0.00     99.75
23:18:32        all      0.25      0.00      0.75      0.00      0.00     98.99
23:18:33        all      0.25      0.00      0.25      0.50      0.00     99.00
23:18:34        all      0.00      0.00      0.25      0.00      0.00     99.75
23:18:35        all      0.25      0.00      0.25      0.00      0.00     99.50
23:18:36        all      0.00      0.00      0.25      0.00      0.00     99.75
23:18:37        all      0.25      0.00      0.00      0.00      0.00     99.75
23:18:38        all      0.00      0.00      0.25      0.50      0.00     99.25
23:18:39        all      0.25      0.00      0.00      0.00      0.00     99.75
23:18:40        all      0.00      0.00      0.25      0.00      0.00     99.75
23:18:41        all     14.50      0.00      5.09      0.00      0.00     80.41
23:18:42        all      0.25      0.00      0.00      0.00      0.00     99.75
23:18:43        all      0.00      0.00      0.00      0.50      0.00     99.50
23:18:44        all      0.50      0.00      0.25      0.00      0.00     99.25
23:18:45        all      0.25      0.00      0.25      0.00      0.00     99.50
23:18:46        all      0.25      0.00      0.00      0.00      0.00     99.75
23:18:47        all      0.00      0.00      0.50      0.00      0.00     99.50
23:18:48        all      0.25      0.00      0.25      0.50      0.00     99.00
23:18:49        all      0.00      0.00      0.00      0.00      0.00    100.00
23:18:50        all      8.31      0.00      2.77      0.00      0.00     88.92
23:18:51        all      3.27      0.00      1.26      0.00      0.00     95.47
23:18:52        all      0.25      0.00      0.00      0.00      0.00     99.75
23:18:53        all      0.00      0.00      0.25      0.25      0.00     99.50
23:18:54        all      0.25      0.00      0.25      0.00      0.00     99.50
Average:        all     38.36      0.00     18.41      0.05      0.00     43.19
