45.02
45.03
45.11
45.16
45.27
45.51
46.02
46.54
47.08
47.63
48.31
48.44
48.53
48.62
48.67
48.70
48.77
48.92
48.95
49.02
49.11
49.14
49.23
49.33
49.40
49.45
49.45
49.36
49.40
49.41
49.34
49.34
49.23
49.23
49.15
49.20
49.23
49.27
49.32
49.45
49.59
49.91
50.18
50.68
51.38
52.24
52.34
52.50
52.67
52.69
52.84
52.91
52.95
53.06
53.15
53.42
53.53
53.74
53.99
54.75
55.62
56.30
56.96
57.28
57.40
57.56
57.71
57.88
58.07
58.27
58.57
59.01
59.22
59.38
59.59
59.80
59.96
60.10
60.23
60.31
60.39
60.43
60.52
60.63
60.77
60.93
60.99
61.05
61.14
61.16
61.17
61.31
61.42
61.47
61.60
61.76
61.78
61.80
61.83
61.88
61.90
61.86
61.91
61.96
62.04
62.17
62.21
62.37
62.40
62.37
62.40
62.41
62.46
62.48
62.58
62.65
62.66
62.71
62.72
62.77
62.79
62.78
62.78
62.88
62.90
62.96
63.17
62.84
62.95
62.81
62.90
62.96
63.04
63.04
63.04
63.13
63.23
63.29
63.33
63.59
63.38
63.34
63.41
63.48
63.50
63.52
63.56
63.56
63.60
63.65
63.73
63.73
63.75
63.77
63.84
63.90
63.91
63.94
63.97
64.02
64.11
64.13
64.25
64.28
64.34
64.37
64.38
64.42
64.47
64.51
64.53
64.58
64.62
64.63
64.62
64.66
64.69
64.75
64.91
64.75
64.90
64.93
64.93
64.91
64.89
64.94
64.96
65.02
65.08
65.14
65.18
65.22
65.31
65.37
65.44
65.50
65.51
65.62
65.62
65.85
65.87
66.00
66.14
66.17
66.32
66.37
66.46
66.54
66.60
66.67
66.73
66.80
66.88
66.99
66.90
66.95
67.07
67.16
67.32
67.40
67.47
67.54
67.74
67.82
68.00
68.04
68.10
68.17
68.22
68.28
67.83
67.93
67.95
68.01
68.07
68.11
68.19
68.25
68.27
68.27
68.23
68.26
68.28
68.28
68.28
67.87
67.84
67.85
67.64
67.72
67.80
67.02
67.10
67.18
67.05
67.07
67.13
67.08
67.06
67.03
67.04
67.05
67.08
67.14
67.11
67.08
67.03
66.99
66.94
66.90
66.87
66.81
66.78
66.75
66.73
66.67
66.62
66.58
66.52
66.48
66.44
66.38
66.35
66.29
66.24
66.19
66.13
66.08
66.04
66.00
65.93
65.89
65.84
65.81
65.76
65.72
65.69
65.65
65.61
65.57
65.53
65.49
65.44
65.39
65.35
65.31
65.27
65.24
65.21
65.17
65.13
65.09
65.06
65.03
65.00
64.95
64.89
64.86
64.82
64.78
64.75
64.68
64.64
64.61
64.57
64.54
64.49
64.44
64.38
64.33
64.29
64.27
64.23
64.19
64.14
64.10
64.05
63.98
63.90
63.84
63.78
63.74
63.70
63.66
63.62
63.58
63.53
63.48
63.44
63.39
63.33
63.31
63.27
63.23
63.18
63.14
63.09
63.05
63.01
62.96
62.92
62.87
62.83
62.78
62.72
62.68
62.61
62.53
62.49
62.43
62.34
62.31
62.26
62.17
62.08
62.03
61.98
61.93
61.85
61.80
61.76
61.72
61.69
61.64
61.62
61.59
61.55
61.51
61.46
61.42
61.38
61.33
61.26
61.21
61.17
61.22
61.19
61.12
61.07
61.03
