1437586933317,24205,0,0
1437586934302,24205,0,0
1437586935302,24205,0,0
1437586936302,24205,0,0
1437586937303,24215,0,-1
1437586938303,24218,0,0
1437586939303,24220,0,0
1437586940304,24227,1,1
1437586941304,24237,0,0
1437586942303,24255,0,0
1437586943303,24292,0,0
1437586944303,24336,2,0
1437586945303,24391,2,0
1437586946304,24448,1,0
1437586947303,24507,2,0
1437586948303,24543,3,0
1437586949303,24558,5,0
1437586950303,24578,6,0
1437586951303,24586,6,0
1437586952303,24600,7,0
1437586953304,24633,7,0
1437586954304,24649,8,0
1437586955303,24683,8,0
1437586956303,24715,8,0
1437586957304,24735,8,0
1437586958303,24755,8,0
1437586959303,24782,8,0
1437586960303,24811,9,0
1437586961303,24845,8,0
1437586962304,24867,8,0
1437586963304,24900,5,0
1437586964304,24941,5,0
1437586965304,24974,5,0
1437586966304,25000,4,0
1437586967304,25041,2,0
1437586968304,25078,0,0
1437586969304,25105,0,0
1437586970305,25141,0,0
1437586971305,25166,0,0
1437586972305,25198,0,0
1437586973305,25254,0,0
1437586974305,25296,1,0
1437586975309,25334,0,0
1437586976305,25386,2,0
1437586977305,25436,4,0
1437586978305,25488,1,0
1437586979305,25559,2,0
1437586980305,25652,2,0
1437586981305,25747,0,0
1437586982313,25790,1,0
1437586983305,25844,1,0
1437586984304,25895,0,0
1437586985305,25945,1,0
1437586986306,25989,1,0
1437586987306,26061,2,0
1437586988307,26168,1,0
1437586989307,26256,2,0
1437586990309,26316,1,0
1437586991308,26374,1,0
1437586992307,26425,1,0
1437586993307,26487,3,0
1437586994307,26574,0,0
1437586995307,26707,1,0
1437586996308,26808,2,0
1437586997308,26957,1,0
1437586998309,27067,2,0
1437586999309,27161,2,0
1437587000309,27243,2,0
1437587001309,27344,4,0
1437587002309,27452,5,0
1437587003309,27582,9,0
1437587004309,27695,6,0
1437587005310,27792,4,0
1437587006310,27894,6,0
1437587007310,28008,2,0
1437587008311,28122,5,0
1437587009311,28247,6,0
1437587010311,28339,7,0
1437587011314,28464,6,0
1437587012310,28553,6,0
1437587013311,28661,9,0
1437587014312,28764,11,0
1437587015311,28916,5,0
1437587016311,29049,15,0
1437587017311,29176,11,0
1437587018312,29282,8,0
1437587019311,29363,13,0
1437587020311,29481,15,0
1437587021310,29616,8,0
1437587022311,29747,12,0
1437587023312,29841,10,0
1437587024312,29965,11,0
1437587025313,30048,12,0
1437587026312,30145,9,0
1437587027313,30258,6,0
1437587028313,30385,10,0
1437587029314,30523,12,0
1437587030313,30630,13,0
1437587031313,30742,16,0
1437587032314,30843,16,0
1437587118098,38302,36,-2
1437587118465,38369,34,-2
1437587119464,38370,32,-2
1437587120465,38392,32,-2
1437587121465,38401,31,-2
1437587122465,38404,31,-2
1437587123465,38409,30,-2
1437587124465,38409,30,-2
1437587125465,38409,30,-2
1437587126466,38427,29,-2
1437587127465,38427,29,-2
1437587128478,38427,29,-2
1437587129465,38427,29,-2
1437587130466,38443,31,-2
1437587131466,38443,29,-2
1437587132466,38443,29,-2
1437587133466,38445,30,-2
1437587134467,38448,28,-2
1437587135466,38448,28,-2
1437587136466,38448,28,-2
1437587137465,38448,28,-2
1437587138465,38453,28,-2
1437587139466,38455,28,-2
1437587140466,38455,28,-2
1437587141466,38455,28,-2
1437587142466,38455,28,-2
1437587143466,38455,28,-2
1437587144467,38455,28,-2
1437587145466,38455,28,-2
1437587146472,38455,28,-2
1437587147466,38455,28,-2
1437587148467,38455,28,-2
1437587149467,38455,28,-2
1437587150466,38455,28,-2
1437587151466,38455,28,-2
1437587152466,38455,28,-2
1437587153466,38455,28,-2
1437587154466,38455,27,-2
1437587155466,38455,27,-2
1437587156466,38455,26,-2
1437587157466,38455,26,-2
1437587158466,38455,26,-2
1437587159466,38455,26,-2
1437587160466,38455,26,-2
1437587161466,38455,25,-2
1437587162467,38455,25,-2
1437587163467,38455,25,-2
1437587164467,38455,24,-2
1437587165468,38455,24,-2
1437587166467,38455,24,-2
1437587167468,38455,24,-2
1437587168468,38456,24,-2
1437587169468,38456,24,-2
1437587170468,38456,24,-2
1437587171469,38456,24,-2
1437587172469,38456,24,-2
1437587173468,38456,24,-2
1437587174468,38456,24,-2
1437587175468,38456,24,-2
1437587176468,38456,24,-2
1437587177468,38498,26,-2
1437587178472,38512,27,-2
1437587179468,38521,24,-2
1437587180468,38541,25,-2
1437587181468,38544,25,-2
1437587182468,38547,25,-2
1437587183468,38549,23,-2
1437587184468,38550,23,-2
1437587185469,38553,24,-2
1437587186469,38556,24,-2
1437587187470,38556,24,-2
1437587188470,38556,24,-2
1437587189470,38558,24,-2
1437587190470,38558,24,-2
1437587191470,38559,24,-2
1437587192470,38559,24,-2
1437587193471,38560,24,-2
1437587194474,38561,24,-2
1437587195471,38565,24,-2
1437587196472,38565,24,-2
1437587197472,38569,25,-2
1437587198471,38569,25,-2
1437587199472,38571,24,-2
1437587200472,38573,24,-2
1437587201472,38573,24,-2
1437587202472,38573,24,-2
1437587203472,38573,24,-2
1437587204473,38573,24,-2
1437587205473,38574,24,-2
1437587206473,38575,24,-2
1437587207473,38575,24,-2
1437587208472,38575,24,-2
1437587209473,38575,24,-2
1437587210473,38576,24,-2
1437587211473,38576,24,-2
1437587212473,38576,24,-2
1437587213473,38576,24,-2
1437587214473,38576,24,-2
1437587215472,38576,24,-2
1437587216472,38576,24,-2
1437587217473,38576,24,-2
1437587218472,38577,24,-2
1437587219473,38577,24,-2
1437587220473,38578,24,-2
1437587221473,38580,23,-2
1437587222473,38581,23,-2
1437587223472,38581,23,-2
1437587224473,38581,23,-2
1437587225473,38581,23,-2
1437587226473,38581,23,-2
1437587227473,38581,23,-2
1437587228473,38581,23,-2
1437587229473,38581,23,-2
1437587230474,38581,23,-2
1437587231474,38581,23,-2
1437587232474,38581,23,-2
1437587233474,38582,23,-2
1437587234473,38582,23,-2
1437587235474,38582,23,-2
1437587236474,38582,23,-2
1437587237474,38582,23,-2
1437587238474,38583,23,-2
1437587239474,38585,23,-2
1437587240474,38585,23,-2
1437587241473,38586,23,-2
1437587242474,38588,22,-2
1437587243474,38588,22,-2
1437587244474,38588,22,-2
1437587245474,38588,22,-2
1437587246474,38588,22,-2
1437587247474,38589,22,-2
1437587248474,38589,22,-2
1437587249474,38589,22,-2
1437587250475,38589,22,-2
1437587251475,38589,22,-2
1437587252476,38589,22,-2
1437587253476,38590,22,-2
1437587254476,38590,22,-2
1437587255476,38590,22,-2
1437587256476,38590,22,-2
1437587257476,38590,22,-2
1437587258477,38590,22,-2
1437587259477,38590,22,-2
1437587260477,38590,22,-2
1437587261477,38590,22,-2
1437587262477,38590,21,-2
1437587263478,38590,21,-2
1437587264478,38590,21,-2
1437587265478,38590,21,-2
1437587266478,38590,21,-2
1437587267478,38590,21,-2
1437587268478,38590,21,-2
1437587269478,38590,21,-2
1437587270479,38590,21,-2
1437587271479,38590,21,-2
1437587272479,38590,21,-2
1437587273479,38590,21,-2
1437587274479,38590,20,-2
1437587275479,38590,20,-2
1437587276479,38590,20,-2
1437587277479,38590,20,-2
1437587278480,38590,19,-2
1437587279480,38590,19,-2
1437587280480,38590,19,-2
1437587281480,38590,19,-2
1437587282480,38590,19,-2
1437587283479,38590,19,-2
1437587284479,38590,19,-2
1437587285480,38590,19,-2
1437587286480,38590,19,-2
1437587287480,38590,19,-2
1437587288480,38590,19,-2
1437587289480,38590,19,-2
1437587290480,38590,19,-2
1437587291481,38590,19,-2
1437587292481,38590,19,-2
1437587293481,38590,19,-2
1437587294481,38590,19,-2
1437587295481,38590,19,-2
1437587296481,38590,19,-2
1437587297480,38590,19,-2
1437587298481,38590,19,-2
1437587299481,38590,19,-2
1437587300481,38590,18,-2
1437587301481,38590,18,-2
1437587302481,38590,18,-2
1437587303481,38590,18,-2
1437587304481,38590,18,-2
1437587305482,38590,18,-2
1437587306481,38590,17,-2
1437587307481,38590,16,-2
1437587308482,38590,16,-2
1437587309482,38590,15,-2
1437587310483,38590,15,-2
1437587311483,38590,15,-2
1437587312483,38590,15,-2
1437587313483,38591,14,-2
1437587314483,38591,14,-2
1437587315483,38591,14,-2
1437587316483,38591,14,-2
1437587317484,38591,14,-2
1437587318483,38591,14,-2
1437587319484,38591,14,-2
1437587320484,38591,14,-2
1437587321484,38591,14,-2
1437587322484,38591,14,-2
1437587323484,38591,14,-2
1437587324484,38591,14,-2
1437587325484,38591,14,-2
1437587326484,38591,14,-2
1437587327484,38591,14,-2
1437587328485,38591,13,-2
1437587329485,38591,13,-2
1437587330485,38591,13,-2
1437587331485,38591,13,-2
1437587332485,38591,13,-2
1437587333485,38591,13,-2
1437587334485,38591,13,-2
1437587335485,38591,13,-2
1437587336486,38591,13,-2
1437587337486,38591,13,-2
1437587338486,38591,12,-2
1437587339486,38591,12,-2
1437587340486,38591,12,-2
1437587341486,38591,12,-2
1437587342486,38591,12,-2
1437587343487,38591,11,-2
1437587344487,38591,11,-2
1437587345487,38591,11,-2
1437587346487,38591,11,-2
1437587347487,38591,11,-2
1437587348487,38591,11,-2
1437587349488,38591,9,-2
1437587350488,38592,9,-2
1437587351487,38592,9,-2
1437587352488,38592,9,-2
1437587353488,38592,9,-2
1437587354488,38592,9,-2
1437587355488,38592,9,-2
1437587356488,38592,9,-2
1437587357488,38592,9,-2
1437587358488,38592,9,-2
1437587359489,38592,9,-2
1437587360489,38592,8,-2
1437587361489,38592,8,-2
1437587362489,38592,8,-2
1437587363489,38592,8,-2
1437587364489,38592,7,-2
1437587365489,38592,7,-2
1437587366489,38592,5,-2
1437587367490,38592,5,-2
1437587368490,38592,5,-2
1437587369490,38592,5,-2
1437587370490,38592,4,-2
1437587371490,38592,4,-2
1437587372490,38592,4,-2
1437587373490,38592,4,-2
1437587374490,38592,4,-2
1437587375490,38592,3,-2
1437587376490,38594,2,-2
1437587377491,38594,2,-2
1437587378491,38595,2,-2
1437587379491,38603,2,-2
1437587380491,38604,2,-2
1437587381491,38604,2,-2
1437587382491,38605,2,-2
1437587383491,38609,2,-2
1437587384492,38609,2,-2
1437587385492,38609,1,-2
1437587386492,38609,0,-2
1437587387491,38612,0,-2
1437587388491,38613,0,-2
1437587389491,38613,0,-2
1437587390492,38615,1,-2
1437587391492,38619,0,-2
1437587392492,38620,0,-2
1437587393492,38620,0,-2
1437587394492,38620,0,-2
1437587395492,38622,0,-2
1437587396492,38623,0,-2
1437587397492,38623,0,-2
1437587398493,38624,0,-2
1437587399493,38625,0,-2
1437587400493,38626,0,-2
1437587401493,38627,0,-2
1437587402493,38633,0,-2
1437587403493,38633,0,-2
1437587404493,38633,0,-2
1437587405494,38633,0,-2
1437587406494,38634,0,-2
1437587407494,38634,0,-2
1437587408494,38637,0,-2
1437587409494,38637,0,-2
1437587410494,38637,0,-2
1437587411493,38638,0,-2
1437587412493,38640,0,-2
1437587413493,38640,0,-2
1437587414494,38643,0,-2
1437587415494,38643,0,-2
1437587416494,38644,0,-2
1437587417494,38644,0,-2
1437587418494,38644,0,-2
1437587419494,38646,0,-2
1437587420494,38646,0,-2
1437587421494,38647,0,-2
1437587422494,38647,0,-2
1437587423494,38647,0,-2
1437587424493,38649,0,-2
1437587425493,38649,0,-2
