Linux 3.13.0-43-generic (Apollo) 	2015-07-23 	_x86_64_	(4 CPU)

02:36:48        CPU     %user     %nice   %system   %iowait    %steal     %idle
02:36:49        all     18.84      0.00     20.35      1.51      0.00     59.30
02:36:50        all      0.00      0.00      0.25      0.00      0.00     99.75
02:36:51        all      0.00      0.00      0.00      0.00      0.00    100.00
02:36:52        all      2.49      0.00      0.50      0.00      0.00     97.01
02:36:53        all      0.25      0.00      0.00      0.00      0.00     99.75
02:36:54        all      0.00      0.00      0.25      0.50      0.00     99.25
02:36:55        all      0.25      0.00      0.25      0.00      0.00     99.50
02:36:56        all      0.25      0.00      0.00      0.00      0.00     99.75
02:36:57        all      0.00      0.00      0.00      0.00      0.00    100.00
02:36:58        all      0.00      0.00      0.00      0.00      0.00    100.00
02:36:59        all      0.75      0.00      0.50      9.80      0.00     88.94
02:37:00        all      0.76      0.00      1.77     21.46      0.00     76.01
02:37:01        all      0.50      0.00      2.01     22.56      0.00     74.94
02:37:02        all      0.26      0.00      1.02     22.45      0.00     76.28
02:37:03        all      0.00      0.00      1.76     22.86      0.00     75.38
02:37:04        all      0.25      0.00      1.75     23.06      0.00     74.94
02:37:05        all      0.00      0.00      2.76     22.11      0.00     75.13
02:37:06        all      0.25      0.00      1.51     23.12      0.00     75.13
02:37:07        all      0.00      0.00      1.01     23.68      0.00     75.31
02:37:08        all      0.25      0.00      1.26     24.12      0.00     74.37
02:37:09        all      6.00      4.50      2.25     11.75      0.00     75.50
02:37:10        all      1.01      0.00      1.26     20.91      0.00     76.83
02:37:11        all      0.25      0.00      0.75     23.56      0.00     75.44
02:37:12        all      0.00      0.00      0.50     24.43      0.00     75.06
02:37:13        all      0.25      0.00      0.50     23.43      0.00     75.82
02:37:14        all      0.50      0.00      0.75     23.06      0.00     75.69
02:37:15        all      0.00      0.00      0.75     24.37      0.00     74.87
02:37:16        all      0.00      0.00      0.25     24.30      0.00     75.44
02:37:17        all      0.25      0.00      1.01     22.86      0.00     75.88
02:37:18        all      0.75      0.00      0.50      9.80      0.00     88.94
02:37:19        all      0.25      0.00      0.00      0.00      0.00     99.75
02:37:20        all      0.25      0.00      0.50      1.50      0.00     97.74
02:37:21        all      0.00      0.00      0.25      0.00      0.00     99.75
02:37:22        all      0.00      0.00      0.25      0.00      0.00     99.75
02:37:23        all      0.25      0.00      0.50      0.00      0.00     99.25
02:37:24        all      0.25      0.00      1.51      0.00      0.00     98.24
02:37:25        all      0.25      0.00      1.01      0.75      0.00     97.99
02:37:26        all      1.26      0.00      1.76      0.00      0.00     96.98
02:37:27        all      1.01      0.00      1.01      0.00      0.00     97.99
02:37:28        all      1.00      0.00      1.50      0.00      0.00     97.50
02:37:29        all      1.76      0.00      2.27      0.00      0.00     95.97
02:37:30        all      1.26      0.00      2.01      0.00      0.00     96.73
02:37:31        all      1.52      0.00      2.02      0.76      0.00     95.71
02:37:32        all      2.02      0.00      2.27      0.00      0.00     95.72
02:37:33        all      4.26      0.00      3.51      0.00      0.00     92.23
02:37:34        all      3.80      0.00      3.04      0.00      0.00     93.16
02:37:35        all      4.29      0.00      2.78      0.25      0.00     92.68
02:37:36        all      3.79      0.00      4.04      0.51      0.00     91.67
02:37:37        all      4.03      0.00      3.27      0.50      0.00     92.19
02:37:38        all      1.52      0.00      1.01      0.00      0.00     97.47
02:37:39        all      2.53      0.00      1.26      0.00      0.00     96.21
02:37:40        all      4.56      0.00      3.04      0.25      0.00     92.15
02:37:41        all      3.59      0.00      2.05      0.00      0.00     94.36
02:37:42        all      4.82      0.00      3.55      0.76      0.00     90.86
02:37:43        all      3.78      0.00      2.27      0.50      0.00     93.45
02:37:44        all      4.08      0.00      2.81      0.00      0.00     93.11
02:37:45        all      2.80      0.00      1.27      0.00      0.00     95.93
02:37:46        all      3.52      0.00      3.02      0.50      0.00     92.96
02:37:47        all      3.79      0.00      2.27      0.76      0.00     93.18
02:37:48        all      3.58      0.00      3.84      0.51      0.00     92.07
02:37:49        all      4.06      0.00      2.54      0.25      0.00     93.15
02:37:50        all      3.06      0.00      3.06      0.51      0.00     93.37
02:37:51        all      3.04      0.00      2.78      1.52      0.00     92.66
02:37:52        all      3.56      0.00      4.33      0.00      0.00     92.11
02:37:53        all      2.55      0.00      2.81      0.26      0.00     94.39
02:37:54        all      3.60      0.00      3.34      0.26      0.00     92.80
02:37:55        all      3.54      0.00      4.55      0.25      0.00     91.67
02:37:56        all      3.60      0.00      2.83      0.77      0.00     92.80
02:37:57        all      2.56      0.00      2.56      1.54      0.00     93.33
02:37:58        all      1.54      0.00      1.79      0.26      0.00     96.41
02:37:59        all      2.54      0.00      2.80      0.00      0.00     94.66
02:38:00        all      2.53      0.00      3.03      0.00      0.00     94.44
02:38:01        all      3.05      0.00      3.31      0.51      0.00     93.13
02:38:02        all      4.10      0.00      4.10      0.77      0.00     91.03
02:38:03        all      3.04      0.00      3.54      0.51      0.00     92.91
02:38:04        all      2.52      0.00      3.53      0.50      0.00     93.45
02:38:05        all      2.05      0.00      2.56      0.00      0.00     95.40
02:38:06        all      2.79      0.00      3.55      0.51      0.00     93.15
02:38:07        all     13.04      0.00      8.18      0.77      0.00     78.01
02:38:08        all     21.08      0.00     11.05      0.77      0.00     67.10
02:38:09        all     22.56      0.00      9.49      1.03      0.00     66.92
02:38:10        all     22.74      0.00     10.85      1.03      0.00     65.37
02:38:11        all     22.56      0.00     10.26      1.03      0.00     66.15
02:38:12        all     17.97      0.00      9.37      0.76      0.00     71.90
02:38:13        all      3.31      0.00      2.29      1.02      0.00     93.38
02:38:14        all      4.27      0.00      3.27      0.75      0.00     91.71
02:38:15        all      3.76      0.00      3.51      0.25      0.00     92.48
02:38:16        all      2.54      0.00      2.79      1.27      0.00     93.40
02:38:17        all      2.31      0.00      2.56      0.26      0.00     94.87
02:38:18        all      2.76      0.00      2.26      0.25      0.00     94.72
02:38:19        all      3.56      0.00      3.05      0.25      0.00     93.13
02:38:20        all      2.54      0.00      2.54      0.25      0.00     94.66
02:38:21        all      3.27      0.00      2.77      1.76      0.00     92.19
02:38:22        all      3.07      0.00      4.35      0.26      0.00     92.33
02:38:23        all      3.03      0.00      3.28      0.25      0.00     93.43
02:38:24        all      4.31      0.00      3.30      0.25      0.00     92.13
02:38:25        all      4.06      0.00      3.81      0.51      0.00     91.62
02:38:26        all      2.29      0.00      2.80      0.51      0.00     94.40
02:38:27        all      2.54      0.00      3.05      1.02      0.00     93.40
02:38:28        all      6.12      0.00      5.10      0.77      0.00     88.01
02:38:29        all     24.61      0.00      9.69      1.31      0.00     64.40
02:38:30        all     24.68      0.00      8.57      0.26      0.00     66.49
02:38:31        all     22.60      0.00      9.61      1.30      0.00     66.49
02:38:32        all     24.42      0.00      9.61      0.52      0.00     65.45
02:38:33        all     22.96      0.00     11.99      0.77      0.00     64.29
02:38:34        all      6.91      0.00      4.60      0.51      0.00     87.98
02:38:35        all      2.82      0.00      2.82      0.77      0.00     93.59
02:38:36        all      3.29      0.00      4.30      1.27      0.00     91.14
02:38:37        all      5.57      0.00      4.81      0.25      0.00     89.37
02:38:38        all      3.05      0.00      3.05      0.51      0.00     93.40
02:38:39        all      1.78      0.00      1.78      0.25      0.00     96.18
02:38:40        all      3.03      0.00      3.79      0.76      0.00     92.42
02:38:41        all      4.07      0.00      3.56      2.29      0.00     90.08
02:38:42        all      7.44      0.00      5.13      0.77      0.00     86.67
02:38:43        all     30.81      0.00     12.01      0.78      0.00     56.40
02:38:44        all     43.41      0.00     17.31      0.52      0.00     38.76
02:38:45        all     43.72      0.00     18.85      0.00      0.00     37.43
02:38:46        all     52.08      0.00     22.40      1.04      0.00     24.48
02:38:47        all     54.10      0.00     20.26      0.00      0.00     25.64
02:38:48        all     52.73      0.00     21.30      0.52      0.00     25.45
02:38:49        all     58.57      0.00     26.85      0.26      0.00     14.32
02:38:50        all     55.08      0.00     26.14      0.25      0.00     18.53
02:38:51        all     53.42      0.00     26.58      0.25      0.00     19.75
02:38:52        all     58.07      0.00     22.92      0.00      0.00     19.01
02:38:53        all     55.44      0.00     26.17      0.26      0.00     18.13
02:38:54        all     51.57      0.00     23.82      0.00      0.00     24.61
02:38:55        all     51.41      0.00     23.65      0.26      0.00     24.68
02:38:56        all     51.93      0.00     21.59      0.51      0.00     25.96
02:38:57        all     47.41      0.00     19.17      0.52      0.00     32.90
02:38:58        all     52.33      0.00     22.28      0.26      0.00     25.13
02:38:59        all     43.31      0.00     19.16      0.26      0.00     37.27
02:39:00        all     40.89      0.00     17.19      0.52      0.00     41.41
02:39:01        all     42.60      0.00     22.34      2.34      0.00     32.73
02:39:02        all     37.56      0.00     18.39      0.26      0.00     43.78
02:39:03        all     15.62      0.00      7.30      0.25      0.00     76.83
02:39:04        all      2.56      0.00      3.07      0.77      0.00     93.61
02:39:05        all     11.54      0.00      5.90      0.77      0.00     81.79
02:39:06        all     23.85      0.00     10.00      1.28      0.00     64.87
02:39:07        all     29.46      0.00     10.59      1.03      0.00     58.91
02:39:08        all     40.10      0.00     21.34      1.54      0.00     37.02
02:39:09        all     41.99      0.00     18.11      0.26      0.00     39.63
02:39:10        all     40.05      0.00     18.85      0.52      0.00     40.58
02:39:11        all     24.61      0.00     10.88      1.04      0.00     63.47
02:39:12        all     23.39      0.00     10.03      0.26      0.00     66.32
02:39:13        all     12.12      0.00      6.31      0.51      0.00     81.06
02:39:14        all      3.86      0.00      3.08      0.26      0.00     92.80
02:39:15        all     24.62      0.00     14.36      0.51      0.00     60.51
02:39:16        all     47.18      0.00     21.28      0.51      0.00     31.03
02:39:17        all     53.94      0.00     24.68      0.25      0.00     21.12
02:39:18        all     50.39      0.00     25.96      0.00      0.00     23.65
02:39:19        all     57.03      0.00     25.06      0.00      0.00     17.90
02:39:20        all     59.60      0.00     26.01      0.25      0.00     14.14
02:39:21        all     58.82      0.00     24.04      0.26      0.00     16.88
02:39:22        all     59.50      0.00     26.75      0.00      0.00     13.75
02:39:23        all     60.87      0.00     24.55      0.26      0.00     14.32
02:39:24        all     59.85      0.00     27.27      0.25      0.00     12.63
02:39:25        all     61.62      0.00     25.76      0.00      0.00     12.63
02:39:26        all     56.20      0.00     30.38      0.25      0.00     13.16
02:39:27        all     61.27      0.00     24.81      0.00      0.00     13.92
02:39:28        all     54.82      0.00     26.90      0.25      0.00     18.02
02:39:29        all     58.57      0.00     25.32      0.00      0.00     16.11
02:39:30        all     56.54      0.00     23.04      0.00      0.00     20.42
02:39:31        all     53.08      0.00     25.64      0.26      0.00     21.03
02:39:32        all     53.95      0.00     25.79      0.26      0.00     20.00
02:39:33        all     50.64      0.00     24.94      0.00      0.00     24.43
02:39:34        all     48.19      0.00     21.24      0.26      0.00     30.31
02:39:35        all     58.67      0.00     28.06      0.00      0.00     13.27
02:39:36        all     59.10      0.00     29.18      0.50      0.00     11.22
02:39:37        all     62.47      0.00     24.16      0.00      0.00     13.37
02:39:38        all     57.58      0.00     28.28      2.83      0.00     11.31
02:39:39        all     59.34      0.00     30.81      0.00      0.00      9.85
02:39:40        all     64.41      0.00     28.07      0.00      0.00      7.52
02:39:41        all     62.76      0.00     30.36      0.26      0.00      6.63
02:39:42        all     61.75      0.00     31.00      0.00      0.00      7.25
02:39:43        all     60.61      0.00     29.29      0.00      0.00     10.10
02:39:44        all     61.36      0.00     29.80      0.25      0.00      8.59
02:39:45        all     63.38      0.00     28.28      0.00      0.00      8.33
02:39:46        all     59.60      0.00     31.67      0.00      0.00      8.73
02:39:47        all     61.07      0.00     30.03      0.00      0.00      8.91
02:39:48        all     60.46      0.00     31.63      0.00      0.00      7.91
02:39:49        all     61.27      0.00     30.63      0.25      0.00      7.85
02:39:50        all     60.35      0.00     33.08      0.00      0.00      6.57
02:39:51        all     60.15      0.00     29.82      0.00      0.00     10.03
02:39:52        all     60.50      0.00     28.75      0.25      0.00     10.50
02:39:53        all     60.67      0.00     30.33      0.00      0.00      9.00
02:39:54        all     62.75      0.00     26.75      0.25      0.00     10.25
02:39:55        all     58.06      0.00     29.67      0.00      0.00     12.28
02:39:56        all     60.71      0.00     28.83      0.00      0.00     10.46
02:39:57        all     61.28      0.00     29.74      0.00      0.00      8.97
02:39:58        all     62.88      0.00     28.03      0.25      0.00      8.84
02:39:59        all     60.55      0.00     29.15      0.00      0.00     10.30
02:40:00        all     59.34      0.00     28.54      0.00      0.00     12.12
02:40:01        all     65.13      0.00     23.85      0.26      0.00     10.77
02:40:02        all     61.52      0.00     29.11      0.00      0.00      9.37
02:40:03        all     56.74      0.00     32.57      0.00      0.00     10.69
02:40:04        all     62.31      0.00     27.18      0.00      0.00     10.51
02:40:05        all     62.63      0.00     27.02      0.00      0.00     10.35
02:40:06        all     58.99      0.00     28.10      0.25      0.00     12.66
02:40:07        all     61.07      0.00     25.95      0.00      0.00     12.98
02:40:08        all     60.15      0.00     26.22      0.00      0.00     13.62
Average:        all     24.34      0.02     11.89      2.49      0.00     61.25
