46.20
46.20
48.90
48.96
48.96
48.97
48.97
48.97
48.97
49.08
49.35
49.63
49.92
50.18
50.42
50.78
51.00
51.04
51.18
51.28
51.31
51.34
51.37
51.41
51.44
51.46
51.50
51.46
51.46
51.49
51.55
51.66
51.90
52.39
52.91
53.62
53.65
54.23
54.84
55.51
56.13
56.82
57.51
58.43
59.29
60.32
61.33
62.12
62.27
62.54
62.92
63.40
63.82
64.14
64.34
64.50
64.79
64.93
65.15
65.30
65.41
65.56
65.65
65.79
65.88
66.18
66.30
66.33
66.42
66.45
66.52
66.55
66.65
66.68
66.79
66.82
66.86
67.03
67.07
67.12
67.23
67.44
67.49
67.55
67.64
67.67
67.72
67.78
67.82
67.86
67.90
67.97
68.04
68.10
68.18
68.21
68.25
68.29
68.41
68.42
68.49
68.54
68.64
68.64
68.67
68.71
68.76
68.80
68.85
68.88
68.90
68.94
69.04
69.21
69.24
69.39
69.47
69.44
69.56
69.62
69.63
69.72
69.79
69.79
69.85
69.94
69.88
69.99
70.01
70.07
70.15
71.10
71.02
71.02
71.04
71.10
71.17
71.28
71.37
71.39
71.39
71.47
71.43
71.46
71.59
71.71
71.74
71.78
71.85
71.96
72.01
72.13
72.19
72.25
72.34
72.31
72.32
72.34
72.38
72.44
72.43
72.48
72.50
72.51
72.64
72.73
72.77
72.84
72.93
72.99
73.12
73.20
73.20
73.45
73.53
73.56
73.58
73.58
73.70
73.71
73.80
73.87
73.79
73.85
73.92
73.90
73.95
73.99
74.04
73.99
74.08
74.17
74.10
74.06
74.12
74.18
74.13
74.17
74.13
74.09
