13.25
4.03
8.02
7.77
9.66
12.03
12.08
31.13
10.66
12.24
12.09
16.54
19.47
21.01
23.53
21.21
12.63
16.50
21.50
22.56
23.91
25.76
26.85
23.80
25.57
23.14
22.84
25.25
26.85
24.94
27.48
25.83
23.66
26.92
29.19
28.89
33.25
31.47
34.25
33.17
31.06
38.69
29.56
36.62
34.92
32.82
28.64
29.31
28.90
28.17
27.18
31.14
28.75
26.80
29.49
28.68
32.40
30.10
34.09
33.67
31.30
31.28
30.59
34.62
28.31
28.32
28.24
27.41
28.76
29.38
30.79
31.82
28.28
28.35
30.79
28.02
28.39
31.98
29.72
29.97
28.90
30.69
26.74
33.25
33.76
32.15
28.61
27.18
29.11
33.08
28.94
28.50
29.85
26.46
29.59
30.10
30.43
29.34
30.46
27.76
28.98
29.74
26.72
30.59
30.51
29.29
29.61
31.03
28.57
28.76
31.39
27.94
29.26
29.08
29.62
33.50
27.27
29.29
33.08
30.00
30.28
26.80
28.68
26.89
32.23
29.26
29.26
29.43
30.31
26.61
27.42
30.33
31.89
30.39
30.39
29.56
27.32
29.23
28.69
33.42
31.03
30.39
30.31
28.35
29.72
30.59
28.94
26.56
29.01
26.80
29.23
30.51
28.79
30.43
32.24
31.30
30.03
32.83
28.68
29.07
33.08
28.28
28.75
29.08
29.72
31.36
30.46
30.79
29.59
34.01
29.12
29.34
26.97
31.84
35.86
32.16
27.55
27.81
29.05
28.79
33.50
28.17
28.20
25.91
30.08
29.05
27.46
29.17
28.21
28.87
26.55
26.92
31.71
28.50
25.33
26.60
29.27
26.23
27.95
30.26
28.61
30.40
30.08
30.05
25.52
27.88
25.97
30.53
29.95
31.70
28.57
32.14
28.28
29.97
30.61
28.90
28.32
28.21
26.55
31.04
28.82
27.99
29.01
27.25
27.98
26.03
27.69
28.24
28.09
31.79
30.08
26.23
31.06
28.10
30.71
30.46
31.71
26.60
25.96
28.06
30.93
28.93
31.20
31.28
26.55
30.95
24.09
26.02
28.94
29.40
25.58
28.28
29.01
32.41
30.13
30.61
25.91
27.65
28.32
28.09
24.48
30.05
27.18
29.37
30.51
28.32
28.39
33.08
26.48
26.82
29.11
28.50
30.63
26.17
26.29
30.67
28.68
28.86
34.96
30.46
30.58
33.42
32.83
33.93
30.15
26.15
28.87
27.86
32.31
27.55
27.39
29.34
25.38
27.76
28.13
31.89
30.57
30.36
31.41
27.79
26.80
30.59
30.00
28.24
29.43
30.77
29.64
26.55
31.30
28.72
25.59
28.72
28.39
26.34
27.25
28.64
28.97
26.46
23.33
28.09
25.00
22.62
24.43
22.42
19.29
19.95
19.18
17.35
16.96
19.08
21.77
14.03
12.79
13.81
13.07
11.65
11.45
9.60
9.57
9.67
6.31
8.91
7.11
6.58
5.82
7.30
6.05
3.03
4.81
4.57
3.76
3.78
3.00
4.02
1.75
1.26
1.25
1.75
1.50
2.99
1.75
2.00
1.51
2.99
1.50
1.25
1.50
1.75
1.50
1.75
2.02
2.00
1.26
2.00
2.51
2.01
2.01
1.75
1.50
1.51
1.25
2.00
1.50
1.25
1.75
1.75
1.25
1.75
2.00
1.25
1.25
1.25
1.50
1.49
2.26
1.00
1.50
1.76
1.00
1.00
