44.84
44.85
44.88
44.96
45.11
45.44
45.43
45.45
45.49
45.54
45.63
45.90
46.43
46.92
47.01
47.09
47.16
47.23
47.35
47.67
47.99
48.62
49.31
49.88
50.58
50.82
51.08
51.37
51.54
51.68
51.89
52.03
52.12
52.23
52.39
52.61
52.97
53.72
54.51
55.32
56.16
56.98
57.81
58.72
59.68
60.50
60.63
60.74
60.84
60.99
61.10
61.15
61.22
61.33
61.46
61.71
62.03
62.21
63.01
63.84
64.62
65.42
65.50
65.51
65.55
65.59
65.64
65.70
65.75
65.77
65.78
65.78
65.79
65.78
65.77
65.77
65.76
65.76
65.74
65.73
65.76
65.82
65.90
66.09
66.48
66.51
66.50
66.48
66.48
66.48
66.47
66.48
66.47
66.45
66.44
66.43
66.42
66.43
66.48
66.57
66.77
66.77
66.82
66.89
66.87
66.86
66.86
66.87
66.87
66.87
66.89
66.88
66.87
66.87
66.84
66.87
66.93
67.02
67.21
67.21
67.20
67.19
67.17
67.16
67.17
67.15
67.14
67.12
67.10
67.08
67.06
67.04
67.02
66.99
67.02
67.05
67.10
67.13
67.13
67.10
67.08
67.06
67.05
67.03
67.00
66.99
66.97
66.96
66.96
66.93
66.96
66.99
67.08
67.26
67.66
67.67
67.66
67.64
67.63
67.67
67.71
67.71
67.70
67.66
67.64
67.63
67.64
67.65
67.65
67.65
67.63
67.62
67.63
67.67
67.76
67.96
67.98
67.98
67.97
67.95
67.94
67.91
67.89
67.89
67.86
67.84
67.82
67.81
67.79
67.79
67.77
67.75
67.75
67.74
67.70
67.68
67.69
67.66
67.63
67.61
67.62
67.61
67.61
67.63
67.61
67.59
67.60
67.65
67.73
67.74
67.72
67.71
67.67
67.66
67.64
67.61
67.60
67.57
67.56
67.53
67.51
67.49
67.46
67.44
67.42
67.40
67.37
67.35
67.33
67.30
67.29
67.29
67.34
67.37
67.44
67.61
67.98
68.00
67.99
67.97
67.95
67.92
67.92
67.90
67.89
67.87
67.84
67.82
67.80
67.82
67.82
67.80
67.78
67.76
67.74
67.74
67.73
67.71
67.68
67.66
67.63
67.61
67.59
67.57
67.53
67.51
67.50
67.48
67.46
67.44
67.41
67.38
67.36
67.35
67.33
67.31
67.28
67.29
67.31
67.34
67.42
67.61
67.95
68.74
68.72
68.72
68.70
68.70
68.70
68.71
68.70
68.71
68.69
68.67
68.66
68.64
68.63
68.61
68.59
68.57
68.55
68.54
68.51
68.48
68.46
68.44
68.41
68.41
68.39
68.36
68.34
68.32
68.30
68.27
68.25
68.23
68.20
68.19
68.16
68.14
68.12
68.09
68.06
68.04
68.01
67.98
67.96
67.92
67.89
67.87
67.84
67.81
67.77
67.75
67.73
67.70
67.68
67.65
67.62
67.59
67.57
67.55
67.52
67.50
67.47
67.44
67.42
67.40
67.38
67.35
67.33
67.30
67.28
67.26
67.24
67.21
67.19
67.16
67.14
67.11
67.08
67.06
67.03
67.02
66.99
66.96
66.94
66.92
66.90
66.83
66.82
66.80
66.78
66.75
66.73
66.71
66.69
66.67
66.65
66.62
66.60
66.58
66.56
66.53
66.46
66.45
66.42
66.41
66.39
66.36
66.33
66.31
66.29
66.26
66.24
66.22
66.19
66.17
66.14
66.12
