33.67
8.82
12.15
12.91
16.80
16.27
22.94
34.75
38.36
23.08
21.99
25.38
20.25
25.75
27.62
28.46
37.40
22.68
25.70
25.58
26.61
27.03
34.79
34.52
28.02
28.90
31.44
31.27
31.17
34.19
35.40
33.68
34.63
32.65
35.06
33.94
37.56
42.08
42.46
44.27
43.51
47.47
39.39
44.27
44.56
46.41
55.84
50.13
49.10
51.79
50.52
48.71
57.36
51.67
47.63
49.35
45.14
48.96
52.55
47.01
43.90
49.61
47.53
46.86
47.91
50.52
48.98
46.61
48.68
49.74
48.07
49.10
51.04
46.92
49.87
45.95
47.06
49.74
52.56
45.36
46.17
47.06
47.27
51.81
47.00
46.88
45.91
50.77
42.13
45.24
45.71
49.08
49.22
50.13
50.13
42.86
43.48
50.13
43.99
49.75
50.51
46.25
46.80
51.66
51.64
48.31
47.98
55.73
46.41
48.06
50.90
43.26
48.44
46.19
49.48
51.19
45.29
46.63
48.70
48.15
45.24
44.62
42.16
48.15
49.34
47.64
49.87
46.83
46.74
46.37
48.28
48.28
51.93
48.17
46.75
44.04
46.98
44.04
45.65
49.23
47.01
47.67
48.45
42.44
46.54
43.34
44.82
43.12
49.09
46.19
48.31
43.65
44.94
43.94
43.96
47.09
50.90
46.63
49.10
48.60
54.68
45.17
45.78
45.87
46.34
45.45
48.43
47.09
48.05
43.57
45.85
48.83
43.88
46.09
47.01
49.08
45.77
43.90
46.35
47.64
46.67
44.27
44.07
45.78
45.89
45.79
45.60
48.21
46.29
47.56
46.92
40.57
40.63
45.19
45.57
46.72
41.54
45.95
42.60
41.13
43.38
41.04
44.19
41.47
41.73
41.80
45.85
43.33
43.81
42.93
43.54
48.32
43.93
39.47
45.03
42.19
40.80
40.36
44.39
41.42
43.12
42.75
44.04
42.52
44.79
43.30
46.02
44.30
42.82
44.99
42.78
42.23
42.16
42.03
45.24
40.63
42.78
47.57
41.01
42.38
43.59
40.79
45.60
43.24
43.42
40.52
44.30
41.56
40.16
43.31
42.44
47.38
43.12
44.01
37.70
40.05
45.21
42.48
42.41
36.69
39.33
44.24
40.41
45.41
43.04
44.65
44.19
41.18
40.99
45.93
42.49
43.24
43.19
38.20
37.60
41.25
44.07
39.53
41.84
45.50
41.84
40.58
41.27
43.12
39.48
40.05
43.90
44.39
40.31
40.41
38.16
40.62
39.11
43.70
41.56
38.96
46.92
42.93
42.01
44.50
42.45
38.90
48.07
43.42
45.31
41.69
42.78
40.15
45.55
46.23
38.76
39.06
43.86
40.36
40.76
38.60
36.08
32.98
35.79
34.18
33.51
29.12
30.33
26.17
26.60
23.72
23.51
24.43
21.85
20.26
15.09
15.46
16.24
13.66
10.85
7.27
8.38
6.62
4.53
1.75
1.75
1.75
1.75
1.75
1.75
1.50
1.50
2.25
1.75
1.75
1.25
2.50
1.50
1.25
1.50
1.49
1.25
1.50
0.50
3.50
0.75
1.75
1.00
1.75
1.00
1.25
1.25
1.75
0.50
1.75
1.00
1.01
1.76
3.00
1.00
1.25
1.50
1.00
1.75
1.75
1.50
1.26
1.75
1.50
1.00
1.00
1.50
1.75
1.75
2.26
1.00
1.25
1.50
1.75
1.75
1.50
1.26
1.74
1.50
1.26
