Linux 3.11.0-15-generic (client-HVM-domU) 	04/21/2015

12:31:13 AM kbmemfree kbmemused  %memused kbbuffers  kbcached kbswpfree kbswpused  %swpused  kbswpcad
12:31:14 AM   2894124   3986376     57.94     27484    403236   1045500         0      0.00         0
12:31:15 AM   2893996   3986504     57.94     27492    403260   1045500         0      0.00         0
12:31:16 AM   2893172   3987328     57.95     27500    403288   1045500         0      0.00         0
12:31:17 AM   2891744   3988756     57.97     27508    403316   1045500         0      0.00         0
12:31:18 AM   2888540   3991960     58.02     27516    403340   1045500         0      0.00         0
12:31:19 AM   2880548   3999952     58.13     27524    403364   1045500         0      0.00         0
12:31:20 AM   2867044   4013456     58.33     27532    403408   1045500         0      0.00         0
12:31:21 AM   2867488   4013012     58.32     27540    403436   1045500         0      0.00         0
12:31:22 AM   2866852   4013648     58.33     27548    403592   1045500         0      0.00         0
12:31:23 AM   2864956   4015544     58.36     27556    403628   1045500         0      0.00         0
12:31:24 AM   2864084   4016416     58.37     27564    403668   1045500         0      0.00         0
12:31:25 AM   2862108   4018392     58.40     27572    403704   1045500         0      0.00         0
12:31:26 AM   2851316   4029184     58.56     27580    403744   1045500         0      0.00         0
12:31:27 AM   2835200   4045300     58.79     27588    403796   1045500         0      0.00         0
12:31:28 AM   2812688   4067812     59.12     27596    403840   1045500         0      0.00         0
12:31:29 AM   2810808   4069692     59.15     27604    403908   1045500         0      0.00         0
12:31:30 AM   2809960   4070540     59.16     27612    403984   1045500         0      0.00         0
12:31:31 AM   2805952   4074548     59.22     27620    404060   1045500         0      0.00         0
12:31:32 AM   2800640   4079860     59.30     27628    404120   1045500         0      0.00         0
12:31:33 AM   2792892   4087608     59.41     27636    404176   1045500         0      0.00         0
12:31:34 AM   2778596   4101904     59.62     27644    404248   1045500         0      0.00         0
12:31:35 AM   2757048   4123452     59.93     27652    404308   1045500         0      0.00         0
12:31:36 AM   2731000   4149500     60.31     27660    404388   1045500         0      0.00         0
12:31:37 AM   2697828   4182672     60.79     27668    404460   1045500         0      0.00         0
12:31:38 AM   2691728   4188772     60.88     27676    404528   1045500         0      0.00         0
12:31:39 AM   2688468   4192032     60.93     27684    404600   1045500         0      0.00         0
12:31:40 AM   2681564   4198936     61.03     27692    404680   1045500         0      0.00         0
12:31:41 AM   2677612   4202888     61.08     27700    404756   1045500         0      0.00         0
12:31:42 AM   2672520   4207980     61.16     27708    404840   1045500         0      0.00         0
12:31:43 AM   2666188   4214312     61.25     27716    404928   1045500         0      0.00         0
12:31:44 AM   2662728   4217772     61.30     27724    405016   1045500         0      0.00         0
12:31:45 AM   2660404   4220096     61.33     27732    405100   1045500         0      0.00         0
12:31:46 AM   2655648   4224852     61.40     27740    405188   1045500         0      0.00         0
12:31:47 AM   2651256   4229244     61.47     27748    405268   1045500         0      0.00         0
12:31:48 AM   2643352   4237148     61.58     27756    405360   1045500         0      0.00         0
12:31:49 AM   2634016   4246484     61.72     27764    405440   1045500         0      0.00         0
12:31:50 AM   2614872   4265628     62.00     27772    405532   1045500         0      0.00         0
12:31:51 AM   2576792   4303708     62.55     27780    405628   1045500         0      0.00         0
12:31:52 AM   2538924   4341576     63.10     27788    405720   1045500         0      0.00         0
12:31:53 AM   2497760   4382740     63.70     27796    405816   1045500         0      0.00         0
12:31:54 AM   2458864   4421636     64.26     27804    405908   1045500         0      0.00         0
12:31:55 AM   2422624   4457876     64.79     27812    406004   1045500         0      0.00         0
12:31:56 AM   2410556   4469944     64.97     27820    406104   1045500         0      0.00         0
12:31:57 AM   2377344   4503156     65.45     27828    406216   1045500         0      0.00         0
12:31:58 AM   2336012   4544488     66.05     27836    406308   1045500         0      0.00         0
12:31:59 AM   2293448   4587052     66.67     27844    406412   1045500         0      0.00         0
12:32:00 AM   2251564   4628936     67.28     27852    406512   1045500         0      0.00         0
12:32:01 AM   2207340   4673160     67.92     27860    406640   1045500         0      0.00         0
12:32:02 AM   2163940   4716560     68.55     27868    406740   1045500         0      0.00         0
12:32:03 AM   2122856   4757644     69.15     27876    406844   1045500         0      0.00         0
12:32:04 AM   2078692   4801808     69.79     27884    407204   1045500         0      0.00         0
12:32:05 AM   2035144   4845356     70.42     27892    407312   1045500         0      0.00         0
12:32:06 AM   1994040   4886460     71.02     27900    407408   1045500         0      0.00         0
12:32:07 AM   1959008   4921492     71.53     27908    407524   1045500         0      0.00         0
12:32:08 AM   1944048   4936452     71.75     27916    407636   1045500         0      0.00         0
12:32:09 AM   1939852   4940648     71.81     27924    407748   1045500         0      0.00         0
12:32:10 AM   1933144   4947356     71.90     27932    407956   1045500         0      0.00         0
12:32:11 AM   1930448   4950052     71.94     27940    408068   1045500         0      0.00         0
12:32:12 AM   1928136   4952364     71.98     27948    408180   1045500         0      0.00         0
12:32:13 AM   1927716   4952784     71.98     27956    408296   1045500         0      0.00         0
12:32:14 AM   1923500   4957000     72.04     27964    408396   1045500         0      0.00         0
12:32:15 AM   1918792   4961708     72.11     27972    408508   1045500         0      0.00         0
12:32:16 AM   1913016   4967484     72.20     27980    408616   1045500         0      0.00         0
12:32:17 AM   1900940   4979560     72.37     27988    408724   1045500         0      0.00         0
12:32:18 AM   1899800   4980700     72.39     27996    408832   1045500         0      0.00         0
12:32:19 AM   1899420   4981080     72.39     28004    408976   1045500         0      0.00         0
12:32:20 AM   1897776   4982724     72.42     28012    409100   1045500         0      0.00         0
12:32:21 AM   1897160   4983340     72.43     28020    409212   1045500         0      0.00         0
12:32:22 AM   1896556   4983944     72.44     28028    409328   1045500         0      0.00         0
12:32:23 AM   1895968   4984532     72.44     28036    409444   1045500         0      0.00         0
12:32:24 AM   1893136   4987364     72.49     28044    409592   1045500         0      0.00         0
12:32:25 AM   1890328   4990172     72.53     28052    409716   1045500         0      0.00         0
12:32:26 AM   1884076   4996424     72.62     28060    409852   1045500         0      0.00         0
12:32:27 AM   1885276   4995224     72.60     28068    409964   1045500         0      0.00         0
12:32:28 AM   1882692   4997808     72.64     28076    410076   1045500         0      0.00         0
12:32:29 AM   1880024   5000476     72.68     28084    410184   1045500         0      0.00         0
12:32:30 AM   1874220   5006280     72.76     28092    410296   1045500         0      0.00         0
12:32:31 AM   1864096   5016404     72.91     28100    410412   1045500         0      0.00         0
12:32:32 AM   1843920   5036580     73.20     28108    410528   1045500         0      0.00         0
12:32:33 AM   1843056   5037444     73.21     28116    410636   1045500         0      0.00         0
12:32:34 AM   1840176   5040324     73.26     28124    410736   1045500         0      0.00         0
12:32:35 AM   1836568   5043932     73.31     28132    410844   1045500         0      0.00         0
12:32:36 AM   1831340   5049160     73.38     28140    411032   1045500         0      0.00         0
12:32:37 AM   1831236   5049264     73.39     28148    411156   1045500         0      0.00         0
12:32:38 AM   1831532   5048968     73.38     28156    411264   1045500         0      0.00         0
12:32:39 AM   1831184   5049316     73.39     28164    411380   1045500         0      0.00         0
12:32:40 AM   1832300   5048200     73.37     28172    411484   1045500         0      0.00         0
12:32:41 AM   1832356   5048144     73.37     28180    411600   1045500         0      0.00         0
12:32:42 AM   1829060   5051440     73.42     28188    411752   1045500         0      0.00         0
12:32:43 AM   1828896   5051604     73.42     28196    411860   1045500         0      0.00         0
12:32:44 AM   1829832   5050668     73.41     28204    411960   1045500         0      0.00         0
12:32:45 AM   1829744   5050756     73.41     28212    412076   1045500         0      0.00         0
12:32:46 AM   1830068   5050432     73.40     28220    412200   1045500         0      0.00         0
12:32:47 AM   1831300   5049200     73.38     28228    412316   1045500         0      0.00         0
12:32:48 AM   1831560   5048940     73.38     28236    412428   1045500         0      0.00         0
12:32:49 AM   1832248   5048252     73.37     28244    412540   1045500         0      0.00         0
12:32:50 AM   1832856   5047644     73.36     28252    412652   1045500         0      0.00         0
12:32:51 AM   1833492   5047008     73.35     28260    412772   1045500         0      0.00         0
12:32:52 AM   1831624   5048876     73.38     28268    412872   1045500         0      0.00         0
12:32:53 AM   1829372   5051128     73.41     28276    412988   1045500         0      0.00         0
12:32:54 AM   1825124   5055376     73.47     28284    413108   1045500         0      0.00         0
12:32:55 AM   1825176   5055324     73.47     28292    413216   1045500         0      0.00         0
12:32:56 AM   1825016   5055484     73.48     28300    413324   1045500         0      0.00         0
12:32:57 AM   1822176   5058324     73.52     28308    413440   1045500         0      0.00         0
12:32:58 AM   1816644   5063856     73.60     28316    413552   1045500         0      0.00         0
12:32:59 AM   1808048   5072452     73.72     28324    413664   1045500         0      0.00         0
12:33:00 AM   1789456   5091044     73.99     28332    413780   1045500         0      0.00         0
12:33:01 AM   1749292   5131208     74.58     28340    413892   1045500         0      0.00         0
12:33:02 AM   1748924   5131576     74.58     28348    414048   1045500         0      0.00         0
12:33:03 AM   1748900   5131600     74.58     28356    414152   1045500         0      0.00         0
12:33:04 AM   1749216   5131284     74.58     28364    414276   1045500         0      0.00         0
12:33:05 AM   1749672   5130828     74.57     28372    414376   1045500         0      0.00         0
12:33:06 AM   1750072   5130428     74.56     28380    414492   1045500         0      0.00         0
12:33:07 AM   1750352   5130148     74.56     28388    414624   1045500         0      0.00         0
12:33:08 AM   1750120   5130380     74.56     28396    414736   1045500         0      0.00         0
12:33:09 AM   1749632   5130868     74.57     28404    414884   1045500         0      0.00         0
12:33:10 AM   1750044   5130456     74.57     28412    415000   1045500         0      0.00         0
12:33:11 AM   1751384   5129116     74.55     28420    415112   1045500         0      0.00         0
12:33:12 AM   1752328   5128172     74.53     28428    415216   1045500         0      0.00         0
12:33:13 AM   1753120   5127380     74.52     28436    415328   1045500         0      0.00         0
12:33:14 AM   1753700   5126800     74.51     28444    415444   1045500         0      0.00         0
12:33:15 AM   1754088   5126412     74.51     28452    415564   1045500         0      0.00         0
12:33:16 AM   1754896   5125604     74.49     28460    415668   1045500         0      0.00         0
12:33:17 AM   1755620   5124880     74.48     28468    415816   1045500         0      0.00         0
12:33:18 AM   1756040   5124460     74.48     28476    416204   1045500         0      0.00         0
12:33:19 AM   1756988   5123512     74.46     28484    416320   1045500         0      0.00         0
12:33:20 AM   1758000   5122500     74.45     28492    416432   1045500         0      0.00         0
12:33:21 AM   1758324   5122176     74.44     28500    416580   1045500         0      0.00         0
12:33:22 AM   1759272   5121228     74.43     28508    416688   1045500         0      0.00         0
12:33:23 AM   1760372   5120128     74.42     28516    416848   1045500         0      0.00         0
12:33:24 AM   1762524   5117976     74.38     28524    416964   1045500         0      0.00         0
12:33:25 AM   1763120   5117380     74.38     28532    417072   1045500         0      0.00         0
12:33:26 AM   1763620   5116880     74.37     28540    417188   1045500         0      0.00         0
12:33:27 AM   1764940   5115560     74.35     28548    417296   1045500         0      0.00         0
12:33:28 AM   1765360   5115140     74.34     28556    417424   1045500         0      0.00         0
12:33:29 AM   1766276   5114224     74.33     28564    417532   1045500         0      0.00         0
12:33:30 AM   1767028   5113472     74.32     28572    417708   1045500         0      0.00         0
12:33:31 AM   1765356   5115144     74.34     28580    417828   1045500         0      0.00         0
12:33:32 AM   1763108   5117392     74.38     28588    417944   1045500         0      0.00         0
12:33:33 AM   1764036   5116464     74.36     28596    418272   1045500         0      0.00         0
12:33:34 AM   1764492   5116008     74.36     28604    418376   1045500         0      0.00         0
12:33:35 AM   1765608   5114892     74.34     28612    418484   1045500         0      0.00         0
12:33:36 AM   1766072   5114428     74.33     28620    418628   1045500         0      0.00         0
12:33:37 AM   1768772   5111728     74.29     28628    418728   1045500         0      0.00         0
12:33:38 AM   1769052   5111448     74.29     28636    418856   1045500         0      0.00         0
12:33:39 AM   1769660   5110840     74.28     28644    418968   1045500         0      0.00         0
12:33:40 AM   1770512   5109988     74.27     28652    419092   1045500         0      0.00         0
12:33:41 AM   1771988   5108512     74.25     28660    419208   1045500         0      0.00         0
12:33:42 AM   1772500   5108000     74.24     28668    419320   1045500         0      0.00         0
12:33:43 AM   1773540   5106960     74.22     28676    419464   1045500         0      0.00         0
12:33:44 AM   1773988   5106512     74.22     28684    419628   1045500         0      0.00         0
12:33:45 AM   1775212   5105288     74.20     28692    419744   1045500         0      0.00         0
12:33:46 AM   1775616   5104884     74.19     28700    419880   1045500         0      0.00         0
12:33:47 AM   1777400   5103100     74.17     28708    419996   1045500         0      0.00         0
12:33:48 AM   1776540   5103960     74.18     28716    420104   1045500         0      0.00         0
12:33:49 AM   1775324   5105176     74.20     28724    420216   1045500         0      0.00         0
12:33:50 AM   1772968   5107532     74.23     28732    420340   1045500         0      0.00         0
12:33:51 AM   1769748   5110752     74.28     28740    420512   1045500         0      0.00         0
12:33:52 AM   1761976   5118524     74.39     28748    420624   1045500         0      0.00         0
12:33:53 AM   1743468   5137032     74.66     28756    420744   1045500         0      0.00         0
12:33:54 AM   1708424   5172076     75.17     28764    420848   1045500         0      0.00         0
12:33:55 AM   1705840   5174660     75.21     28772    420964   1045500         0      0.00         0
12:33:56 AM   1704016   5176484     75.23     28780    421076   1045500         0      0.00         0
12:33:57 AM   1703960   5176540     75.23     28788    421188   1045500         0      0.00         0
12:33:58 AM   1701888   5178612     75.27     28796    421300   1045500         0      0.00         0
12:33:59 AM   1701240   5179260     75.27     28804    421412   1045500         0      0.00         0
12:34:00 AM   1702116   5178384     75.26     28812    421528   1045500         0      0.00         0
12:34:01 AM   1700228   5180272     75.29     28820    421644   1045500         0      0.00         0
12:34:02 AM   1700240   5180260     75.29     28828    421752   1045500         0      0.00         0
12:34:03 AM   1701140   5179360     75.28     28836    422088   1045500         0      0.00         0
12:34:04 AM   1701392   5179108     75.27     28844    422188   1045500         0      0.00         0
12:34:05 AM   1702460   5178040     75.26     28852    422312   1045500         0      0.00         0
12:34:06 AM   1703428   5177072     75.24     28860    422412   1045500         0      0.00         0
12:34:07 AM   1703704   5176796     75.24     28868    422532   1045500         0      0.00         0
12:34:08 AM   1704556   5175944     75.23     28876    422656   1045500         0      0.00         0
12:34:09 AM   1705268   5175232     75.22     28884    422780   1045500         0      0.00         0
12:34:10 AM   1706556   5173944     75.20     28892    422888   1045500         0      0.00         0
12:34:11 AM   1706152   5174348     75.20     28900    423004   1045500         0      0.00         0
12:34:12 AM   1707420   5173080     75.18     28908    423116   1045500         0      0.00         0
12:34:13 AM   1706192   5174308     75.20     28916    423228   1045500         0      0.00         0
12:34:14 AM   1704408   5176092     75.23     28924    423352   1045500         0      0.00         0
12:34:15 AM   1704440   5176060     75.23     28932    423456   1045500         0      0.00         0
12:34:16 AM   1704920   5175580     75.22     28940    423648   1045500         0      0.00         0
12:34:17 AM   1705256   5175244     75.22     28948    423768   1045500         0      0.00         0
12:34:18 AM   1706792   5173708     75.19     28956    423880   1045500         0      0.00         0
12:34:19 AM   1707568   5172932     75.18     28964    423996   1045500         0      0.00         0
12:34:20 AM   1710500   5170000     75.14     28972    424104   1045500         0      0.00         0
12:34:21 AM   1709768   5170732     75.15     28980    424224   1045500         0      0.00         0
12:34:22 AM   1710856   5169644     75.13     28988    424556   1045500         0      0.00         0
12:34:23 AM   1710476   5170024     75.14     28996    424600   1045500         0      0.00         0
12:34:24 AM   1711116   5169384     75.13     29004    424744   1045500         0      0.00         0
12:34:25 AM   1712608   5167892     75.11     29012    424852   1045500         0      0.00         0
12:34:26 AM   1713488   5167012     75.10     29020    424960   1045500         0      0.00         0
12:34:27 AM   1713416   5167084     75.10     29028    425072   1045500         0      0.00         0
12:34:28 AM   1712648   5167852     75.11     29036    425184   1045500         0      0.00         0
12:34:29 AM   1711732   5168768     75.12     29044    425352   1045500         0      0.00         0
12:34:30 AM   1712676   5167824     75.11     29052    425460   1045500         0      0.00         0
12:34:31 AM   1713416   5167084     75.10     29060    425572   1045500         0      0.00         0
12:34:32 AM   1714420   5166080     75.08     29068    425680   1045500         0      0.00         0
12:34:33 AM   1713844   5166656     75.09     29076    425788   1045500         0      0.00         0
12:34:34 AM   1715756   5164744     75.06     29084    425908   1045500         0      0.00         0
12:34:35 AM   1716868   5163632     75.05     29092    426016   1045500         0      0.00         0
12:34:36 AM   1716780   5163720     75.05     29100    426136   1045500         0      0.00         0
12:34:37 AM   1717916   5162584     75.03     29108    426248   1045500         0      0.00         0
12:34:38 AM   1718864   5161636     75.02     29116    426352   1045500         0      0.00         0
12:34:39 AM   1719852   5160648     75.00     29124    426456   1045500         0      0.00         0
12:34:40 AM   1721140   5159360     74.99     29132    426576   1045500         0      0.00         0
12:34:41 AM   1721984   5158516     74.97     29140    426680   1045500         0      0.00         0
12:34:42 AM   1722912   5157588     74.96     29148    426792   1045500         0      0.00         0
12:34:43 AM   1723540   5156960     74.95     29156    426908   1045500         0      0.00         0
12:34:44 AM   1724524   5155976     74.94     29164    427016   1045500         0      0.00         0
12:34:45 AM   1725624   5154876     74.92     29172    427132   1045500         0      0.00         0
12:34:46 AM   1725388   5155112     74.92     29180    427252   1045500         0      0.00         0
12:34:47 AM   1727952   5152548     74.89     29188    427360   1045500         0      0.00         0
12:34:48 AM   1730236   5150264     74.85     29196    427472   1045500         0      0.00         0
12:34:49 AM   1729744   5150756     74.86     29204    427580   1045500         0      0.00         0
12:34:50 AM   1730668   5149832     74.85     29212    427696   1045500         0      0.00         0
12:34:51 AM   1731544   5148956     74.83     29220    427792   1045500         0      0.00         0
12:34:52 AM   1732988   5147512     74.81     29228    427908   1045500         0      0.00         0
12:34:53 AM   1733372   5147128     74.81     29236    428032   1045500         0      0.00         0
12:34:54 AM   1734448   5146052     74.79     29244    428176   1045500         0      0.00         0
12:34:55 AM   1736228   5144272     74.77     29252    428288   1045500         0      0.00         0
12:34:56 AM   1736408   5144092     74.76     29260    428400   1045500         0      0.00         0
12:34:57 AM   1737836   5142664     74.74     29268    428508   1045500         0      0.00         0
12:34:58 AM   1738468   5142032     74.73     29276    428624   1045500         0      0.00         0
12:34:59 AM   1739636   5140864     74.72     29284    428740   1045500         0      0.00         0
12:35:00 AM   1740796   5139704     74.70     29292    428852   1045500         0      0.00         0
12:35:01 AM   1742400   5138100     74.68     29300    428984   1045500         0      0.00         0
12:35:02 AM   1743372   5137128     74.66     29308    429112   1045500         0      0.00         0
12:35:03 AM   1742160   5138340     74.68     29316    429284   1045500         0      0.00         0
12:35:04 AM   1740124   5140376     74.71     29324    429400   1045500         0      0.00         0
12:35:05 AM   1736348   5144152     74.76     29332    429520   1045500         0      0.00         0
12:35:06 AM   1736500   5144000     74.76     29340    429628   1045500         0      0.00         0
12:35:07 AM   1735580   5144920     74.78     29348    429736   1045500         0      0.00         0
12:35:08 AM   1733140   5147360     74.81     29356    429852   1045500         0      0.00         0
12:35:09 AM   1729768   5150732     74.86     29364    429964   1045500         0      0.00         0
12:35:10 AM   1720356   5160144     75.00     29372    430072   1045500         0      0.00         0
12:35:11 AM   1702324   5178176     75.26     29380    430188   1045500         0      0.00         0
12:35:12 AM   1701320   5179180     75.27     29388    430296   1045500         0      0.00         0
12:35:13 AM   1702132   5178368     75.26     29396    430404   1045500         0      0.00         0
12:35:14 AM   1702820   5177680     75.25     29404    430520   1045500         0      0.00         0
12:35:15 AM   1703468   5177032     75.24     29412    430624   1045500         0      0.00         0
12:35:16 AM   1703808   5176692     75.24     29420    430728   1045500         0      0.00         0
12:35:17 AM   1705252   5175248     75.22     29428    430872   1045500         0      0.00         0
12:35:18 AM   1705728   5174772     75.21     29436    430988   1045500         0      0.00         0
12:35:19 AM   1706124   5174376     75.20     29444    431100   1045500         0      0.00         0
12:35:20 AM   1706768   5173732     75.19     29452    431212   1045500         0      0.00         0
12:35:21 AM   1707548   5172952     75.18     29460    431324   1045500         0      0.00         0
12:35:22 AM   1708732   5171768     75.17     29468    431432   1045500         0      0.00         0
12:35:23 AM   1709396   5171104     75.16     29476    431600   1045500         0      0.00         0
12:35:24 AM   1709720   5170780     75.15     29484    431732   1045500         0      0.00         0
12:35:25 AM   1711012   5169488     75.13     29492    431864   1045500         0      0.00         0
12:35:26 AM   1711304   5169196     75.13     29500    432040   1045500         0      0.00         0
12:35:27 AM   1712164   5168336     75.12     29508    432156   1045500         0      0.00         0
12:35:28 AM   1713452   5167048     75.10     29516    432260   1045500         0      0.00         0
12:35:29 AM   1716192   5164308     75.06     29524    432376   1045500         0      0.00         0
12:35:30 AM   1716924   5163576     75.05     29532    432488   1045500         0      0.00         0
12:35:31 AM   1719208   5161292     75.01     29540    432604   1045500         0      0.00         0
12:35:32 AM   1719596   5160904     75.01     29548    432716   1045500         0      0.00         0
12:35:33 AM   1720264   5160236     75.00     29556    432812   1045500         0      0.00         0
12:35:34 AM   1721304   5159196     74.98     29564    432916   1045500         0      0.00         0
12:35:35 AM   1722340   5158160     74.97     29572    433028   1045500         0      0.00         0
12:35:36 AM   1723476   5157024     74.95     29580    433140   1045500         0      0.00         0
12:35:37 AM   1724328   5156172     74.94     29588    433256   1045500         0      0.00         0
12:35:38 AM   1725432   5155068     74.92     29596    433368   1045500         0      0.00         0
12:35:39 AM   1726348   5154152     74.91     29604    433472   1045500         0      0.00         0
12:35:40 AM   1727136   5153364     74.90     29612    433588   1045500         0      0.00         0
12:35:41 AM   1728516   5151984     74.88     29620    433692   1045500         0      0.00         0
12:35:42 AM   1729308   5151192     74.87     29628    433816   1045500         0      0.00         0
12:35:43 AM   1730628   5149872     74.85     29636    433924   1045500         0      0.00         0
12:35:44 AM   1731232   5149268     74.84     29644    434036   1045500         0      0.00         0
12:35:45 AM   1733764   5146736     74.80     29652    434152   1045500         0      0.00         0
12:35:46 AM   1734024   5146476     74.80     29660    434268   1045500         0      0.00         0
12:35:47 AM   1735256   5145244     74.78     29668    434376   1045500         0      0.00         0
12:35:48 AM   1736048   5144452     74.77     29676    434476   1045500         0      0.00         0
12:35:49 AM   1737176   5143324     74.75     29684    434584   1045500         0      0.00         0
12:35:50 AM   1738060   5142440     74.74     29692    434700   1045500         0      0.00         0
12:35:51 AM   1739504   5140996     74.72     29700    434848   1045500         0      0.00         0
12:35:52 AM   1740568   5139932     74.70     29708    434948   1045500         0      0.00         0
12:35:53 AM   1741144   5139356     74.69     29716    435232   1045500         0      0.00         0
12:35:54 AM   1741780   5138720     74.69     29724    435348   1045500         0      0.00         0
12:35:55 AM   1742920   5137580     74.67     29732    435464   1045500         0      0.00         0
12:35:56 AM   1744004   5136496     74.65     29740    435564   1045500         0      0.00         0
12:35:57 AM   1744924   5135576     74.64     29748    435740   1045500         0      0.00         0
12:35:58 AM   1746056   5134444     74.62     29756    435848   1045500         0      0.00         0
12:35:59 AM   1747712   5132788     74.60     29764    435968   1045500         0      0.00         0
12:36:00 AM   1748844   5131656     74.58     29772    436080   1045500         0      0.00         0
12:36:01 AM   1749548   5130952     74.57     29780    436200   1045500         0      0.00         0
12:36:02 AM   1750652   5129848     74.56     29788    436312   1045500         0      0.00         0
12:36:03 AM   1751940   5128560     74.54     29796    436428   1045500         0      0.00         0
12:36:04 AM   1753444   5127056     74.52     29804    436600   1045500         0      0.00         0
12:36:05 AM   1754020   5126480     74.51     29812    436708   1045500         0      0.00         0
12:36:06 AM   1754656   5125844     74.50     29820    436820   1045500         0      0.00         0
12:36:07 AM   1754168   5126332     74.51     29828    436940   1045500         0      0.00         0
12:36:08 AM   1755568   5124932     74.48     29836    437044   1045500         0      0.00         0
12:36:09 AM   1756364   5124136     74.47     29844    437156   1045500         0      0.00         0
12:36:10 AM   1757220   5123280     74.46     29852    437268   1045500         0      0.00         0
12:36:11 AM   1758380   5122120     74.44     29860    437380   1045500         0      0.00         0
12:36:12 AM   1759420   5121080     74.43     29868    437496   1045500         0      0.00         0
12:36:13 AM   1762264   5118236     74.39     29876    437604   1045500         0      0.00         0
12:36:14 AM   1762180   5118320     74.39     29884    437724   1045500         0      0.00         0
12:36:15 AM   1763284   5117216     74.37     29892    437828   1045500         0      0.00         0
12:36:16 AM   1764480   5116020     74.36     29900    437948   1045500         0      0.00         0
12:36:17 AM   1765552   5114948     74.34     29908    438064   1045500         0      0.00         0
12:36:18 AM   1766588   5113912     74.32     29916    438172   1045500         0      0.00         0
12:36:19 AM   1767384   5113116     74.31     29924    438280   1045500         0      0.00         0
12:36:20 AM   1768672   5111828     74.29     29932    438388   1045500         0      0.00         0
12:36:21 AM   1769612   5110888     74.28     29940    438492   1045500         0      0.00         0
12:36:22 AM   1770616   5109884     74.27     29948    438616   1045500         0      0.00         0
12:36:23 AM   1771412   5109088     74.25     29956    438740   1045500         0      0.00         0
12:36:24 AM   1773040   5107460     74.23     29964    438888   1045500         0      0.00         0
12:36:25 AM   1773896   5106604     74.22     29972    438992   1045500         0      0.00         0
12:36:26 AM   1774936   5105564     74.20     29980    439104   1045500         0      0.00         0
12:36:27 AM   1777192   5103308     74.17     29988    439252   1045500         0      0.00         0
12:36:28 AM   1777476   5103024     74.17     29996    439356   1045500         0      0.00         0
12:36:29 AM   1778552   5101948     74.15     30004    439460   1045500         0      0.00         0
12:36:30 AM   1779716   5100784     74.13     30012    439548   1045500         0      0.00         0
12:36:31 AM   1781344   5099156     74.11     30020    439640   1045500         0      0.00         0
12:36:32 AM   1782292   5098208     74.10     30028    439728   1045500         0      0.00         0
12:36:33 AM   1783784   5096716     74.07     30036    439816   1045500         0      0.00         0
12:36:34 AM   1784828   5095672     74.06     30044    439900   1045500         0      0.00         0
12:36:35 AM   1785724   5094776     74.05     30052    439984   1045500         0      0.00         0
12:36:36 AM   1787328   5093172     74.02     30060    440052   1045500         0      0.00         0
12:36:37 AM   1789064   5091436     74.00     30068    440212   1045500         0      0.00         0
12:36:38 AM   1790584   5089916     73.98     30076    440264   1045500         0      0.00         0
12:36:39 AM   1792228   5088272     73.95     30084    440308   1045500         0      0.00         0
12:36:40 AM   1793904   5086596     73.93     30092    440356   1045500         0      0.00         0
12:36:41 AM   1795484   5085016     73.90     30100    440396   1045500         0      0.00         0
12:36:42 AM   1797976   5082524     73.87     30108    440476   1045500         0      0.00         0
12:36:43 AM   1798844   5081656     73.86     30116    440504   1045500         0      0.00         0
12:36:44 AM   1800048   5080452     73.84     30124    440536   1045500         0      0.00         0
12:36:45 AM   1801712   5078788     73.81     30132    440556   1045500         0      0.00         0
12:36:46 AM   1803460   5077040     73.79     30140    440592   1045500         0      0.00         0
12:36:47 AM   1804940   5075560     73.77     30148    440608   1045500         0      0.00         0
12:36:48 AM   1806268   5074232     73.75     30156    440620   1045500         0      0.00         0
12:36:49 AM   1807216   5073284     73.73     30164    440632   1045500         0      0.00         0
12:36:50 AM   1808056   5072444     73.72     30172    440644   1045500         0      0.00         0
12:36:51 AM   1809216   5071284     73.71     30180    440656   1045500         0      0.00         0
12:36:52 AM   1810556   5069944     73.69     30188    440668   1045500         0      0.00         0
12:36:53 AM   1811732   5068768     73.67     30196    440660   1045500         0      0.00         0
12:36:54 AM   1812976   5067524     73.65     30204    440684   1045500         0      0.00         0
12:36:55 AM   1814172   5066328     73.63     30212    440688   1045500         0      0.00         0
12:36:56 AM   1816700   5063800     73.60     30220    440680   1045500         0      0.00         0
12:36:57 AM   1817948   5062552     73.58     30228    440700   1045500         0      0.00         0
12:36:58 AM   1818784   5061716     73.57     30236    440696   1045500         0      0.00         0
12:36:59 AM   1820088   5060412     73.55     30244    440708   1045500         0      0.00         0
12:37:00 AM   1820620   5059880     73.54     30252    440700   1045500         0      0.00         0
12:37:01 AM   1822108   5058392     73.52     30260    440720   1045500         0      0.00         0
12:37:02 AM   1823176   5057324     73.50     30268    440720   1045500         0      0.00         0
12:37:03 AM   1824584   5055916     73.48     30276    440720   1045500         0      0.00         0
12:37:04 AM   1825840   5054660     73.46     30284    440732   1045500         0      0.00         0
12:37:05 AM   1826532   5053968     73.45     30292    440732   1045500         0      0.00         0
12:37:06 AM   1827568   5052932     73.44     30300    440732   1045500         0      0.00         0
12:37:07 AM   1828884   5051616     73.42     30308    440752   1045500         0      0.00         0
12:37:08 AM   1829912   5050588     73.40     30316    440744   1045500         0      0.00         0
12:37:09 AM   1831084   5049416     73.39     30324    440760   1045500         0      0.00         0
12:37:10 AM   1833876   5046624     73.35     30332    440764   1045500         0      0.00         0
12:37:11 AM   1835124   5045376     73.33     30340    440760   1045500         0      0.00         0
12:37:12 AM   1836304   5044196     73.31     30348    440768   1045500         0      0.00         0
12:37:13 AM   1837344   5043156     73.30     30356    440776   1045500         0      0.00         0
12:37:14 AM   1838528   5041972     73.28     30364    440772   1045500         0      0.00         0
12:37:15 AM   1839904   5040596     73.26     30372    440784   1045500         0      0.00         0
12:37:16 AM   1841204   5039296     73.24     30380    440784   1045500         0      0.00         0
12:37:17 AM   1842136   5038364     73.23     30388    440796   1045500         0      0.00         0
12:37:18 AM   1843172   5037328     73.21     30396    440788   1045500         0      0.00         0
12:37:19 AM   1844304   5036196     73.20     30404    440804   1045500         0      0.00         0
12:37:20 AM   1845624   5034876     73.18     30412    440808   1045500         0      0.00         0
12:37:21 AM   1846908   5033592     73.16     30420    440812   1045500         0      0.00         0
12:37:22 AM   1848072   5032428     73.14     30428    440808   1045500         0      0.00         0
12:37:23 AM   1849256   5031244     73.12     30436    440816   1045500         0      0.00         0
12:37:24 AM   1850448   5030052     73.11     30444    440816   1045500         0      0.00         0
12:37:25 AM   1853292   5027208     73.06     30452    440832   1045500         0      0.00         0
12:37:26 AM   1853568   5026932     73.06     30460    440840   1045500         0      0.00         0
12:37:27 AM   1854144   5026356     73.05     30468    440844   1045500         0      0.00         0
12:37:28 AM   1854932   5025568     73.04     30476    440840   1045500         0      0.00         0
12:37:29 AM   1856464   5024036     73.02     30484    440836   1045500         0      0.00         0
12:37:30 AM   1857776   5022724     73.00     30492    440856   1045500         0      0.00         0
12:37:31 AM   1858932   5021568     72.98     30500    440852   1045500         0      0.00         0
12:37:32 AM   1860212   5020288     72.96     30508    440864   1045500         0      0.00         0
12:37:33 AM   1861264   5019236     72.95     30516    440864   1045500         0      0.00         0
12:37:34 AM   1862428   5018072     72.93     30524    440872   1045500         0      0.00         0
12:37:35 AM   1863572   5016928     72.92     30532    440876   1045500         0      0.00         0
12:37:36 AM   1864736   5015764     72.90     30540    440880   1045500         0      0.00         0
12:37:37 AM   1866172   5014328     72.88     30548    440888   1045500         0      0.00         0
12:37:38 AM   1867060   5013440     72.86     30556    440884   1045500         0      0.00         0
12:37:39 AM   1868200   5012300     72.85     30564    440892   1045500         0      0.00         0
12:37:40 AM   1871616   5008884     72.80     30572    440900   1045500         0      0.00         0
12:37:41 AM   1872100   5008400     72.79     30580    440904   1045500         0      0.00         0
12:37:42 AM   1873340   5007160     72.77     30588    440912   1045500         0      0.00         0
12:37:43 AM   1874496   5006004     72.76     30596    440916   1045500         0      0.00         0
12:37:44 AM   1875536   5004964     72.74     30604    440920   1045500         0      0.00         0
12:37:45 AM   1877068   5003432     72.72     30612    440924   1045500         0      0.00         0
12:37:46 AM   1878120   5002380     72.70     30620    440928   1045500         0      0.00         0
12:37:47 AM   1879424   5001076     72.68     30628    440932   1045500         0      0.00         0
12:37:48 AM   1880464   5000036     72.67     30636    440940   1045500         0      0.00         0
12:37:49 AM   1881712   4998788     72.65     30644    440944   1045500         0      0.00         0
12:37:50 AM   1882852   4997648     72.63     30652    440948   1045500         0      0.00         0
12:37:51 AM   1884044   4996456     72.62     30660    440948   1045500         0      0.00         0
12:37:52 AM   1884732   4995768     72.61     30668    440960   1045500         0      0.00         0
12:37:53 AM   1885860   4994640     72.59     30676    440964   1045500         0      0.00         0
Average:      1892836   4987664     72.49     29080    424724   1045500         0      0.00         0
