60.38
60.05
59.65
59.49
59.24
58.60
58.13
57.70
57.31
56.86
56.41
56.02
56.11
56.26
56.85
57.56
58.41
60.06
60.75
61.08
60.96
60.55
60.19
60.18
60.29
60.45
61.24
61.64
63.01
64.54
67.43
70.75
73.24
74.37
75.16
75.77
76.80
77.40
77.74
78.01
78.09
78.22
78.65
79.12
79.41
80.44
80.66
81.13
81.53
82.23
82.92
84.02
84.46
85.09
86.22
87.03
87.61
88.10
88.34
89.05
89.25
89.46
89.69
90.03
90.42
90.80
91.17
91.86
92.10
92.56
92.57
92.90
92.99
93.19
93.20
93.53
93.66
94.04
94.24
94.46
94.66
94.99
95.13
95.36
95.57
95.87
95.86
95.88
95.79
95.77
95.89
95.95
95.95
96.20
96.40
96.13
96.11
96.30
96.32
96.48
96.66
96.25
96.65
95.95
96.03
95.86
95.98
96.06
96.08
96.14
96.26
96.32
95.93
95.99
96.02
95.97
95.53
95.63
95.26
95.16
94.78
94.64
94.58
94.51
94.39
94.44
94.50
94.56
94.66
94.80
94.92
94.94
95.09
95.13
95.08
95.14
95.13
95.17
95.20
95.29
95.26
95.43
95.52
95.62
95.65
95.74
95.87
95.97
95.92
96.04
96.02
96.09
96.14
96.10
96.22
96.26
96.33
96.24
95.92
96.04
96.14
96.25
96.49
96.52
96.58
96.72
96.66
96.76
96.88
96.94
96.97
96.79
96.84
96.92
96.73
96.85
96.83
96.86
96.88
96.95
95.77
95.79
95.81
95.97
96.03
96.20
96.24
96.20
96.34
96.23
96.57
95.79
95.83
95.69
95.80
95.97
96.07
96.11
96.16
96.07
96.32
96.28
96.50
96.78
95.93
96.27
94.63
94.73
94.99
95.24
95.29
95.15
94.72
94.45
94.15
93.76
93.30
93.34
93.06
93.07
93.20
93.33
93.68
93.68
93.87
94.06
93.87
93.92
93.80
93.78
93.70
93.65
93.72
93.61
93.42
93.42
93.42
93.49
93.56
93.54
93.67
93.84
93.70
93.70
93.68
93.68
93.84
94.09
94.29
94.44
94.61
94.90
95.00
95.04
95.01
95.22
95.36
95.70
95.86
96.04
96.14
96.12
96.19
96.23
95.48
95.30
95.35
95.28
95.23
95.21
95.12
95.16
95.20
95.14
95.15
95.15
95.22
95.25
95.27
95.32
95.32
95.40
95.46
95.46
95.56
95.58
95.64
95.58
95.67
95.83
95.73
95.27
94.91
94.75
94.80
94.86
94.85
94.96
94.50
94.63
94.55
94.83
95.08
95.24
95.30
95.33
95.41
95.53
95.66
95.79
95.89
96.08
96.29
95.71
95.88
96.04
96.23
95.98
95.97
96.10
96.24
96.05
96.08
95.96
96.06
96.06
96.09
96.11
96.09
96.09
95.97
95.97
95.94
95.97
95.89
95.95
95.88
95.92
95.83
95.85
95.87
95.96
96.02
96.06
96.10
96.09
96.01
96.04
95.83
95.70
95.43
95.40
95.39
95.36
95.40
95.34
95.29
95.22
95.14
95.02
94.91
94.89
94.88
94.83
94.76
94.75
94.87
94.87
94.97
95.12
95.17
95.33
95.43
95.20
95.04
95.05
95.08
95.18
95.28
95.25
95.21
95.46
95.54
95.55
95.58
95.56
95.77
95.95
96.00
96.11
96.14
96.13
96.00
95.95
95.89
95.97
95.87
95.88
95.98
95.97
96.04
96.19
96.21
96.17
96.28
96.28
96.33
96.50
96.45
96.48
96.44
96.36
96.25
96.17
95.96
95.97
95.88
95.89
95.89
95.87
95.88
95.90
95.95
95.93
95.88
95.90
95.99
95.91
95.92
95.74
95.94
95.91
95.90
95.82
95.87
95.87
95.81
95.82
95.77
95.76
95.83
95.79
95.87
95.97
96.14
96.07
95.99
96.05
95.91
95.81
95.88
95.89
95.89
95.72
95.79
95.77
95.84
95.74
95.85
95.85
95.89
96.00
96.12
96.10
96.16
96.13
96.28
96.37
96.35
96.26
96.18
96.15
96.03
96.07
96.05
96.18
96.19
96.40
96.41
96.44
96.48
96.54
96.49
96.63
96.51
96.44
96.49
96.58
96.64
96.73
96.70
96.76
96.84
96.80
96.82
96.98
95.75
95.93
96.05
96.07
96.20
96.15
96.41
95.84
95.78
95.88
95.71
95.74
95.74
95.65
95.68
95.92
96.12
96.29
95.80
95.92
96.30
95.41
95.59
95.57
95.46
95.45
95.46
95.51
95.58
95.65
95.60
95.68
95.58
95.75
95.87
96.13
96.11
96.28
94.59
94.99
95.19
95.34
95.41
95.51
95.74
96.07
95.95
95.87
96.01
96.25
95.92
96.12
96.16
96.32
96.01
96.00
96.01
95.63
95.56
95.64
95.69
95.58
95.69
95.78
95.74
95.32
95.29
95.35
95.29
95.35
95.42
95.31
95.01
95.09
95.21
95.29
95.32
95.32
95.31
95.40
95.38
95.43
95.50
95.60
95.54
95.52
95.66
95.74
95.84
95.91
95.91
96.19
96.26
96.31
96.36
95.71
95.79
95.76
95.88
95.69
95.35
95.18
95.27
95.28
95.46
95.43
95.45
95.51
95.55
95.60
95.48
95.52
95.49
95.66
95.63
95.56
95.55
95.55
95.55
95.60
95.62
95.69
95.78
95.76
95.83
95.83
95.84
95.89
95.86
95.76
95.72
95.84
95.91
95.92
95.91
96.01
96.00
95.95
95.96
95.89
95.76
95.98
95.83
95.91
95.86
95.82
95.82
95.67
95.71
95.69
95.73
95.72
95.71
95.80
95.74
95.81
95.81
95.85
95.83
95.89
95.96
95.81
95.71
95.76
95.74
95.74
95.61
95.65
95.62
95.64
95.26
95.26
94.84
94.93
94.41
94.14
93.82
93.32
92.86
92.25
91.79
91.34
90.88
90.33
89.70
89.10
88.68
88.32
87.90
87.54
87.15
86.94
86.51
86.07
85.62
85.27
85.43
85.70
86.31
87.24
88.74
89.34
89.50
89.62
89.68
89.79
90.00
90.30
90.51
90.58
90.50
90.54
90.63
90.75
90.79
90.68
90.71
90.78
91.33
91.35
91.46
91.69
91.93
92.12
92.28
92.42
92.69
92.89
93.15
93.35
93.27
93.43
93.41
93.46
93.60
93.72
93.79
93.77
94.10
94.20
94.16
94.11
94.23
94.17
94.27
94.40
94.51
94.66
94.72
94.88
95.02
95.15
95.30
95.48
95.62
95.76
95.80
95.75
95.76
95.82
95.76
95.95
95.89
95.92
95.74
95.71
95.69
95.91
95.82
95.79
95.84
95.91
95.88
95.93
96.00
96.01
95.98
95.97
96.05
95.95
95.86
95.92
96.00
96.04
95.97
96.02
96.03
96.11
96.16
96.16
96.09
96.17
96.24
96.29
96.28
96.32
96.36
96.29
96.32
96.24
96.19
96.18
96.30
96.40
96.51
96.37
96.37
96.33
96.35
96.40
96.48
96.46
96.45
96.61
96.52
96.51
96.52
96.49
96.36
96.26
96.34
96.45
96.46
96.51
96.67
96.70
96.76
96.66
96.55
96.65
96.54
96.72
96.76
96.65
96.69
96.82
96.92
97.04
97.05
96.92
97.10
96.74
97.02
96.02
96.20
96.09
96.03
96.03
96.08
96.11
96.14
96.33
96.18
96.25
96.32
96.33
96.54
96.66
96.21
96.34
96.16
96.18
96.14
96.24
96.28
96.30
96.33
96.18
96.24
96.15
96.06
96.23
96.37
96.51
96.55
96.29
96.17
96.22
96.54
96.63
96.16
96.03
96.09
96.19
96.17
96.19
96.40
96.21
96.08
96.18
96.29
96.32
96.43
96.59
96.11
96.23
96.26
96.14
96.23
96.30
95.82
95.56
95.52
95.46
95.38
95.30
95.37
95.44
95.47
95.44
95.38
95.42
95.53
95.41
95.41
95.47
95.54
95.56
95.66
95.75
95.82
95.97
96.31
96.43
96.41
96.40
96.34
96.32
96.39
96.46
96.44
96.50
96.69
96.38
96.35
96.41
96.53
96.43
96.32
96.33
96.28
96.34
96.33
96.41
96.46
96.61
96.39
96.46
96.44
96.42
96.56
96.67
96.62
96.70
96.50
96.58
96.60
96.69
96.61
96.58
96.64
96.77
96.81
96.77
96.82
96.69
96.75
96.69
96.68
96.78
96.84
96.88
96.79
96.78
97.07
97.15
96.18
96.27
96.20
96.12
96.26
96.31
96.38
96.49
96.36
96.50
96.54
96.44
96.52
96.50
96.58
96.56
96.45
96.40
96.38
96.48
96.50
96.57
96.68
96.87
96.93
96.91
96.96
96.75
96.66
96.73
96.81
96.91
96.91
96.78
96.83
96.81
96.91
97.08
96.43
96.26
95.94
96.18
96.27
96.63
95.63
96.11
96.15
96.38
97.69
95.69
96.08
96.14
96.03
96.00
95.95
95.95
95.87
95.62
95.56
95.62
95.64
95.66
95.74
95.90
95.96
96.03
96.10
96.15
96.23
96.18
96.11
96.20
96.24
96.13
96.20
96.30
96.46
96.56
96.48
96.60
96.47
96.54
96.67
96.61
96.46
96.33
96.33
96.42
96.25
96.31
96.37
96.31
96.17
96.10
96.11
96.11
96.14
96.19
96.29
96.33
96.33
96.30
96.15
96.17
96.15
96.19
96.26
96.30
96.42
96.37
96.45
96.43
96.56
96.51
96.29
96.48
96.47
96.26
96.15
96.10
96.15
96.13
96.17
96.07
95.97
95.65
95.60
95.60
95.67
95.58
95.59
95.60
95.55
95.53
95.57
95.51
95.55
95.62
95.65
95.68
95.79
95.89
95.92
95.79
95.77
95.81
95.80
95.81
95.96
96.07
96.27
96.29
96.29
96.37
96.33
96.33
96.53
96.39
96.43
96.35
96.30
96.28
96.32
96.35
96.42
96.36
96.43
96.45
96.37
96.40
96.51
96.51
96.61
96.69
96.65
96.66
96.71
96.70
96.60
96.52
96.62
96.49
96.76
96.69
96.81
96.75
96.79
96.84
96.81
96.89
96.90
96.84
96.79
96.81
96.79
96.93
96.95
97.09
97.01
97.06
97.04
96.11
96.33
96.17
96.11
96.22
96.50
96.58
96.31
96.42
96.48
96.57
96.70
96.67
96.57
96.41
96.41
96.41
96.48
96.59
96.30
96.31
96.45
96.54
96.45
95.95
96.10
96.22
96.24
96.21
96.06
96.16
96.36
96.01
95.82
95.70
95.72
95.75
95.96
96.00
96.11
96.04
95.96
95.96
96.05
96.15
96.25
96.24
96.30
96.31
96.45
96.29
96.24
96.33
96.36
96.38
96.15
96.33
96.39
96.37
96.45
96.53
96.59
96.67
96.76
96.35
96.34
96.19
96.18
96.19
96.17
96.20
96.34
96.25
96.39
96.23
96.19
96.40
96.08
96.15
95.99
96.01
96.08
96.18
96.30
96.06
95.89
95.86
95.98
96.11
96.18
96.12
96.08
96.12
96.12
96.23
96.16
96.13
96.24
96.27
96.31
96.30
96.31
96.43
96.15
96.20
96.19
96.18
96.16
96.16
96.34
96.15
96.06
96.10
96.22
96.09
96.12
96.45
96.05
96.12
96.22
96.11
96.14
96.13
96.17
96.02
95.98
96.12
96.04
96.10
95.95
95.78
95.83
95.89
95.98
95.89
95.93
95.83
95.86
95.94
96.03
96.17
96.16
96.00
96.11
96.03
96.04
95.96
95.83
95.82
95.88
95.96
96.07
96.20
96.25
96.27
96.27
96.26
96.35
96.46
96.32
96.30
96.33
96.30
96.15
96.19
96.32
96.27
96.36
96.40
96.47
96.58
96.65
96.72
96.84
96.97
96.95
96.80
96.85
96.86
96.81
96.87
96.91
97.01
96.93
96.77
96.79
96.74
96.64
96.60
96.65
96.65
96.67
96.79
96.77
96.78
96.74
96.81
96.77
96.80
96.79
96.75
96.72
96.72
96.85
96.74
96.58
96.58
96.61
96.71
96.57
96.60
96.61
96.67
96.59
96.54
96.45
96.54
96.48
96.47
96.43
96.40
96.39
96.40
96.44
96.44
96.49
96.50
96.49
96.54
96.49
96.45
96.46
96.39
96.48
96.53
96.42
96.28
96.23
96.31
96.39
96.28
96.25
96.26
96.21
96.14
96.18
96.21
96.18
96.26
96.24
96.27
96.31
96.40
96.33
96.25
96.17
96.22
96.16
96.36
96.46
96.48
96.46
96.56
96.40
96.42
96.43
96.54
96.43
96.45
96.53
96.57
96.60
96.66
96.70
96.54
96.56
96.52
96.46
96.43
96.49
96.42
96.42
96.44
96.49
96.55
96.55
96.62
96.55
96.45
96.48
96.41
96.42
96.38
96.40
96.45
96.35
96.42
96.46
96.44
96.48
96.56
96.52
96.54
96.46
96.49
96.64
96.60
96.68
96.65
96.64
96.42
96.44
96.53
96.61
96.69
96.67
96.43
96.50
96.51
96.47
96.46
96.54
96.62
96.57
96.66
96.62
96.67
96.78
96.71
96.47
96.46
96.48
96.55
96.47
96.48
96.43
96.44
96.49
96.41
96.42
96.27
96.45
96.38
96.36
96.33
96.37
96.37
96.40
96.56
96.60
96.77
96.92
96.21
96.28
96.28
96.32
96.37
96.48
96.30
96.16
96.40
96.32
96.26
96.26
96.24
96.15
96.01
96.14
96.27
96.29
96.33
96.33
96.35
96.37
96.37
96.39
96.43
96.39
96.45
96.48
96.49
96.65
96.69
96.18
96.25
96.21
96.28
96.32
96.17
96.55
95.85
95.78
95.78
95.78
95.86
95.84
95.97
96.23
96.12
96.14
96.20
96.40
96.22
96.47
96.03
96.30
96.14
96.29
96.26
96.48
96.07
96.28
96.21
95.66
95.88
95.72
95.64
95.64
95.65
95.70
95.72
95.73
95.86
96.06
96.15
96.21
96.07
96.17
96.20
96.22
96.19
96.22
96.18
96.15
96.24
96.33
95.70
95.04
94.22
94.12
94.03
93.88
93.96
93.89
93.88
93.87
93.94
93.85
93.88
93.85
93.74
93.69
93.67
93.74
93.84
93.83
93.87
94.22
94.10
94.15
94.18
93.82
93.87
93.89
94.12
94.06
94.14
94.19
94.11
94.24
94.22
94.16
94.12
94.07
94.19
94.13
94.16
94.27
94.25
94.25
94.27
94.35
94.42
94.48
94.61
94.69
94.38
94.44
94.42
94.44
94.43
94.44
94.47
94.45
94.43
94.39
94.46
94.41
94.39
94.38
94.24
94.05
93.88
93.44
93.06
92.67
92.33
92.06
91.62
91.19
90.84
90.46
90.05
89.62
89.27
88.90
88.41
88.07
87.52
86.84
86.48
86.03
85.57
85.07
84.62
84.12
83.67
82.90
82.45
82.02
81.56
81.13
80.67
80.25
79.84
79.39
78.99
78.59
78.16
77.90
77.40
77.11
77.37
77.70
78.23
79.24
80.12
81.69
83.10
83.80
84.30
84.50
84.82
85.18
85.58
86.07
86.45
86.68
86.98
87.24
87.25
87.39
87.56
87.62
87.64
87.83
88.13
88.23
88.61
88.69
88.94
89.33
89.55
89.88
90.16
90.59
90.92
91.15
91.42
91.75
91.98
92.22
92.37
92.48
92.77
92.97
93.21
93.38
93.65
93.80
93.90
94.06
94.28
94.34
94.45
94.82
94.87
95.08
95.28
95.36
95.36
95.48
95.50
95.62
95.83
95.96
95.92
96.13
96.24
96.44
96.36
96.36
96.18
96.17
96.28
96.48
96.46
96.42
96.62
96.63
96.72
96.76
96.75
96.74
96.75
97.11
96.73
96.61
96.59
96.70
96.77
96.87
96.56
96.93
96.80
96.57
96.75
96.80
96.42
96.58
95.97
95.95
96.02
96.13
96.15
96.37
96.43
96.26
96.25
96.21
96.25
96.19
96.21
96.07
96.16
96.16
96.25
96.28
96.28
96.08
96.19
96.24
96.41
96.58
96.74
97.09
95.58
95.78
95.80
95.89
96.04
96.06
96.12
96.10
96.00
96.01
96.08
95.76
95.94
96.20
96.30
96.25
96.46
96.61
95.97
95.98
95.79
96.06
96.41
96.07
95.56
95.13
95.10
95.01
95.04
94.83
94.27
94.32
94.52
94.69
94.95
95.37
95.34
95.35
95.29
95.34
95.25
95.31
95.30
95.38
95.30
95.26
95.24
95.35
95.70
95.95
96.09
96.18
96.12
96.17
96.07
96.20
96.37
96.42
96.54
96.25
96.38
93.38
93.43
93.68
94.02
94.10
94.14
94.52
94.75
94.90
95.02
95.25
94.57
94.66
94.79
94.43
94.29
94.32
94.32
94.29
94.25
94.28
94.37
94.28
94.33
94.28
94.16
94.14
94.15
94.22
94.20
94.17
94.02
94.15
94.18
94.11
94.11
94.10
94.18
94.31
94.56
94.41
94.13
93.85
93.92
93.89
93.92
93.76
93.76
93.75
93.76
93.78
93.74
93.92
93.93
93.90
94.02
93.70
93.76
93.78
93.62
93.73
93.79
93.44
93.28
93.21
93.19
93.26
93.21
92.83
92.99
92.99
92.81
92.87
92.80
92.80
92.96
92.96
93.08
93.21
93.13
93.09
93.14
93.04
93.07
93.12
93.02
93.06
93.09
92.88
92.90
92.91
92.89
92.98
93.06
93.20
93.35
93.40
93.42
93.36
93.34
93.27
93.26
93.19
93.16
93.01
92.90
92.86
92.94
93.03
93.18
93.20
93.53
93.48
93.42
93.31
93.26
93.06
93.07
92.92
92.99
92.96
92.98
92.94
92.97
93.08
93.21
93.35
93.44
93.49
93.56
93.66
93.78
93.65
93.48
93.54
93.50
93.65
93.89
94.13
94.36
94.48
94.51
94.62
94.72
94.97
95.09
95.15
95.19
95.15
95.12
95.12
95.32
95.56
95.80
95.79
95.78
95.84
96.00
96.25
96.13
96.21
96.35
96.42
96.10
96.14
96.21
92.79
93.17
93.19
93.37
93.45
93.49
93.83
93.97
94.13
94.31
94.35
94.62
94.58
94.74
95.10
95.16
95.42
95.45
95.58
95.81
95.80
95.73
95.62
95.66
95.65
95.76
95.55
95.60
95.70
95.78
95.49
95.61
95.78
95.84
95.92
95.82
95.69
95.69
95.84
96.10
96.01
95.60
95.19
94.72
94.76
94.65
94.46
94.64
94.86
95.15
95.18
95.33
95.48
95.56
95.72
96.07
96.22
96.21
93.88
93.80
93.98
93.93
93.81
94.06
93.98
94.19
94.17
94.44
94.44
94.36
94.34
94.40
94.24
94.25
94.39
94.75
95.02
95.19
95.41
95.47
95.60
95.84
95.92
96.27
95.50
95.60
95.69
95.84
95.53
95.41
95.46
95.58
95.29
95.33
95.57
95.77
95.88
95.72
95.75
95.65
95.80
96.01
96.21
96.30
94.30
94.64
94.81
94.46
94.39
94.57
94.69
94.63
94.76
94.73
94.80
94.95
95.11
95.38
95.70
95.80
95.95
96.12
96.36
96.48
96.48
96.48
96.54
95.89
95.67
95.66
95.07
93.80
93.20
92.61
92.50
92.45
92.50
92.66
92.75
92.71
92.86
92.73
92.83
92.95
92.72
92.69
92.80
92.69
92.87
92.92
92.93
92.81
92.89
92.25
91.02
90.32
90.01
89.44
89.78
90.10
90.11
90.05
90.15
90.32
90.22
89.90
89.80
89.59
89.55
89.57
89.52
89.53
89.56
89.58
89.61
89.43
89.46
89.29
89.39
89.43
89.19
89.25
89.29
89.16
89.21
89.24
89.21
89.29
89.51
89.54
89.67
89.79
89.78
89.46
89.39
89.39
89.33
89.42
89.44
89.46
89.50
89.59
89.56
89.52
89.22
89.12
88.93
88.95
89.06
89.02
88.99
88.92
88.84
88.72
88.65
88.72
88.76
88.65
88.71
88.77
88.76
88.80
88.74
88.68
88.64
88.67
88.85
88.95
88.78
88.83
88.77
88.75
88.78
88.68
88.57
88.53
88.57
88.52
88.46
88.59
88.78
88.85
88.91
89.09
89.26
89.16
89.30
89.51
89.72
89.80
89.76
89.77
89.83
89.89
90.15
90.17
90.38
90.64
90.83
91.25
91.37
91.64
91.68
91.68
91.83
91.78
92.21
92.30
92.31
92.32
92.33
92.48
92.41
92.52
92.63
92.75
92.74
92.86
92.81
93.09
93.28
93.34
93.39
93.54
93.69
93.62
93.55
93.07
92.96
92.65
92.30
91.84
91.05
90.62
90.61
90.50
90.39
90.08
90.18
90.09
90.10
90.18
90.33
90.30
90.32
90.34
90.52
90.76
90.83
91.06
91.33
91.14
90.72
90.53
90.56
90.60
90.75
90.93
91.07
91.31
91.47
91.70
91.70
91.70
91.65
91.66
91.76
91.99
92.26
92.44
92.72
93.02
93.15
93.43
93.58
93.75
93.85
93.88
93.95
94.23
94.32
94.46
94.45
94.69
94.71
94.98
95.32
95.43
95.47
95.21
95.11
94.91
94.50
94.02
93.29
92.65
92.09
91.86
91.68
91.48
91.39
91.24
90.96
90.93
90.67
90.78
90.54
90.70
90.87
91.02
91.37
91.51
91.68
91.91
91.94
91.93
91.71
91.58
91.68
91.88
91.91
91.81
91.75
91.82
92.02
92.14
92.20
92.18
92.29
92.35
92.43
92.44
92.66
92.87
93.01
93.01
93.19
93.21
93.32
93.53
93.53
93.58
93.80
93.92
94.07
94.22
94.27
94.34
94.46
94.54
94.61
94.81
94.84
94.81
94.79
94.84
94.95
94.87
94.74
94.84
95.04
95.14
95.11
95.18
95.14
95.14
95.34
95.41
95.24
95.37
95.43
95.48
95.57
95.52
95.62
95.54
95.56
95.34
95.29
95.38
95.46
95.63
95.64
95.66
95.67
95.65
95.71
95.82
95.83
95.87
95.87
96.02
95.47
95.33
95.02
94.78
94.69
94.72
94.74
94.71
94.36
94.47
94.32
94.29
94.32
94.28
94.22
94.30
94.44
94.43
94.54
94.58
94.46
94.49
94.55
94.67
94.68
94.75
94.75
94.68
94.80
94.73
94.84
94.84
94.88
94.85
94.87
94.92
94.92
94.87
94.95
95.03
95.22
95.28
95.11
95.08
95.19
95.36
95.56
95.73
95.69
95.74
95.71
95.74
95.77
95.93
96.10
96.34
96.71
96.60
96.62
96.75
96.82
96.81
96.73
96.70
96.68
96.68
96.67
96.76
96.80
96.87
96.71
96.67
96.66
96.62
96.59
96.56
96.59
96.67
96.81
96.92
97.00
96.86
96.92
96.98
97.00
96.99
96.93
96.85
96.89
96.94
96.96
97.02
96.93
96.93
96.91
96.98
96.98
97.01
97.15
95.82
95.89
96.09
96.17
96.08
96.21
96.15
96.19
96.05
96.22
96.16
96.10
96.22
96.10
96.01
96.08
96.03
96.17
96.19
96.07
96.14
96.19
96.28
96.40
96.17
96.24
96.25
96.46
96.15
96.24
96.29
96.42
96.13
96.19
96.19
96.09
96.14
96.18
96.19
96.27
96.31
96.16
96.07
96.10
96.02
96.11
96.06
96.07
95.95
95.76
95.76
95.91
95.87
95.89
96.04
96.16
96.16
96.20
96.07
96.17
96.21
96.32
96.20
96.22
96.17
96.23
96.39
96.49
96.10
96.18
96.24
96.08
95.91
95.95
95.78
95.75
95.72
95.62
95.57
95.60
95.52
95.66
95.68
95.61
95.56
95.59
95.60
95.68
95.67
95.69
95.72
95.68
95.68
95.64
95.68
95.74
96.08
96.21
96.16
96.09
96.09
96.16
96.28
96.44
96.48
96.35
96.33
96.26
96.34
96.36
96.47
96.59
96.65
96.70
96.69
96.69
96.79
96.94
96.08
96.17
96.31
96.17
96.10
95.94
96.06
96.09
96.08
95.99
96.04
96.08
96.08
96.06
96.09
96.08
96.08
95.94
95.80
95.82
95.88
95.89
96.06
96.11
96.12
96.11
96.06
96.18
96.36
96.42
96.10
96.18
96.23
96.42
96.00
96.05
96.10
95.98
95.89
95.77
95.61
95.72
95.77
95.81
95.94
95.93
96.00
95.95
96.12
96.21
96.14
96.00
95.91
95.87
95.81
95.90
96.05
95.95
96.07
96.07
96.11
95.99
95.85
95.75
95.93
96.01
95.84
95.59
95.61
95.75
95.92
95.79
95.97
96.01
95.97
95.96
95.86
95.84
95.93
95.62
95.58
95.60
95.59
95.62
95.68
95.78
95.82
95.90
95.92
95.96
96.04
95.97
95.92
95.91
95.83
95.80
95.76
95.84
95.84
95.74
95.77
95.83
95.87
95.96
96.02
96.03
96.06
96.03
96.10
95.97
96.06
96.17
96.16
96.30
96.28
96.27
96.33
96.46
96.38
96.26
96.20
96.21
96.21
96.29
96.45
96.50
96.47
96.26
96.17
96.21
96.22
96.28
96.24
96.13
96.26
96.20
96.01
96.00
96.03
96.13
96.34
96.42
96.43
96.40
96.54
96.58
96.76
96.74
96.45
96.39
96.46
96.52
96.54
96.52
96.63
96.60
96.59
96.59
96.65
96.60
96.54
96.68
96.64
96.63
96.68
96.86
97.03
97.00
96.90
96.90
96.87
96.90
96.94
97.05
96.94
96.93
96.99
96.81
96.90
95.72
95.92
95.95
95.91
95.73
95.89
96.13
96.25
96.28
96.22
96.00
96.18
96.24
96.32
96.17
96.18
96.40
96.25
96.19
96.21
96.15
96.19
96.17
96.33
96.04
96.01
96.03
95.94
95.96
95.95
96.09
96.06
96.10
96.14
96.27
96.34
96.49
96.47
96.51
96.61
96.71
96.82
96.94
96.96
97.08
96.08
96.07
96.21
96.18
96.07
96.05
96.09
96.21
96.40
96.65
95.34
95.30
95.28
95.24
95.29
95.37
95.55
95.52
95.53
95.43
95.49
95.56
95.61
95.58
95.52
95.34
95.41
95.45
95.48
95.53
95.52
95.52
95.43
95.46
95.45
95.40
95.29
95.24
95.30
95.29
95.24
95.10
95.15
95.21
95.28
95.36
95.33
95.45
95.64
95.57
95.57
95.45
95.45
95.51
95.49
95.52
95.58
95.57
95.54
95.54
95.50
95.53
95.44
95.52
95.47
95.44
95.40
95.31
95.21
95.22
95.22
95.26
95.29
95.36
95.37
95.65
95.91
95.92
95.94
95.86
95.92
95.92
95.70
95.66
95.41
95.44
95.59
95.49
95.27
95.19
94.99
94.80
94.97
95.05
95.06
95.12
95.16
95.21
95.20
95.18
95.22
95.38
95.34
95.33
95.49
95.53
95.79
95.77
95.79
95.97
95.90
95.89
95.94
95.97
96.00
96.12
95.97
95.96
96.01
95.90
96.00
96.09
96.21
96.25
96.40
96.36
96.69
96.84
96.86
96.86
96.92
96.93
96.95
96.99
96.81
96.85
96.82
96.75
96.66
96.60
96.68
