92.25
92.05
91.78
91.42
91.25
90.75
90.80
90.69
90.75
90.56
90.27
90.26
90.35
90.17
90.26
90.32
90.42
90.62
90.84
90.98
91.22
90.95
91.22
91.45
91.69
91.88
92.06
92.11
92.21
92.41
92.65
92.92
93.05
93.17
93.20
93.02
93.12
93.15
93.31
93.35
93.33
93.42
93.66
93.65
93.59
93.46
93.42
93.55
93.55
93.51
93.42
93.39
93.44
93.52
93.66
93.55
93.50
93.66
93.67
93.77
93.98
93.75
93.05
92.50
92.28
91.85
91.07
90.44
90.17
90.26
90.39
90.57
90.70
90.94
90.41
90.40
90.43
90.43
90.57
90.41
90.30
90.24
90.21
90.45
90.41
90.40
90.34
90.54
90.53
90.77
90.81
90.89
90.98
90.86
90.68
90.44
90.57
90.49
90.47
90.56
90.69
90.81
90.85
90.83
90.81
90.91
91.08
90.90
90.96
90.95
90.93
91.11
91.12
90.98
90.90
90.38
90.26
90.54
90.53
91.28
90.16
90.51
90.57
90.16
90.08
90.17
90.35
90.16
90.10
90.12
89.90
89.70
89.49
89.55
89.50
89.72
89.90
89.83
89.95
90.06
90.37
90.56
90.41
90.40
90.05
89.95
89.96
90.03
90.01
90.12
90.25
90.45
90.71
90.79
90.92
91.09
91.18
91.30
91.30
91.30
91.30
91.47
91.47
91.76
91.85
91.77
91.76
91.78
91.77
91.79
91.92
91.92
91.93
91.76
91.62
91.56
91.57
91.61
91.61
91.55
91.43
91.39
91.41
91.47
91.44
91.39
91.37
91.23
91.03
90.49
90.40
90.05
89.81
89.72
89.77
89.81
89.88
90.01
90.04
89.83
89.91
89.93
89.98
90.01
89.87
89.70
89.65
89.71
89.82
89.95
90.09
90.40
90.59
90.67
90.69
90.80
90.90
91.05
91.11
91.27
91.49
91.68
91.78
91.81
91.90
92.14
92.32
92.48
92.64
92.88
93.09
93.26
92.75
91.40
90.64
90.19
90.22
89.98
90.04
90.09
90.14
90.38
90.17
90.21
90.22
89.90
88.95
88.85
88.93
89.27
89.60
89.75
89.90
90.07
90.24
90.34
90.49
90.64
90.75
90.91
90.84
90.78
90.68
90.67
90.51
90.22
90.16
90.14
89.87
89.91
89.97
90.15
90.12
90.11
90.14
90.25
90.14
90.34
90.49
90.38
90.47
90.67
90.87
90.97
91.10
91.22
91.31
91.35
91.49
91.71
91.92
91.99
91.27
90.73
90.57
90.32
90.35
90.43
90.19
90.38
90.43
90.32
90.43
90.66
90.69
90.16
90.24
90.38
90.41
90.12
90.16
90.16
90.19
90.34
90.34
90.13
90.13
90.12
90.26
90.24
90.00
89.71
89.53
89.38
89.00
88.52
88.04
88.23
88.08
87.57
87.16
86.83
86.72
86.39
86.14
86.11
86.08
86.19
86.24
86.13
86.17
86.25
86.20
86.28
86.38
86.44
86.37
86.41
86.30
86.33
86.35
86.41
86.53
86.53
86.57
86.65
86.61
86.61
86.84
86.99
87.05
87.20
87.50
87.57
87.73
87.86
87.78
87.75
87.82
87.92
88.11
88.22
88.40
88.50
88.69
88.86
88.86
89.06
89.25
89.61
89.97
90.08
90.03
90.12
90.29
90.31
90.20
90.25
90.29
90.52
90.64
90.81
91.10
91.31
91.52
91.57
91.54
91.41
91.58
91.57
91.67
91.89
91.91
92.20
92.48
92.54
92.72
92.96
93.10
93.49
93.65
93.82
93.97
94.08
92.80
90.84
90.16
89.96
89.94
90.00
90.09
90.09
89.96
90.09
90.16
90.33
90.38
89.83
89.60
89.43
89.03
88.72
88.56
88.56
88.77
88.99
89.05
88.96
89.11
89.19
89.35
89.68
89.76
90.12
90.35
90.38
90.44
90.25
90.30
90.24
90.24
90.11
89.89
89.67
89.73
89.71
89.95
90.27
90.50
90.71
90.72
90.45
90.12
89.96
89.81
90.05
90.22
90.18
90.02
90.02
90.00
90.00
90.21
90.48
90.62
90.80
91.06
91.24
91.48
91.82
92.17
92.37
92.53
92.35
92.38
92.34
92.33
92.46
92.60
92.78
93.00
92.53
91.56
90.64
90.30
90.56
90.86
90.79
90.60
90.50
90.31
90.05
89.72
89.71
89.72
89.79
90.04
90.33
90.63
90.78
90.78
90.69
90.75
90.84
90.83
91.02
90.98
91.12
91.23
91.22
91.31
91.43
91.49
91.67
91.90
92.04
92.20
91.68
90.54
90.44
90.53
90.47
90.35
90.28
90.36
90.41
90.51
90.28
90.24
90.21
90.28
90.37
90.33
90.43
90.37
90.52
90.58
90.48
90.47
90.69
90.57
90.49
89.91
90.35
90.57
90.40
90.44
90.69
90.71
90.75
90.74
90.81
90.74
90.86
91.15
91.40
90.99
90.77
90.81
90.88
90.88
91.09
90.91
90.94
91.11
91.19
90.94
90.93
91.07
91.32
91.48
91.61
91.70
91.07
90.93
91.23
91.08
91.17
91.16
91.21
91.39
91.40
91.53
91.35
91.38
91.40
91.58
91.39
91.47
91.51
91.34
91.47
91.42
91.47
91.72
91.71
91.97
92.15
92.30
92.61
92.58
92.09
92.10
92.04
91.69
92.08
91.97
91.86
91.44
91.33
91.14
91.17
91.13
91.05
91.02
91.08
91.12
91.16
91.24
91.43
91.61
91.82
91.90
91.75
91.81
91.84
91.89
91.87
91.94
92.02
92.02
92.12
92.32
92.49
92.58
92.77
92.72
92.64
92.67
92.63
92.69
92.83
92.75
92.91
93.20
93.35
93.52
94.09
94.01
94.02
93.03
92.93
92.36
91.96
91.77
91.74
91.54
91.37
91.20
91.05
91.13
91.16
90.87
90.57
90.52
90.35
90.45
90.33
90.49
90.60
90.81
91.10
91.26
91.51
91.65
91.81
91.75
91.72
91.92
91.99
92.07
92.23
92.22
92.11
92.11
92.18
92.19
92.29
92.11
92.19
92.35
92.22
92.12
92.03
91.81
91.50
91.53
91.60
91.32
90.97
90.96
90.70
90.59
90.55
90.52
90.44
90.52
90.49
90.34
90.15
90.18
90.24
90.18
90.17
90.26
90.34
90.21
90.25
90.26
90.25
90.20
90.03
89.41
89.25
89.00
88.86
88.89
88.98
88.93
88.88
88.94
89.05
89.13
89.28
89.28
89.30
89.15
89.10
89.14
89.18
89.38
89.44
89.45
89.52
89.55
89.57
89.42
89.40
89.37
89.38
89.39
89.53
89.58
89.61
89.58
89.53
89.51
89.54
89.51
89.48
89.44
89.40
89.61
89.49
89.50
89.55
89.61
89.61
89.74
89.80
89.66
89.65
89.80
89.87
89.98
90.22
90.28
90.53
90.43
90.31
90.30
90.34
90.36
90.30
90.21
90.17
90.16
90.23
90.43
90.52
90.44
90.45
90.59
90.73
90.67
90.85
91.00
90.86
91.10
91.09
91.16
91.49
91.49
91.48
91.45
91.57
91.69
91.81
91.79
92.00
92.13
92.24
92.43
92.59
92.88
93.14
93.22
93.50
93.71
93.71
93.82
93.99
93.86
93.90
93.79
93.90
93.99
94.04
94.26
94.50
95.00
95.10
95.32
95.46
95.63
95.76
95.75
95.83
95.86
95.97
96.04
96.13
96.35
96.43
96.31
96.26
96.38
96.42
96.14
96.12
96.09
96.22
96.40
96.40
96.42
96.19
96.37
96.32
96.41
96.41
96.43
96.38
96.47
96.50
96.46
96.31
96.26
96.09
96.04
95.95
95.92
95.98
96.00
95.96
95.65
95.55
95.44
95.43
95.64
95.69
95.83
95.88
95.94
96.02
96.00
96.17
96.21
96.22
96.23
96.30
95.65
95.82
95.98
96.14
96.25
96.30
96.29
94.84
94.79
94.75
94.66
94.31
94.28
94.09
93.93
94.00
94.11
94.20
94.35
94.51
94.51
94.67
94.75
94.77
94.92
95.74
96.03
96.25
95.45
95.58
95.69
95.73
95.64
95.46
95.45
95.45
95.54
95.63
95.63
95.66
95.61
95.76
95.85
95.81
95.89
96.04
93.77
94.02
94.18
94.23
94.29
94.04
94.16
94.40
94.53
94.56
94.72
94.87
94.98
95.14
95.16
95.09
95.13
95.14
95.58
96.44
96.46
96.50
96.65
96.66
96.48
95.56
95.15
94.22
92.85
92.67
92.62
92.42
92.49
92.37
91.89
91.87
91.75
91.72
91.48
91.42
91.19
90.80
90.54
90.35
90.23
90.16
90.08
90.05
90.03
89.99
90.00
89.95
89.87
89.81
89.82
89.95
90.01
90.06
89.97
89.96
89.62
89.45
89.46
89.49
89.18
89.08
89.13
89.18
89.21
89.11
89.17
89.25
89.35
89.41
89.40
89.41
89.43
89.49
89.42
89.47
89.46
89.38
89.49
89.48
89.60
89.66
89.66
89.69
89.71
89.81
89.86
89.94
89.97
90.00
90.01
90.20
90.06
89.98
90.01
90.01
89.94
89.98
89.91
90.04
90.05
89.97
89.83
89.57
89.55
89.18
89.03
89.07
89.02
89.04
89.07
89.06
89.07
89.07
89.00
89.08
89.12
89.08
89.14
89.23
89.38
89.36
89.47
89.52
89.65
89.71
89.64
89.74
89.74
89.81
89.84
89.99
90.21
90.21
90.31
90.39
90.51
90.64
90.66
90.58
90.59
90.65
90.94
91.10
91.16
91.29
91.27
91.32
91.35
91.41
91.47
91.62
91.75
91.92
92.13
92.16
92.25
92.22
92.26
92.32
92.45
92.46
92.59
92.61
92.70
92.74
92.94
92.98
92.88
93.12
93.18
93.31
93.31
93.38
93.41
93.39
92.90
92.97
93.07
93.20
93.23
93.13
93.15
93.17
93.28
93.32
93.27
93.31
93.52
93.77
94.08
94.35
94.65
94.97
95.12
94.88
95.10
95.36
95.31
93.88
93.62
92.90
91.46
91.05
90.58
90.32
90.29
90.32
90.34
90.33
90.36
90.54
90.34
90.25
90.27
90.45
90.47
90.62
90.65
90.69
90.74
90.54
90.29
90.55
90.61
90.60
90.63
90.05
89.36
89.37
89.51
89.64
89.73
89.53
89.67
89.87
90.06
90.39
90.59
90.74
90.86
90.93
90.93
90.91
91.33
91.32
91.24
91.13
91.03
90.87
90.48
90.35
90.35
90.47
90.54
90.60
90.69
90.72
90.81
90.60
90.50
90.54
90.57
90.34
90.26
90.10
90.10
90.16
90.17
90.29
90.36
90.61
90.63
90.69
90.72
90.83
90.81
90.89
91.10
90.99
90.64
90.33
90.37
90.46
90.65
90.55
90.71
90.72
90.69
90.62
90.46
90.47
90.46
90.49
90.46
90.48
90.51
90.59
90.59
90.61
90.64
90.70
90.81
90.90
91.03
90.99
90.95
90.77
90.82
90.86
90.88
90.79
90.86
90.69
90.45
90.23
90.25
90.29
90.20
90.25
90.35
90.35
90.36
90.45
90.29
90.37
90.45
90.52
90.57
90.62
90.64
90.55
90.45
90.40
90.46
90.55
90.48
90.55
90.60
90.67
90.72
90.75
90.71
90.74
90.82
90.91
91.18
91.30
91.51
91.37
91.30
91.36
91.29
91.21
91.18
91.23
91.15
90.86
90.85
90.85
90.78
90.79
90.84
90.88
90.95
91.02
91.01
91.07
91.16
91.26
91.37
91.40
91.47
91.55
91.65
91.69
91.80
91.88
91.89
91.88
91.75
91.74
91.86
91.89
92.07
92.27
92.39
92.54
92.52
92.78
92.73
92.74
92.94
93.04
93.03
93.08
93.16
93.24
93.03
93.08
93.06
93.10
93.22
93.08
93.10
93.21
93.16
93.26
93.24
93.41
93.43
93.31
93.28
93.38
93.51
93.59
93.83
93.84
93.78
93.82
94.03
94.14
94.17
94.32
94.37
94.52
94.64
94.66
94.62
94.50
94.38
94.29
94.09
93.35
92.96
92.95
93.07
93.23
93.23
93.21
93.32
93.40
93.43
93.55
93.57
93.66
93.69
93.71
93.83
93.96
94.17
94.21
94.00
93.96
93.90
93.92
93.97
94.09
94.12
94.12
94.17
94.73
95.44
95.65
95.65
95.69
95.82
95.82
95.87
95.79
95.77
95.89
95.82
95.75
95.89
95.81
95.89
95.88
95.90
95.92
95.95
96.02
96.04
96.13
96.01
96.20
95.98
95.92
95.88
95.91
95.98
96.10
96.21
96.21
96.07
96.14
96.20
96.30
96.47
96.58
96.58
96.11
96.14
96.13
96.08
96.18
96.31
95.29
95.37
95.50
95.65
95.63
95.71
95.69
95.72
95.86
96.10
96.10
96.13
96.26
96.27
94.11
94.26
94.44
94.45
94.59
94.78
94.90
95.14
95.42
95.64
95.49
95.37
95.30
95.40
95.47
95.58
95.65
95.52
95.53
95.60
95.64
95.93
96.04
96.05
96.11
96.08
96.09
96.23
96.30
96.34
96.55
96.11
95.94
95.88
95.75
95.61
95.57
95.65
95.55
95.55
95.61
95.58
95.57
95.62
95.66
95.73
95.55
95.49
95.30
95.30
95.32
95.35
95.27
95.31
95.34
95.41
95.44
95.43
95.63
95.91
95.97
96.01
96.06
96.04
95.94
96.01
95.77
95.53
95.54
95.56
95.63
95.59
95.63
95.66
95.68
95.71
95.71
95.72
95.68
95.68
95.66
95.61
95.60
95.58
95.55
95.54
95.54
95.54
95.54
95.53
95.55
95.55
95.56
95.56
95.56
95.57
95.57
95.57
95.56
95.57
95.57
95.59
95.56
95.50
95.51
95.53
95.51
95.51
95.58
95.58
95.67
95.71
95.70
95.70
95.82
95.80
95.78
95.78
95.79
95.77
95.65
95.71
95.65
95.62
95.61
95.74
95.77
95.81
95.83
95.82
95.86
95.89
95.86
95.88
95.87
95.80
95.76
95.83
95.82
95.83
95.92
96.10
96.04
96.07
96.10
96.12
96.23
96.19
96.27
92.34
92.45
92.46
92.51
92.54
92.61
92.63
92.63
92.70
92.97
93.22
93.25
93.19
93.32
93.40
93.43
93.46
93.42
93.45
93.52
93.60
93.64
93.52
93.54
93.57
93.55
93.51
93.43
93.42
93.43
93.38
93.37
93.38
93.38
93.39
93.39
93.41
93.42
93.47
93.51
93.65
93.73
93.57
93.54
93.52
93.52
93.51
93.54
93.57
93.56
93.58
93.63
93.75
93.73
93.71
93.70
93.69
93.68
93.70
93.80
93.86
93.93
93.89
93.88
93.85
93.51
93.51
93.52
93.55
93.67
93.74
93.79
93.76
93.74
93.77
93.76
93.75
93.89
93.95
93.94
93.93
93.99
94.06
93.96
93.99
94.11
94.11
94.41
94.34
94.31
94.26
94.34
94.37
94.29
94.39
94.54
94.41
94.44
94.42
94.60
94.68
94.74
94.80
94.91
94.72
94.76
94.84
94.76
94.98
95.16
95.33
95.13
95.23
95.14
95.19
95.23
95.34
95.40
95.37
95.44
95.48
95.50
95.52
95.44
95.42
95.57
95.63
95.71
95.80
95.84
95.96
96.00
96.13
96.26
96.26
96.34
96.48
95.48
95.75
95.84
95.94
96.05
96.20
96.29
96.27
96.33
94.61
94.42
94.54
94.55
94.65
94.69
94.54
94.61
94.64
94.71
94.66
94.62
94.68
94.70
94.74
94.72
94.81
94.74
94.69
94.72
94.89
94.91
94.78
94.76
94.84
94.91
94.79
94.83
94.92
94.94
94.93
94.97
95.00
95.08
95.17
95.21
95.19
95.23
95.36
95.30
95.22
95.09
95.05
95.02
94.96
94.99
95.00
95.09
95.07
95.10
95.07
95.10
95.17
95.33
95.44
95.49
95.56
95.68
95.56
95.33
95.43
95.39
95.40
95.40
95.39
95.40
95.48
95.43
95.37
95.37
95.47
95.63
95.64
95.65
95.72
95.70
95.77
95.88
95.93
96.19
96.28
96.19
96.35
96.36
96.04
96.29
96.08
96.03
96.12
96.17
96.24
96.17
96.22
96.27
96.35
95.91
95.96
96.02
96.11
96.29
93.81
93.13
93.89
93.93
94.04
94.29
94.25
94.34
94.32
94.41
94.34
94.15
94.24
94.30
94.44
94.49
94.62
94.66
94.84
94.92
95.01
95.04
94.98
94.93
94.94
94.99
94.85
94.86
94.87
94.89
94.76
94.84
94.61
94.32
94.15
94.17
94.15
94.28
94.07
94.07
94.21
94.24
94.31
94.52
94.50
94.49
94.59
94.68
94.74
94.81
95.03
95.16
95.13
95.18
95.11
95.04
95.02
95.07
95.19
95.35
95.49
95.53
95.44
95.31
95.41
95.41
95.46
95.53
95.51
95.68
95.74
95.79
95.80
95.94
95.91
95.96
96.04
96.10
96.09
96.05
96.18
96.24
96.30
96.28
96.34
96.27
96.58
96.03
96.04
96.12
96.10
96.10
96.11
96.21
96.33
96.37
96.37
96.37
96.45
96.31
93.32
93.36
93.31
93.41
93.49
93.49
93.42
93.33
93.21
92.86
92.81
92.87
92.83
92.94
92.87
92.66
92.75
92.77
92.78
92.78
92.66
92.63
92.65
92.74
92.76
92.75
92.63
92.67
92.56
92.64
92.67
92.71
92.58
92.56
92.63
92.68
93.17
93.28
93.38
93.34
93.35
93.34
93.34
93.48
93.59
93.70
93.64
93.60
93.38
93.33
93.27
93.30
93.27
93.35
93.37
93.32
93.38
93.41
93.46
93.51
93.48
93.49
93.49
93.58
93.55
93.46
93.57
93.61
93.51
93.60
93.53
93.55
93.66
93.64
93.63
93.66
93.62
93.72
93.73
93.73
93.76
93.80
93.77
93.82
93.84
93.90
94.00
93.95
94.15
94.22
94.39
94.36
94.40
94.45
94.55
94.61
94.55
94.58
94.48
94.41
94.38
94.36
94.41
94.46
94.48
94.43
94.53
94.53
94.65
94.62
94.62
94.62
94.70
94.70
94.68
94.73
94.84
94.98
94.90
94.97
95.05
95.15
95.25
95.21
95.25
95.26
95.30
95.27
95.38
95.36
95.34
95.27
95.39
95.43
95.54
95.49
95.58
95.74
95.67
95.86
95.87
95.88
95.99
96.09
96.25
93.02
93.16
93.23
93.46
93.60
93.74
93.79
93.82
93.92
93.95
94.16
94.13
94.15
94.41
94.50
94.71
94.82
94.80
94.86
94.89
94.84
95.13
95.22
95.26
95.41
95.42
95.45
95.46
95.56
95.75
96.01
96.31
96.09
96.36
96.36
96.33
96.32
96.36
96.42
94.58
94.74
94.37
94.07
92.69
91.18
90.82
90.50
90.42
90.46
90.58
90.44
90.43
90.26
89.98
90.04
90.15
90.24
90.20
89.63
88.91
88.88
88.93
88.91
88.77
88.78
88.80
88.96
89.00
89.10
89.16
89.11
89.15
89.23
89.53
89.54
89.47
89.55
89.66
89.75
89.84
89.96
89.87
89.85
89.93
90.06
90.06
90.09
90.20
90.35
90.71
91.45
92.54
92.63
92.83
92.84
92.94
93.10
93.18
93.20
93.31
93.51
93.52
93.36
93.34
93.41
93.53
93.52
93.59
93.60
93.84
93.56
93.48
93.48
93.50
93.42
93.29
93.19
93.21
93.27
93.30
93.27
93.24
93.31
93.31
93.23
93.21
93.21
93.24
93.25
93.16
93.07
93.14
93.15
93.13
93.05
92.99
93.10
93.09
93.16
93.17
93.10
93.07
93.15
93.23
93.38
93.40
93.40
93.36
93.34
93.32
93.25
93.17
93.25
93.24
93.05
93.10
93.26
93.15
93.02
93.01
93.07
93.13
93.09
93.29
93.47
93.45
93.55
93.68
93.76
93.90
94.01
94.01
94.19
94.34
94.43
94.42
94.77
94.93
95.07
95.13
95.19
95.22
95.10
95.06
95.05
95.07
95.12
95.03
94.89
94.84
94.82
94.84
94.86
94.77
94.82
94.89
94.94
94.95
95.07
95.12
95.09
95.12
95.20
95.51
95.45
95.63
95.68
95.71
95.37
95.39
95.42
95.53
95.51
95.52
95.47
95.22
94.86
94.59
94.44
94.43
94.31
94.29
94.34
94.41
94.36
94.52
94.37
94.18
94.30
94.45
94.62
94.82
94.85
94.83
95.00
95.04
95.07
95.17
95.25
95.29
95.29
95.41
95.52
95.60
95.54
95.54
95.55
95.67
95.74
95.90
96.04
96.10
96.11
96.03
96.06
96.10
96.24
95.66
95.67
95.86
95.91
95.74
95.71
95.76
95.81
95.84
95.89
95.96
96.21
96.26
95.79
96.00
96.14
93.98
94.09
94.32
94.40
94.58
94.55
94.66
94.66
94.71
94.77
94.72
94.36
94.20
94.15
94.16
94.13
94.19
94.13
94.15
94.18
94.26
94.26
94.36
94.25
94.34
94.40
94.45
94.48
94.07
93.63
93.47
93.33
93.33
93.32
93.40
93.49
93.47
93.53
93.48
93.50
93.41
93.37
93.42
93.49
93.59
93.67
93.71
93.66
93.70
93.77
93.88
93.97
94.00
94.11
94.28
94.59
94.71
94.89
94.93
95.14
95.18
95.34
95.46
95.56
95.51
95.49
95.63
95.71
95.74
95.80
95.71
95.78
95.80
95.71
95.64
95.69
95.73
95.74
95.61
95.49
95.35
95.22
95.15
94.97
94.84
94.70
94.68
94.74
94.74
94.54
94.48
94.61
85.70
85.70
