13.0,1
1.75,1
0.75,1
0.0,1
0.0,1
111.5,1
155.5,1
36.2,2
45.875,2
62.5,2
66.625,1
108.125,1
89.6,1
93.0,2
92.125,2
90.5,2
161.0,2
199.125,2
144.5,3
99.25,3
95.25,3
80.083336,3
61.833332,2
76.5,2
183.33333,2
167.25,2
232.5,2
120.75,3
102.666664,3
96.0,3
158.75,3
61.916668,2
121.833336,2
232.75,2
218.75,2
65.75,3
54.25,3
155.75,3
134.66667,3
148.08333,2
78.583336,2
85.44444,3
90.5,3
82.333336,3
62.25,2
136.58333,2
343.125,2
184.0,2
182.88889,3
46.5,3
25.166666,3
0.0,3
139.81818,3
233.5,2
201.58333,2
142.71428,4
91.17647,5
108.2,5
71.45,5
53.35,4
44.35,3
115.375,2
105.53846,2
198.5,2
337.33334,3
111.25,3
95.666664,3
33.875,4
29.8125,4
29.8125,3
66.75,2
48.916668,2
47.0,1
20.625,1
48.8,1
215.0,1
84.4,3
197.11765,5
166.65,5
60.3,5
46.6,4
35.8,3
30.411764,2
52.666668,1
49.555557,1
221.25,1
98.25,1
144.75,2
66.55556,3
50.833332,3
26.333334,2
38.25,1
91.888885,1
199.25,1
103.5,2
48.625,2
33.375,2
213.125,2
88.75,2
192.875,2
134.11111,3
93.25,3
62.090908,3
19.25,2
19.666666,1
122.125,1
185.2,1
128.5,1
42.4,3
34.666668,4
44.555557,9
35.13889,10
19.45,9
25.075,8
23.5,7
57.21875,6
55.827587,5
28.916666,4
47.0,3
44.3125,2
57.846153,1
27.0,1
108.4,2
70.625,2
93.5,2
104.375,2
72.125,2
311.75,1
129.875,1
79.75,1
66.55556,3
370.6875,5
306.7143,5
104.40625,6
50.366665,5
10.583333,4
9.238095,3
47.25,2
89.14286,2
35.0,2
26.142857,2
185.75,2
156.125,2
101.625,2
156.875,2
199.125,2
241.25,2
100.5,2
159.125,3
71.166664,3
90.0,3
58.25,2
78.5,2
105.0,2
86.625,2
171.625,2
125.25,2
58.875,2
64.875,2
121.375,2
64.75,2
104.125,2
79.25,2
89.0,2
66.375,2
225.625,2
96.875,2
151.375,2
161.25,2
96.625,2
82.0,2
138.125,2
171.875,2
193.375,2
103.5,2
102.0,2
169.375,2
89.875,2
225.75,2
144.375,2
109.25,2
52.625,2
43.625,2
162.75,2
215.125,2
207.71428,2
112.0,2
150.5,2
208.25,2
75.875,2
96.5,2
135.875,2
171.75,2
261.5,2
151.375,2
117.125,3
91.083336,3
101.0,3
115.833336,3
51.166668,3
56.0,3
43.333332,3
93.583336,2
149.25,2
150.0,2
292.0,2
286.625,2
234.875,3
135.25,3
37.5,3
59.166668,3
91.166664,2
55.18182,2
103.125,2
167.625,2
101.0,2
174.0,2
139.5,2
112.625,2
235.75,2
130.0,2
82.875,3
66.666664,3
89.333336,3
78.416664,3
135.83333,3
92.416664,3
107.833336,3
101.833336,3
103.583336,3
73.5,2
81.916664,2
121.625,2
173.875,2
160.375,2
53.375,2
136.75,2
149.75,2
113.625,2
227.75,2
229.75,2
128.66667,3
40.583332,3
6.8333335,3
94.833336,3
64.666664,2
82.25,1
106.625,1
108.0,1
31.75,1
34.25,1
65.75,1
193.83333,1
44.0,1
16.5,1
49.5,1
221.0,2
68.125,2
58.25,2
96.0,2
115.75,2
108.625,2
162.25,2
69.25,2
111.375,2
284.125,2
134.125,2
125.625,2
73.625,2
54.875,2
71.125,2
68.0,2
91.0,2
105.125,2
147.25,2
73.875,2
121.625,2
54.625,2
41.125,2
86.75,2
43.5,2
78.42857,2
55.375,2
62.25,2
62.125,2
15.75,2
27.375,2
46.75,2
57.75,2
25.5,2
22.625,2
106.875,2
51.25,2
19.0,2
38.75,2
109.625,2
139.875,2
134.25,2
53.375,2
43.625,2
31.625,2
144.75,2
95.5,2
56.375,2
56.0,2
24.375,2
13.375,2
115.5,2
153.625,2
86.75,2
131.75,2
162.0,2
114.5,2
105.25,2
219.125,2
97.875,2
55.125,2
112.75,2
119.125,2
172.0,2
123.25,2
224.375,2
138.75,2
53.625,2
28.25,2
29.625,2
107.625,2
57.375,2
27.625,2
12.25,2
20.625,2
22.375,2
149.0,2
75.375,2
95.875,2
44.5,2
38.0,2
26.375,2
61.375,2
116.25,2
111.75,2
136.375,2
70.875,2
55.25,2
63.5,2
64.0,2
86.75,2
87.125,2
43.125,2
42.375,2
58.125,2
132.375,2
131.5,2
82.25,2
117.125,2
142.25,2
115.25,2
201.875,2
118.75,2
514.25,2
241.28572,2
797.75,2
991.2222,4
341.5625,4
233.0,4
96.2,5
103.85,5
99.3,5
102.5,5
102.5,5
78.65,5
64.25,5
109.45,5
106.85,5
140.05,5
88.85,5
85.55,5
130.4,5
116.0,5
92.95,5
125.05,5
397.65,5
306.35,5
324.2,5
255.5,5
353.35,5
311.6,5
321.55,5
243.8,5
191.85,5
155.1,5
72.95,5
134.35,5
245.5,5
198.35,5
220.05,5
260.7,5
292.3,5
260.65,5
492.7,5
372.1,5
89.3,5
38.6,5
37.5,5
44.65,5
69.6,5
57.0,5
57.9,5
74.15,5
49.15,5
52.25,5
54.7,5
24.5,5
10.15,5
8.45,5
7.9,5
8.0,5
7.85,5
7.3,5
5.6,5
4.95,5
6.3,5
9.2,5
6.45,5
7.65,5
9.3,5
7.8,5
6.4,5
6.4,5
9.0,5
8.3,5
7.9,5
6.75,5
