Linux 3.11.0-15-generic (client-HVM-domU) 	04/21/2015

12:00:17 AM kbmemfree kbmemused  %memused kbbuffers  kbcached kbswpfree kbswpused  %swpused  kbswpcad
12:00:18 AM   6485624    394876      5.74     14204    131664   1045500         0      0.00         0
12:00:19 AM   6484064    396436      5.76     14212    131888   1045500         0      0.00         0
12:00:20 AM   6481828    398672      5.79     14220    131892   1045500         0      0.00         0
12:00:21 AM   6477576    402924      5.86     14228    131900   1045500         0      0.00         0
12:00:22 AM   6469212    411288      5.98     14236    131904   1045500         0      0.00         0
12:00:23 AM   6452608    427892      6.22     14244    131912   1045500         0      0.00         0
12:00:24 AM   6434272    446228      6.49     14252    131928   1045500         0      0.00         0
12:00:25 AM   6416680    463820      6.74     14260    131936   1045500         0      0.00         0
12:00:26 AM   6398952    481548      7.00     14268    131944   1045500         0      0.00         0
12:00:27 AM   6380340    500160      7.27     14276    131956   1045500         0      0.00         0
12:00:28 AM   6361108    519392      7.55     14284    132176   1045500         0      0.00         0
12:00:29 AM   6359052    521448      7.58     14292    132776   1045500         0      0.00         0
12:00:30 AM   6356472    524028      7.62     14300    132848   1045500         0      0.00         0
12:00:31 AM   6354044    526456      7.65     14308    133048   1045500         0      0.00         0
12:00:32 AM   6347764    532736      7.74     14316    134672   1045500         0      0.00         0
12:00:33 AM   6342784    537716      7.82     14324    136060   1045500         0      0.00         0
12:00:34 AM   6337060    543440      7.90     14336    137060   1045500         0      0.00         0
12:00:35 AM   6328828    551672      8.02     14344    138304   1045500         0      0.00         0
12:00:36 AM   6321120    559380      8.13     14352    139532   1045500         0      0.00         0
12:00:37 AM   6308112    572388      8.32     14360    141048   1045500         0      0.00         0
12:00:38 AM   6285368    595132      8.65     14368    142136   1045500         0      0.00         0
12:00:39 AM   6274488    606012      8.81     14376    143516   1045500         0      0.00         0
12:00:40 AM   6267664    612836      8.91     14384    144776   1045500         0      0.00         0
12:00:41 AM   6256448    624052      9.07     14392    146084   1045500         0      0.00         0
12:00:42 AM   6244880    635620      9.24     14400    147616   1045500         0      0.00         0
12:00:43 AM   6235712    644788      9.37     14408    148772   1045500         0      0.00         0
12:00:44 AM   6226788    653712      9.50     14416    150316   1045500         0      0.00         0
12:00:45 AM   6213288    667212      9.70     14424    152032   1045500         0      0.00         0
12:00:46 AM   6197372    683128      9.93     14432    153828   1045500         0      0.00         0
12:00:47 AM   6188504    691996     10.06     14440    156036   1045500         0      0.00         0
12:00:48 AM   6174544    705956     10.26     14448    158136   1045500         0      0.00         0
12:00:49 AM   6166980    713520     10.37     14456    160192   1045500         0      0.00         0
12:00:50 AM   6158860    721640     10.49     14464    162296   1045500         0      0.00         0
12:00:51 AM   6149980    730520     10.62     14472    164224   1045500         0      0.00         0
12:00:52 AM   6144860    735640     10.69     14480    166432   1045500         0      0.00         0
12:00:53 AM   6132488    748012     10.87     14488    169584   1045500         0      0.00         0
12:00:54 AM   6101628    778872     11.32     14496    171572   1045500         0      0.00         0
12:00:55 AM   6055104    825396     12.00     14504    173872   1045500         0      0.00         0
12:00:56 AM   6012448    868052     12.62     14512    176468   1045500         0      0.00         0
12:00:57 AM   5987676    892824     12.98     14520    179928   1045500         0      0.00         0
12:00:58 AM   5964096    916404     13.32     14528    182104   1045500         0      0.00         0
12:00:59 AM   5928380    952120     13.84     14536    185140   1045500         0      0.00         0
12:01:00 AM   5882884    997616     14.50     14544    188656   1045500         0      0.00         0
12:01:01 AM   5869592   1010908     14.69     14552    191560   1045500         0      0.00         0
12:01:02 AM   5856256   1024244     14.89     14560    194720   1045500         0      0.00         0
12:01:03 AM   5845256   1035244     15.05     14568    197576   1045500         0      0.00         0
12:01:04 AM   5825848   1054652     15.33     14576    201228   1045500         0      0.00         0
12:01:05 AM   5814300   1066200     15.50     14584    204508   1045500         0      0.00         0
12:01:06 AM   5795024   1085476     15.78     14592    207848   1045500         0      0.00         0
12:01:07 AM   5782080   1098420     15.96     14600    211704   1045500         0      0.00         0
12:01:08 AM   5770220   1110280     16.14     14608    215020   1045500         0      0.00         0
12:01:09 AM   5761488   1119012     16.26     14616    218304   1045500         0      0.00         0
12:01:10 AM   5749132   1131368     16.44     14624    222056   1045500         0      0.00         0
12:01:11 AM   5742232   1138268     16.54     14632    225576   1045500         0      0.00         0
12:01:12 AM   5731116   1149384     16.70     14640    229124   1045500         0      0.00         0
12:01:13 AM   5723020   1157480     16.82     14648    233104   1045500         0      0.00         0
12:01:14 AM   5714488   1166012     16.95     14656    236136   1045500         0      0.00         0
12:01:15 AM   5707752   1172748     17.04     14664    240232   1045500         0      0.00         0
12:01:16 AM   5699752   1180748     17.16     14672    244092   1045500         0      0.00         0
12:01:17 AM   5692668   1187832     17.26     14680    248448   1045500         0      0.00         0
12:01:18 AM   5686988   1193512     17.35     14688    252800   1045500         0      0.00         0
12:01:19 AM   5680748   1199752     17.44     14696    257024   1045500         0      0.00         0
12:01:20 AM   5674600   1205900     17.53     14704    260072   1045500         0      0.00         0
12:01:21 AM   5667812   1212688     17.62     14712    263936   1045500         0      0.00         0
12:01:22 AM   5660508   1219992     17.73     14720    267172   1045500         0      0.00         0
12:01:23 AM   5651568   1228932     17.86     14728    270748   1045500         0      0.00         0
12:01:24 AM   5628956   1251544     18.19     14736    275028   1045500         0      0.00         0
12:01:25 AM   5588456   1292044     18.78     14744    278116   1045500         0      0.00         0
12:01:26 AM   5544876   1335624     19.41     14752    281312   1045500         0      0.00         0
12:01:27 AM   5507596   1372904     19.95     14760    284892   1045500         0      0.00         0
12:01:28 AM   5495952   1384548     20.12     14768    287384   1045500         0      0.00         0
12:01:29 AM   5453760   1426740     20.74     14776    289952   1045500         0      0.00         0
12:01:30 AM   5447252   1433248     20.83     14784    292520   1045500         0      0.00         0
12:01:31 AM   5440208   1440292     20.93     14792    294784   1045500         0      0.00         0
12:01:32 AM   5433076   1447424     21.04     14800    298032   1045500         0      0.00         0
12:01:33 AM   5430540   1449960     21.07     14808    298732   1045500         0      0.00         0
12:01:34 AM   5428348   1452152     21.11     14816    298860   1045500         0      0.00         0
12:01:35 AM   5427240   1453260     21.12     14824    298900   1045500         0      0.00         0
12:01:36 AM   5424952   1455548     21.15     14832    298948   1045500         0      0.00         0
12:01:37 AM   5422928   1457572     21.18     14840    299300   1045500         0      0.00         0
12:01:38 AM   5421852   1458648     21.20     14848    299384   1045500         0      0.00         0
12:01:39 AM   5420696   1459804     21.22     14856    299472   1045500         0      0.00         0
12:01:40 AM   5420024   1460476     21.23     14864    299528   1045500         0      0.00         0
12:01:41 AM   5419304   1461196     21.24     14872    299572   1045500         0      0.00         0
12:01:42 AM   5418940   1461560     21.24     14880    299664   1045500         0      0.00         0
12:01:43 AM   5418608   1461892     21.25     14888    299716   1045500         0      0.00         0
12:01:44 AM   5418772   1461728     21.24     14896    299828   1045500         0      0.00         0
12:01:45 AM   5418780   1461720     21.24     14904    299940   1045500         0      0.00         0
12:01:46 AM   5418480   1462020     21.25     14912    299984   1045500         0      0.00         0
12:01:47 AM   5419200   1461300     21.24     14920    300192   1045500         0      0.00         0
12:01:48 AM   5418828   1461672     21.24     14928    300456   1045500         0      0.00         0
12:01:49 AM   5419544   1460956     21.23     14936    300544   1045500         0      0.00         0
12:01:50 AM   5420088   1460412     21.23     14944    300580   1045500         0      0.00         0
12:01:51 AM   5420004   1460496     21.23     14952    300680   1045500         0      0.00         0
12:01:52 AM   5420588   1459912     21.22     14960    300872   1045500         0      0.00         0
12:01:53 AM   5421100   1459400     21.21     14968    300976   1045500         0      0.00         0
12:01:54 AM   5421984   1458516     21.20     14976    301048   1045500         0      0.00         0
12:01:55 AM   5422024   1458476     21.20     14984    301092   1045500         0      0.00         0
12:01:56 AM   5422948   1457552     21.18     14992    301152   1045500         0      0.00         0
12:01:57 AM   5423988   1456512     21.17     15000    301200   1045500         0      0.00         0
12:01:58 AM   5424872   1455628     21.16     15008    301284   1045500         0      0.00         0
12:01:59 AM   5424232   1456268     21.17     15016    302208   1045500         0      0.00         0
12:02:00 AM   5424736   1455764     21.16     15024    302440   1045500         0      0.00         0
12:02:01 AM   5425668   1454832     21.14     15032    302520   1045500         0      0.00         0
12:02:02 AM   5426616   1453884     21.13     15040    302596   1045500         0      0.00         0
12:02:03 AM   5427284   1453216     21.12     15048    302644   1045500         0      0.00         0
12:02:04 AM   5428044   1452456     21.11     15056    302808   1045500         0      0.00         0
12:02:05 AM   5429364   1451136     21.09     15064    302852   1045500         0      0.00         0
12:02:06 AM   5429784   1450716     21.08     15072    302948   1045500         0      0.00         0
12:02:07 AM   5430452   1450048     21.07     15080    302988   1045500         0      0.00         0
12:02:08 AM   5431336   1449164     21.06     15088    303052   1045500         0      0.00         0
12:02:09 AM   5432036   1448464     21.05     15096    303228   1045500         0      0.00         0
12:02:10 AM   5433324   1447176     21.03     15104    303264   1045500         0      0.00         0
12:02:11 AM   5434240   1446260     21.02     15112    303304   1045500         0      0.00         0
12:02:12 AM   5435248   1445252     21.01     15120    303416   1045500         0      0.00         0
12:02:13 AM   5434844   1445656     21.01     15128    303528   1045500         0      0.00         0
12:02:14 AM   5434876   1445624     21.01     15136    303612   1045500         0      0.00         0
12:02:15 AM   5436072   1444428     20.99     15144    303728   1045500         0      0.00         0
12:02:16 AM   5435708   1444792     21.00     15152    303832   1045500         0      0.00         0
12:02:17 AM   5435336   1445164     21.00     15160    303928   1045500         0      0.00         0
12:02:18 AM   5435904   1444596     21.00     15168    304040   1045500         0      0.00         0
12:02:19 AM   5436772   1443728     20.98     15176    304112   1045500         0      0.00         0
12:02:20 AM   5436196   1444304     20.99     15184    304216   1045500         0      0.00         0
12:02:21 AM   5433604   1446896     21.03     15192    304436   1045500         0      0.00         0
12:02:22 AM   5429728   1450772     21.09     15200    304508   1045500         0      0.00         0
12:02:23 AM   5428612   1451888     21.10     15208    305180   1045500         0      0.00         0
12:02:24 AM   5428240   1452260     21.11     15216    305364   1045500         0      0.00         0
12:02:25 AM   5427648   1452852     21.12     15224    305408   1045500         0      0.00         0
12:02:26 AM   5425376   1455124     21.15     15232    305464   1045500         0      0.00         0
12:02:27 AM   5425996   1454504     21.14     15240    305572   1045500         0      0.00         0
12:02:28 AM   5427184   1453316     21.12     15248    305712   1045500         0      0.00         0
12:02:29 AM   5426200   1454300     21.14     15256    305832   1045500         0      0.00         0
12:02:30 AM   5426416   1454084     21.13     15264    305916   1045500         0      0.00         0
12:02:31 AM   5425980   1454520     21.14     15272    306016   1045500         0      0.00         0
12:02:32 AM   5424012   1456488     21.17     15280    306072   1045500         0      0.00         0
12:02:33 AM   5423640   1456860     21.17     15288    306132   1045500         0      0.00         0
12:02:34 AM   5423920   1456580     21.17     15296    306276   1045500         0      0.00         0
12:02:35 AM   5424920   1455580     21.16     15304    306328   1045500         0      0.00         0
12:02:36 AM   5425456   1455044     21.15     15312    306444   1045500         0      0.00         0
12:02:37 AM   5426240   1454260     21.14     15320    306516   1045500         0      0.00         0
12:02:38 AM   5427396   1453104     21.12     15328    306596   1045500         0      0.00         0
12:02:39 AM   5427932   1452568     21.11     15336    306780   1045500         0      0.00         0
12:02:40 AM   5428872   1451628     21.10     15344    306836   1045500         0      0.00         0
12:02:41 AM   5429532   1450968     21.09     15352    306876   1045500         0      0.00         0
12:02:42 AM   5429632   1450868     21.09     15360    306944   1045500         0      0.00         0
12:02:43 AM   5428476   1452024     21.10     15368    307124   1045500         0      0.00         0
12:02:44 AM   5426412   1454088     21.13     15376    307280   1045500         0      0.00         0
12:02:45 AM   5425576   1454924     21.15     15384    307320   1045500         0      0.00         0
12:02:46 AM   5426228   1454272     21.14     15392    307404   1045500         0      0.00         0
12:02:47 AM   5427260   1453240     21.12     15400    307492   1045500         0      0.00         0
12:02:48 AM   5426608   1453892     21.13     15408    307664   1045500         0      0.00         0
12:02:49 AM   5427384   1453116     21.12     15416    307724   1045500         0      0.00         0
12:02:50 AM   5426772   1453728     21.13     15424    307880   1045500         0      0.00         0
12:02:51 AM   5427796   1452704     21.11     15432    307952   1045500         0      0.00         0
12:02:52 AM   5427556   1452944     21.12     15440    307996   1045500         0      0.00         0
12:02:53 AM   5425420   1455080     21.15     15448    308156   1045500         0      0.00         0
12:02:54 AM   5423464   1457036     21.18     15456    308224   1045500         0      0.00         0
12:02:55 AM   5419104   1461396     21.24     15464    308268   1045500         0      0.00         0
12:02:56 AM   5409772   1470728     21.38     15472    308328   1045500         0      0.00         0
12:02:57 AM   5409524   1470976     21.38     15480    308492   1045500         0      0.00         0
12:02:58 AM   5409532   1470968     21.38     15488    308600   1045500         0      0.00         0
12:02:59 AM   5409376   1471124     21.38     15496    308664   1045500         0      0.00         0
12:03:00 AM   5408540   1471960     21.39     15504    308792   1045500         0      0.00         0
12:03:01 AM   5407640   1472860     21.41     15512    308836   1045500         0      0.00         0
12:03:02 AM   5408416   1472084     21.40     15520    308968   1045500         0      0.00         0
12:03:03 AM   5408720   1471780     21.39     15532    309068   1045500         0      0.00         0
12:03:04 AM   5409588   1470912     21.38     15540    309096   1045500         0      0.00         0
12:03:05 AM   5410156   1470344     21.37     15548    309248   1045500         0      0.00         0
12:03:06 AM   5411312   1469188     21.35     15556    309416   1045500         0      0.00         0
12:03:07 AM   5410700   1469800     21.36     15564    309452   1045500         0      0.00         0
12:03:08 AM   5410504   1469996     21.36     15572    309532   1045500         0      0.00         0
12:03:09 AM   5408468   1472032     21.39     15580    309600   1045500         0      0.00         0
12:03:10 AM   5404352   1476148     21.45     15588    309632   1045500         0      0.00         0
12:03:11 AM   5394916   1485584     21.59     15596    309672   1045500         0      0.00         0
12:03:12 AM   5375560   1504940     21.87     15604    309700   1045500         0      0.00         0
12:03:13 AM   5338756   1541744     22.41     15612    309736   1045500         0      0.00         0
12:03:14 AM   5338540   1541960     22.41     15620    309840   1045500         0      0.00         0
12:03:15 AM   5338672   1541828     22.41     15628    309984   1045500         0      0.00         0
12:03:16 AM   5339564   1540936     22.40     15636    310076   1045500         0      0.00         0
12:03:17 AM   5339712   1540788     22.39     15644    310204   1045500         0      0.00         0
12:03:18 AM   5339596   1540904     22.40     15652    310284   1045500         0      0.00         0
12:03:19 AM   5339604   1540896     22.40     15660    310452   1045500         0      0.00         0
12:03:20 AM   5339428   1541072     22.40     15668    310520   1045500         0      0.00         0
12:03:21 AM   5339188   1541312     22.40     15676    310572   1045500         0      0.00         0
12:03:22 AM   5339072   1541428     22.40     15684    310624   1045500         0      0.00         0
12:03:23 AM   5339112   1541388     22.40     15692    310744   1045500         0      0.00         0
12:03:24 AM   5340236   1540264     22.39     15700    310852   1045500         0      0.00         0
12:03:25 AM   5340656   1539844     22.38     15708    310880   1045500         0      0.00         0
12:03:26 AM   5341680   1538820     22.36     15716    310924   1045500         0      0.00         0
12:03:27 AM   5342224   1538276     22.36     15724    310996   1045500         0      0.00         0
12:03:28 AM   5343264   1537236     22.34     15732    311040   1045500         0      0.00         0
12:03:29 AM   5344396   1536104     22.33     15740    311180   1045500         0      0.00         0
12:03:30 AM   5344692   1535808     22.32     15748    311276   1045500         0      0.00         0
12:03:31 AM   5345360   1535140     22.31     15756    311344   1045500         0      0.00         0
12:03:32 AM   5346648   1533852     22.29     15764    311384   1045500         0      0.00         0
12:03:33 AM   5347472   1533028     22.28     15772    311464   1045500         0      0.00         0
12:03:34 AM   5348512   1531988     22.27     15780    311520   1045500         0      0.00         0
12:03:35 AM   5349180   1531320     22.26     15788    312120   1045500         0      0.00         0
12:03:36 AM   5349972   1530528     22.24     15796    312348   1045500         0      0.00         0
12:03:37 AM   5350732   1529768     22.23     15804    312456   1045500         0      0.00         0
12:03:38 AM   5351804   1528696     22.22     15812    312500   1045500         0      0.00         0
12:03:39 AM   5352968   1527532     22.20     15820    312528   1045500         0      0.00         0
12:03:40 AM   5353652   1526848     22.19     15828    312572   1045500         0      0.00         0
12:03:41 AM   5354692   1525808     22.18     15836    312664   1045500         0      0.00         0
12:03:42 AM   5355360   1525140     22.17     15844    312716   1045500         0      0.00         0
12:03:43 AM   5356648   1523852     22.15     15852    312828   1045500         0      0.00         0
12:03:44 AM   5357944   1522556     22.13     15860    312912   1045500         0      0.00         0
12:03:45 AM   5358736   1521764     22.12     15868    313008   1045500         0      0.00         0
12:03:46 AM   5359900   1520600     22.10     15876    313108   1045500         0      0.00         0
12:03:47 AM   5360660   1519840     22.09     15884    313152   1045500         0      0.00         0
12:03:48 AM   5361856   1518644     22.07     15892    313248   1045500         0      0.00         0
12:03:49 AM   5362896   1517604     22.06     15900    313340   1045500         0      0.00         0
12:03:50 AM   5364060   1516440     22.04     15908    313376   1045500         0      0.00         0
12:03:51 AM   5365224   1515276     22.02     15916    313436   1045500         0      0.00         0
12:03:52 AM   5365768   1514732     22.01     15924    313520   1045500         0      0.00         0
12:03:53 AM   5366808   1513692     22.00     15932    313848   1045500         0      0.00         0
12:03:54 AM   5368064   1512436     21.98     15940    313892   1045500         0      0.00         0
12:03:55 AM   5369012   1511488     21.97     15948    313944   1045500         0      0.00         0
12:03:56 AM   5369804   1510696     21.96     15956    313968   1045500         0      0.00         0
12:03:57 AM   5371092   1509408     21.94     15964    313996   1045500         0      0.00         0
12:03:58 AM   5372256   1508244     21.92     15972    314088   1045500         0      0.00         0
12:03:59 AM   5373420   1507080     21.90     15980    314116   1045500         0      0.00         0
12:04:00 AM   5374584   1505916     21.89     15988    314152   1045500         0      0.00         0
12:04:01 AM   5375252   1505248     21.88     15996    314244   1045500         0      0.00         0
12:04:02 AM   5376324   1504176     21.86     16004    314388   1045500         0      0.00         0
12:04:03 AM   5377456   1503044     21.84     16012    314416   1045500         0      0.00         0
12:04:04 AM   5377496   1503004     21.84     16020    314480   1045500         0      0.00         0
12:04:05 AM   5377464   1503036     21.84     16028    314576   1045500         0      0.00         0
12:04:06 AM   5376772   1503728     21.85     16036    314956   1045500         0      0.00         0
12:04:07 AM   5374924   1505576     21.88     16044    314964   1045500         0      0.00         0
12:04:08 AM   5375052   1505448     21.88     16052    315000   1045500         0      0.00         0
12:04:09 AM   5374812   1505688     21.88     16060    315052   1045500         0      0.00         0
12:04:10 AM   5375712   1504788     21.87     16068    315096   1045500         0      0.00         0
12:04:11 AM   5376340   1504160     21.86     16076    315172   1045500         0      0.00         0
12:04:12 AM   5376216   1504284     21.86     16084    315456   1045500         0      0.00         0
12:04:13 AM   5375688   1504812     21.87     16092    315508   1045500         0      0.00         0
12:04:14 AM   5376248   1504252     21.86     16100    315632   1045500         0      0.00         0
12:04:15 AM   5377412   1503088     21.85     16108    315696   1045500         0      0.00         0
12:04:16 AM   5378328   1502172     21.83     16116    315836   1045500         0      0.00         0
12:04:17 AM   5379368   1501132     21.82     16124    315896   1045500         0      0.00         0
12:04:18 AM   5380252   1500248     21.80     16132    315952   1045500         0      0.00         0
12:04:19 AM   5381696   1498804     21.78     16140    315980   1045500         0      0.00         0
12:04:20 AM   5382736   1497764     21.77     16148    316008   1045500         0      0.00         0
12:04:21 AM   5383900   1496600     21.75     16156    316044   1045500         0      0.00         0
12:04:22 AM   5385064   1495436     21.73     16164    316076   1045500         0      0.00         0
12:04:23 AM   5384576   1495924     21.74     16172    316404   1045500         0      0.00         0
12:04:24 AM   5386072   1494428     21.72     16180    316436   1045500         0      0.00         0
12:04:25 AM   5386740   1493760     21.71     16188    316476   1045500         0      0.00         0
12:04:26 AM   5387996   1492504     21.69     16196    316556   1045500         0      0.00         0
12:04:27 AM   5389160   1491340     21.67     16204    316596   1045500         0      0.00         0
12:04:28 AM   5389984   1490516     21.66     16212    316632   1045500         0      0.00         0
12:04:29 AM   5391272   1489228     21.64     16220    316664   1045500         0      0.00         0
12:04:30 AM   5392312   1488188     21.63     16228    316724   1045500         0      0.00         0
12:04:31 AM   5393228   1487272     21.62     16236    316876   1045500         0      0.00         0
12:04:32 AM   5394516   1485984     21.60     16244    316912   1045500         0      0.00         0
12:04:33 AM   5395432   1485068     21.58     16252    316944   1045500         0      0.00         0
12:04:34 AM   5396464   1484036     21.57     16260    316988   1045500         0      0.00         0
12:04:35 AM   5397380   1483120     21.56     16268    317024   1045500         0      0.00         0
12:04:36 AM   5398620   1481880     21.54     16276    317064   1045500         0      0.00         0
12:04:37 AM   5399752   1480748     21.52     16284    317192   1045500         0      0.00         0
12:04:38 AM   5399792   1480708     21.52     16292    317264   1045500         0      0.00         0
12:04:39 AM   5399388   1481112     21.53     16300    317604   1045500         0      0.00         0
12:04:40 AM   5400328   1480172     21.51     16308    317688   1045500         0      0.00         0
12:04:41 AM   5400212   1480288     21.51     16316    317740   1045500         0      0.00         0
12:04:42 AM   5400048   1480452     21.52     16324    317816   1045500         0      0.00         0
12:04:43 AM   5397764   1482736     21.55     16332    317836   1045500         0      0.00         0
12:04:44 AM   5393700   1486800     21.61     16340    317880   1045500         0      0.00         0
12:04:45 AM   5385264   1495236     21.73     16348    317900   1045500         0      0.00         0
12:04:46 AM   5371292   1509208     21.93     16356    317960   1045500         0      0.00         0
12:04:47 AM   5366796   1513704     22.00     16364    318008   1045500         0      0.00         0
12:04:48 AM   5367456   1513044     21.99     16372    318032   1045500         0      0.00         0
12:04:49 AM   5368396   1512104     21.98     16380    318160   1045500         0      0.00         0
12:04:50 AM   5369024   1511476     21.97     16388    318188   1045500         0      0.00         0
12:04:51 AM   5369528   1510972     21.96     16396    318244   1045500         0      0.00         0
12:04:52 AM   5370624   1509876     21.94     16404    318268   1045500         0      0.00         0
12:04:53 AM   5371500   1509000     21.93     16412    318316   1045500         0      0.00         0
12:04:54 AM   5371944   1508556     21.93     16420    318392   1045500         0      0.00         0
12:04:55 AM   5373232   1507268     21.91     16428    318428   1045500         0      0.00         0
12:04:56 AM   5373900   1506600     21.90     16436    318468   1045500         0      0.00         0
12:04:57 AM   5374816   1505684     21.88     16444    318512   1045500         0      0.00         0
12:04:58 AM   5375856   1504644     21.87     16452    318544   1045500         0      0.00         0
12:04:59 AM   5377144   1503356     21.85     16460    318584   1045500         0      0.00         0
12:05:00 AM   5378152   1502348     21.83     16468    318672   1045500         0      0.00         0
12:05:01 AM   5379192   1501308     21.82     16476    318708   1045500         0      0.00         0
12:05:02 AM   5380264   1500236     21.80     16484    318744   1045500         0      0.00         0
12:05:03 AM   5381304   1499196     21.79     16492    318832   1045500         0      0.00         0
12:05:04 AM   5382468   1498032     21.77     16500    318864   1045500         0      0.00         0
12:05:05 AM   5383384   1497116     21.76     16508    318960   1045500         0      0.00         0
12:05:06 AM   5384344   1496156     21.74     16516    318996   1045500         0      0.00         0
12:05:07 AM   5385664   1494836     21.73     16524    319028   1045500         0      0.00         0
12:05:08 AM   5386456   1494044     21.71     16532    319108   1045500         0      0.00         0
12:05:09 AM   5387744   1492756     21.70     16540    319196   1045500         0      0.00         0
12:05:10 AM   5388784   1491716     21.68     16548    319304   1045500         0      0.00         0
12:05:11 AM   5389816   1490684     21.67     16556    319432   1045500         0      0.00         0
12:05:12 AM   5389284   1491216     21.67     16564    319460   1045500         0      0.00         0
12:05:13 AM   5387512   1492988     21.70     16572    319492   1045500         0      0.00         0
12:05:14 AM   5383600   1496900     21.76     16580    319528   1045500         0      0.00         0
12:05:15 AM   5375912   1504588     21.87     16588    319624   1045500         0      0.00         0
12:05:16 AM   5373444   1507056     21.90     16596    319672   1045500         0      0.00         0
12:05:17 AM   5374768   1505732     21.88     16604    319692   1045500         0      0.00         0
12:05:18 AM   5375772   1504728     21.87     16612    319724   1045500         0      0.00         0
12:05:19 AM   5377052   1503448     21.85     16620    319796   1045500         0      0.00         0
12:05:20 AM   5377644   1502856     21.84     16628    320064   1045500         0      0.00         0
12:05:21 AM   5378428   1502072     21.83     16636    320092   1045500         0      0.00         0
12:05:22 AM   5378036   1502464     21.84     16644    320132   1045500         0      0.00         0
12:05:23 AM   5376492   1504008     21.86     16652    320156   1045500         0      0.00         0
12:05:24 AM   5375748   1504752     21.87     16660    320192   1045500         0      0.00         0
12:05:25 AM   5374748   1505752     21.88     16668    320280   1045500         0      0.00         0
12:05:26 AM   5372468   1508032     21.92     16676    320364   1045500         0      0.00         0
12:05:27 AM   5372508   1507992     21.92     16684    320444   1045500         0      0.00         0
12:05:28 AM   5373708   1506792     21.90     16692    320540   1045500         0      0.00         0
12:05:29 AM   5374488   1506012     21.89     16700    320576   1045500         0      0.00         0
12:05:30 AM   5375124   1505376     21.88     16708    320608   1045500         0      0.00         0
12:05:31 AM   5376028   1504472     21.87     16716    320648   1045500         0      0.00         0
12:05:32 AM   5377148   1503352     21.85     16724    320680   1045500         0      0.00         0
12:05:33 AM   5378360   1502140     21.83     16732    320724   1045500         0      0.00         0
12:05:34 AM   5378840   1501660     21.82     16740    320776   1045500         0      0.00         0
12:05:35 AM   5380000   1500500     21.81     16748    320812   1045500         0      0.00         0
12:05:36 AM   5380964   1499536     21.79     16756    320892   1045500         0      0.00         0
12:05:37 AM   5382152   1498348     21.78     16764    320924   1045500         0      0.00         0
12:05:38 AM   5382744   1497756     21.77     16772    321176   1045500         0      0.00         0
12:05:39 AM   5383868   1496632     21.75     16780    321168   1045500         0      0.00         0
12:05:40 AM   5385032   1495468     21.73     16788    321212   1045500         0      0.00         0
12:05:41 AM   5386324   1494176     21.72     16796    321252   1045500         0      0.00         0
12:05:42 AM   5387476   1493024     21.70     16804    321296   1045500         0      0.00         0
12:05:43 AM   5388648   1491852     21.68     16812    321424   1045500         0      0.00         0
12:05:44 AM   5390064   1490436     21.66     16820    321516   1045500         0      0.00         0
12:05:45 AM   5390848   1489652     21.65     16828    321548   1045500         0      0.00         0
12:05:46 AM   5391644   1488856     21.64     16836    321580   1045500         0      0.00         0
12:05:47 AM   5393092   1487408     21.62     16844    321608   1045500         0      0.00         0
12:05:48 AM   5394244   1486256     21.60     16852    321692   1045500         0      0.00         0
12:05:49 AM   5395996   1484504     21.58     16860    321712   1045500         0      0.00         0
12:05:50 AM   5396704   1483796     21.57     16868    321740   1045500         0      0.00         0
12:05:51 AM   5397900   1482600     21.55     16876    321764   1045500         0      0.00         0
12:05:52 AM   5399180   1481320     21.53     16884    321800   1045500         0      0.00         0
12:05:53 AM   5400104   1480396     21.52     16892    321836   1045500         0      0.00         0
12:05:54 AM   5401092   1479408     21.50     16900    321888   1045500         0      0.00         0
12:05:55 AM   5402380   1478120     21.48     16908    321924   1045500         0      0.00         0
12:05:56 AM   5403476   1477024     21.47     16916    321968   1045500         0      0.00         0
12:05:57 AM   5404824   1475676     21.45     16924    322048   1045500         0      0.00         0
12:05:58 AM   5406016   1474484     21.43     16932    322080   1045500         0      0.00         0
12:05:59 AM   5407448   1473052     21.41     16940    322108   1045500         0      0.00         0
12:06:00 AM   5408788   1471712     21.39     16948    322124   1045500         0      0.00         0
12:06:01 AM   5409668   1470832     21.38     16956    322144   1045500         0      0.00         0
12:06:02 AM   5410856   1469644     21.36     16964    322160   1045500         0      0.00         0
12:06:03 AM   5412004   1468496     21.34     16972    322180   1045500         0      0.00         0
12:06:04 AM   5413484   1467016     21.32     16980    322252   1045500         0      0.00         0
12:06:05 AM   5414700   1465800     21.30     16988    322268   1045500         0      0.00         0
12:06:06 AM   5415712   1464788     21.29     16996    322304   1045500         0      0.00         0
12:06:07 AM   5415636   1464864     21.29     17004    322316   1045500         0      0.00         0
12:06:08 AM   5417860   1462640     21.26     17012    322388   1045500         0      0.00         0
12:06:09 AM   5417316   1463184     21.27     17020    322408   1045500         0      0.00         0
12:06:10 AM   5419224   1461276     21.24     17028    322428   1045500         0      0.00         0
12:06:11 AM   5420172   1460328     21.22     17036    322448   1045500         0      0.00         0
12:06:12 AM   5421708   1458792     21.20     17044    322468   1045500         0      0.00         0
12:06:13 AM   5422840   1457660     21.19     17052    322492   1045500         0      0.00         0
12:06:14 AM   5424160   1456340     21.17     17060    322516   1045500         0      0.00         0
12:06:15 AM   5425448   1455052     21.15     17068    322528   1045500         0      0.00         0
12:06:16 AM   5426644   1453856     21.13     17076    322536   1045500         0      0.00         0
12:06:17 AM   5427840   1452660     21.11     17084    322552   1045500         0      0.00         0
12:06:18 AM   5429116   1451384     21.09     17092    322560   1045500         0      0.00         0
12:06:19 AM   5430292   1450208     21.08     17100    322572   1045500         0      0.00         0
12:06:20 AM   5431548   1448952     21.06     17108    322584   1045500         0      0.00         0
12:06:21 AM   5432868   1447632     21.04     17116    322600   1045500         0      0.00         0
12:06:22 AM   5434000   1446500     21.02     17124    322604   1045500         0      0.00         0
12:06:23 AM   5435312   1445188     21.00     17132    322616   1045500         0      0.00         0
12:06:24 AM   5436568   1443932     20.99     17140    322628   1045500         0      0.00         0
12:06:25 AM   5437772   1442728     20.97     17148    322636   1045500         0      0.00         0
12:06:26 AM   5439184   1441316     20.95     17156    322648   1045500         0      0.00         0
12:06:27 AM   5440472   1440028     20.93     17164    322664   1045500         0      0.00         0
12:06:28 AM   5441480   1439020     20.91     17172    322672   1045500         0      0.00         0
12:06:29 AM   5442800   1437700     20.90     17180    322676   1045500         0      0.00         0
12:06:30 AM   5444088   1436412     20.88     17188    322688   1045500         0      0.00         0
12:06:31 AM   5445004   1435496     20.86     17196    322744   1045500         0      0.00         0
12:06:32 AM   5446416   1434084     20.84     17204    322752   1045500         0      0.00         0
12:06:33 AM   5447704   1432796     20.82     17212    322756   1045500         0      0.00         0
12:06:34 AM   5448836   1431664     20.81     17220    322764   1045500         0      0.00         0
12:06:35 AM   5450156   1430344     20.79     17228    322776   1045500         0      0.00         0
12:06:36 AM   5451320   1429180     20.77     17236    322784   1045500         0      0.00         0
12:06:37 AM   5452608   1427892     20.75     17244    322800   1045500         0      0.00         0
12:06:38 AM   5453740   1426760     20.74     17252    322804   1045500         0      0.00         0
12:06:39 AM   5455060   1425440     20.72     17260    322812   1045500         0      0.00         0
12:06:40 AM   5456224   1424276     20.70     17268    322816   1045500         0      0.00         0
12:06:41 AM   5457388   1423112     20.68     17276    322828   1045500         0      0.00         0
12:06:42 AM   5458676   1421824     20.66     17284    322836   1045500         0      0.00         0
12:06:43 AM   5459840   1420660     20.65     17292    322844   1045500         0      0.00         0
12:06:44 AM   5461128   1419372     20.63     17300    322848   1045500         0      0.00         0
12:06:45 AM   5462292   1418208     20.61     17308    322852   1045500         0      0.00         0
12:06:46 AM   5463580   1416920     20.59     17316    322856   1045500         0      0.00         0
12:06:47 AM   5464868   1415632     20.57     17324    322864   1045500         0      0.00         0
12:06:48 AM   5466000   1414500     20.56     17332    322868   1045500         0      0.00         0
12:06:49 AM   5467208   1413292     20.54     17340    322864   1045500         0      0.00         0
12:06:50 AM   5468576   1411924     20.52     17348    322884   1045500         0      0.00         0
12:06:51 AM   5469896   1410604     20.50     17356    322888   1045500         0      0.00         0
12:06:52 AM   5471088   1409412     20.48     17364    322896   1045500         0      0.00         0
12:06:53 AM   5472376   1408124     20.47     17372    322900   1045500         0      0.00         0
12:06:54 AM   5473632   1406868     20.45     17380    322904   1045500         0      0.00         0
12:06:55 AM   5474804   1405696     20.43     17388    322908   1045500         0      0.00         0
12:06:56 AM   5476088   1404412     20.41     17396    322916   1045500         0      0.00         0
12:06:57 AM   5477204   1403296     20.40     17404    322920   1045500         0      0.00         0
Average:      5515881   1364619     19.83     15806    290860   1045500         0      0.00         0
