0
0
2.26
0.25
0.50
1.00
1.49
1.25
0.25
1.00
1.25
0
0.50
0.25
0.50
1.00
0.25
23.10
28.64
28.24
29.41
68.59
58.90
55.79
55.50
55.35
47.15
2.25
0.50
0.25
1.24
0.25
0.50
0.50
0.50
1.00
0.50
1.00
0.25
0.75
1.00
0.50
0.75
0.25
0.75
1.25
2.00
0.75
0.50
0.25
1.75
1.00
1.00
1.01
2.26
1.75
0.75
0.75
1.00
45.29
68.41
71.39
73.58
72.80
72.94
57.47
25.38
8.59
37.89
55.97
57.11
55.67
55.94
36.01
4.51
1.26
0.50
0.75
1.25
0.76
2.75
21.68
43.57
56.28
72.49
80.72
87.63
92.19
92.58
90.50
91.50
92.17
92.25
91.39
89.49
90.66
90.63
90.08
90.95
90.50
91.12
91.35
92.73
92.80
91.75
91.77
92.05
94.74
92.91
94.24
91.18
88.56
94.16
93.94
95.04
94.75
94.96
94.46
93.95
94.19
94.06
94.03
93.15
91.14
89.03
91.25
88.49
87.01
86.05
58.84
18.67
69.51
83.85
86.84
88.14
87.82
86.47
87.82
86.58
85.75
89.15
87.50
84.65
89.49
89.90
92.13
89.42
88.40
94.00
90.13
94.47
94.43
94.99
94.10
90.56
92.96
89.17
95.25
94.70
96.46
92.66
96.22
93.98
92.00
97.00
96.53
94.43
90.15
95.96
95.97
96.02
95.43
92.95
92.13
93.48
96.49
97.02
97.74
96.74
97.02
97.03
93.70
94.99
97.23
96.50
96.96
96.51
93.20
95.25
94.53
97.49
97.77
97.76
96.26
92.79
97.74
97.52
96.75
96.74
96.05
97.49
98.25
97.24
97.99
97.49
98.01
96.75
98.50
97.99
95.98
97.02
97.47
96.98
95.41
95.44
95.77
96.23
96.76
96.98
98.49
