45.47
45.84
45.84
45.85
45.87
45.93
46.08
46.08
46.09
46.09
46.11
46.11
46.11
46.11
46.12
46.11
46.15
46.16
46.13
46.17
46.17
46.16
46.18
46.20
46.23
46.15
46.15
46.15
46.15
46.15
46.15
46.15
46.15
46.15
46.16
46.16
46.19
46.18
46.18
46.18
46.19
46.19
46.19
46.20
46.20
46.21
46.22
46.22
46.23
46.25
46.31
46.40
46.67
47.18
47.24
47.27
47.28
47.35
47.43
47.50
47.51
47.53
47.55
47.58
47.48
47.46
47.52
47.50
47.47
47.48
47.46
47.43
47.35
47.37
47.37
47.41
47.47
47.62
47.91
48.44
49.07
49.68
50.28
50.98
51.71
51.86
52.06
52.19
52.29
52.38
52.60
52.68
52.80
52.87
52.97
53.02
53.07
53.08
53.19
53.36
53.53
53.72
53.89
54.24
54.89
55.58
56.35
57.09
57.80
58.42
58.77
58.94
59.08
59.23
59.37
59.56
59.61
59.65
59.57
59.62
59.75
59.64
59.83
59.92
60.10
60.25
60.37
60.30
60.28
60.35
60.67
60.81
60.91
61.02
61.13
61.25
61.28
61.39
61.46
61.50
61.53
61.62
61.71
61.81
61.91
62.06
62.14
62.31
62.48
62.59
62.66
62.71
62.78
62.90
62.98
63.07
63.14
63.23
63.43
63.47
63.48
63.53
63.66
63.74
63.74
63.78
63.90
63.94
63.99
64.03
64.10
64.20
64.24
64.34
64.40
64.44
64.44
64.47
64.46
64.53
64.59
64.64
64.65
64.66
64.84
64.94
64.87
64.96
64.99
64.98
64.95
64.91
64.93
64.86
64.81
64.79
64.75
64.74
64.74
64.71
64.78
64.75
64.70
64.89
64.53
64.48
64.45
64.44
64.43
64.38
64.35
64.30
64.28
64.26
64.22
64.18
64.16
64.18
64.21
64.15
