0
0
0
0
0
0
0
0
0
0
0
0
0
0
0
1
1
1
1
3
2
2
2
2
2
0
0
0
0
0
0
0
0
0
0
0
0
0
0
0
0
0
0
0
0
0
0
0
1
0
0
0
0
0
0
0
0
2
3
3
3
3
3
3
1
0
1
2
2
2
2
1
0
1
2
0
1
0
1
0
0
2
3
2
1
4
6
9
8
9
11
11
11
12
12
11
11
11
12
2
0
2
1
3
2
2
2
2
2
2
0
1
3
0
0
1
3
2
0
3
4
3
7
11
15
12
13
15
13
13
15
15
7
13
15
11
8
19
20
22
22
26
31
32
32
30
39
36
39
42
38
42
43
36
47
45
45
48
47
46
47
45
50
53
55
55
55
49
57
55
52
51
51
52
58
58
58
51
52
50
50
50
50
50
49
49
49
49
49
49
49
49
49
49
49
49
46
44
43
43
43
43
43
42
42
42
42
42
42
42
42
42
42
42
42
42
42
40
40
40
40
40
40
40
40
40
40
40
40
34
32
32
32
31
31
31
31
31
27
24
24
24
24
24
24
21
21
21
20
19
19
16
16
10
9
9
9
2
2
1
1
1
0
0
0
0
0
0
0
0
0
0
0
0
0
0
0
0
0
0
0
0
0
0
0
0
0
0
0
0
0
0
0
0
0
0
0
0
0
0
0
0
0
0
0
0
0
0
0
0
