Linux 3.11.0-15-generic (client-HVM-domU) 	04/01/2015

05:41:55 PM kbmemfree kbmemused  %memused kbbuffers  kbcached kbswpfree kbswpused  %swpused  kbswpcad
05:41:56 PM   4488184   1360128     23.26     17280    327368   1045500         0      0.00         0
05:41:57 PM   4487516   1360796     23.27     17288    327404   1045500         0      0.00         0
05:41:58 PM   4486088   1362224     23.29     17296    327408   1045500         0      0.00         0
05:41:59 PM   4482796   1365516     23.35     17304    327424   1045500         0      0.00         0
05:42:00 PM   4474672   1373640     23.49     17312    327428   1045500         0      0.00         0
05:42:01 PM   4458728   1389584     23.76     17320    327440   1045500         0      0.00         0
05:42:02 PM   4459144   1389168     23.75     17328    327444   1045500         0      0.00         0
05:42:03 PM   4457008   1391304     23.79     17336    327496   1045500         0      0.00         0
05:42:04 PM   4454532   1393780     23.83     17344    327508   1045500         0      0.00         0
05:42:05 PM   4450600   1397712     23.90     17352    327520   1045500         0      0.00         0
05:42:06 PM   4446468   1401844     23.97     17360    327540   1045500         0      0.00         0
05:42:07 PM   4437240   1411072     24.13     17368    327552   1045500         0      0.00         0
05:42:08 PM   4411284   1437028     24.57     17376    327568   1045500         0      0.00         0
05:42:09 PM   4389644   1458668     24.94     17384    327588   1045500         0      0.00         0
05:42:10 PM   4387872   1460440     24.97     17392    327616   1045500         0      0.00         0
05:42:11 PM   4384212   1464100     25.03     17400    327632   1045500         0      0.00         0
05:42:12 PM   4380496   1467816     25.10     17408    327656   1045500         0      0.00         0
05:42:13 PM   4374580   1473732     25.20     17416    327668   1045500         0      0.00         0
05:42:14 PM   4367476   1480836     25.32     17424    327692   1045500         0      0.00         0
05:42:15 PM   4359728   1488584     25.45     17432    327708   1045500         0      0.00         0
05:42:16 PM   4344520   1503792     25.71     17440    327732   1045500         0      0.00         0
05:42:17 PM   4316264   1532048     26.20     17452    327772   1045500         0      0.00         0
05:42:18 PM   4293660   1554652     26.58     17460    327796   1045500         0      0.00         0
05:42:19 PM   4261484   1586828     27.13     17468    327824   1045500         0      0.00         0
05:42:20 PM   4222972   1625340     27.79     17476    327848   1045500         0      0.00         0
05:42:21 PM   4212504   1635808     27.97     17484    327872   1045500         0      0.00         0
05:42:22 PM   4202664   1645648     28.14     17492    327896   1045500         0      0.00         0
05:42:23 PM   4183200   1665112     28.47     17500    327924   1045500         0      0.00         0
05:42:24 PM   4173516   1674796     28.64     17508    327952   1045500         0      0.00         0
05:42:25 PM   4158060   1690252     28.90     17516    327980   1045500         0      0.00         0
05:42:26 PM   4152144   1696168     29.00     17524    328008   1045500         0      0.00         0
05:42:27 PM   4144576   1703736     29.13     17532    328040   1045500         0      0.00         0
05:42:28 PM   4140152   1708160     29.21     17540    328072   1045500         0      0.00         0
05:42:29 PM   4136436   1711876     29.27     17548    328100   1045500         0      0.00         0
05:42:30 PM   4128492   1719820     29.41     17556    328124   1045500         0      0.00         0
05:42:31 PM   4117832   1730480     29.59     17564    328148   1045500         0      0.00         0
05:42:32 PM   4099684   1748628     29.90     17572    328180   1045500         0      0.00         0
05:42:33 PM   4060596   1787716     30.57     17580    328208   1045500         0      0.00         0
05:42:34 PM   4026992   1821320     31.14     17588    328244   1045500         0      0.00         0
05:42:35 PM   3995240   1853072     31.69     17596    328284   1045500         0      0.00         0
05:42:36 PM   3953008   1895304     32.41     17604    328308   1045500         0      0.00         0
05:42:37 PM   3913428   1934884     33.08     17612    328344   1045500         0      0.00         0
05:42:38 PM   3874504   1973808     33.75     17620    328392   1045500         0      0.00         0
05:42:39 PM   3836164   2012148     34.41     17628    328432   1045500         0      0.00         0
05:42:40 PM   3804216   2044096     34.95     17636    328468   1045500         0      0.00         0
05:42:41 PM   3793756   2054556     35.13     17644    328516   1045500         0      0.00         0
05:42:42 PM   3782832   2065480     35.32     17652    328556   1045500         0      0.00         0
05:42:43 PM   3771156   2077156     35.52     17660    328596   1045500         0      0.00         0
05:42:44 PM   3762892   2085420     35.66     17668    328640   1045500         0      0.00         0
05:42:45 PM   3746976   2101336     35.93     17676    328676   1045500         0      0.00         0
05:42:46 PM   3734248   2114064     36.15     17684    328724   1045500         0      0.00         0
05:42:47 PM   3727572   2120740     36.26     17692    328760   1045500         0      0.00         0
05:42:48 PM   3719184   2129128     36.41     17700    328808   1045500         0      0.00         0
05:42:49 PM   3716976   2131336     36.44     17708    328840   1045500         0      0.00         0
05:42:50 PM   3713356   2134956     36.51     17720    328956   1045500         0      0.00         0
05:42:51 PM   3711912   2136400     36.53     17728    329008   1045500         0      0.00         0
05:42:52 PM   3710940   2137372     36.55     17736    329052   1045500         0      0.00         0
05:42:53 PM   3708440   2139872     36.59     17744    329096   1045500         0      0.00         0
05:42:54 PM   3706416   2141896     36.62     17752    329232   1045500         0      0.00         0
05:42:55 PM   3702064   2146248     36.70     17760    329276   1045500         0      0.00         0
05:42:56 PM   3695836   2152476     36.81     17768    329408   1045500         0      0.00         0
05:42:57 PM   3684824   2163488     36.99     17776    329452   1045500         0      0.00         0
05:42:58 PM   3670952   2177360     37.23     17784    329504   1045500         0      0.00         0
05:42:59 PM   3642284   2206028     37.72     17792    329548   1045500         0      0.00         0
05:43:00 PM   3628520   2219792     37.96     17800    329592   1045500         0      0.00         0
05:43:01 PM   3601560   2246752     38.42     17808    329652   1045500         0      0.00         0
05:43:02 PM   3563256   2285056     39.07     17816    329720   1045500         0      0.00         0
05:43:03 PM   3523040   2325272     39.76     17824    329768   1045500         0      0.00         0
05:43:04 PM   3520492   2327820     39.80     17832    329812   1045500         0      0.00         0
05:43:05 PM   3519164   2329148     39.83     17840    329856   1045500         0      0.00         0
05:43:06 PM   3516900   2331412     39.86     17848    330180   1045500         0      0.00         0
05:43:07 PM   3508568   2339744     40.01     17856    330268   1045500         0      0.00         0
05:43:08 PM   3503584   2344728     40.09     17864    330320   1045500         0      0.00         0
05:43:09 PM   3502152   2346160     40.12     17872    330372   1045500         0      0.00         0
05:43:10 PM   3501292   2347020     40.13     17880    330412   1045500         0      0.00         0
05:43:11 PM   3498116   2350196     40.19     17888    330456   1045500         0      0.00         0
05:43:12 PM   3497652   2350660     40.19     17896    330500   1045500         0      0.00         0
05:43:13 PM   3497572   2350740     40.20     17904    330556   1045500         0      0.00         0
05:43:14 PM   3496480   2351832     40.21     17912    330604   1045500         0      0.00         0
05:43:15 PM   3497748   2350564     40.19     17920    330660   1045500         0      0.00         0
05:43:16 PM   3496840   2351472     40.21     17928    330764   1045500         0      0.00         0
05:43:17 PM   3495496   2352816     40.23     17936    330808   1045500         0      0.00         0
05:43:18 PM   3496160   2352152     40.22     17944    330904   1045500         0      0.00         0
05:43:19 PM   3496568   2351744     40.21     17952    330952   1045500         0      0.00         0
05:43:20 PM   3496828   2351484     40.21     17960    331000   1045500         0      0.00         0
05:43:21 PM   3497456   2350856     40.20     17968    331120   1045500         0      0.00         0
05:43:22 PM   3497868   2350444     40.19     17976    331176   1045500         0      0.00         0
05:43:23 PM   3498256   2350056     40.18     17984    331332   1045500         0      0.00         0
05:43:24 PM   3499204   2349108     40.17     17992    331384   1045500         0      0.00         0
05:43:25 PM   3499780   2348532     40.16     18000    331452   1045500         0      0.00         0
05:43:26 PM   3500696   2347616     40.14     18008    331496   1045500         0      0.00         0
05:43:27 PM   3500992   2347320     40.14     18016    331560   1045500         0      0.00         0
05:43:28 PM   3502032   2346280     40.12     18024    331604   1045500         0      0.00         0
05:43:29 PM   3502700   2345612     40.11     18032    331644   1045500         0      0.00         0
05:43:30 PM   3502996   2345316     40.10     18072    331652   1045500         0      0.00         0
05:43:31 PM   3505528   2342784     40.06     18080    331804   1045500         0      0.00         0
05:43:32 PM   3505852   2342460     40.05     18088    331900   1045500         0      0.00         0
05:43:33 PM   3506736   2341576     40.04     18096    331948   1045500         0      0.00         0
05:43:34 PM   3507216   2341096     40.03     18104    331992   1045500         0      0.00         0
05:43:35 PM   3508068   2340244     40.02     18112    332044   1045500         0      0.00         0
05:43:36 PM   3508988   2339324     40.00     18120    332144   1045500         0      0.00         0
05:43:37 PM   3509776   2338536     39.99     18128    332200   1045500         0      0.00         0
05:43:38 PM   3510912   2337400     39.97     18136    332244   1045500         0      0.00         0
05:43:39 PM   3511860   2336452     39.95     18144    332364   1045500         0      0.00         0
05:43:40 PM   3512364   2335948     39.94     18152    332456   1045500         0      0.00         0
05:43:41 PM   3511992   2336320     39.95     18160    332520   1045500         0      0.00         0
05:43:42 PM   3509984   2338328     39.98     18168    332576   1045500         0      0.00         0
05:43:43 PM   3505860   2342452     40.05     18176    332628   1045500         0      0.00         0
05:43:44 PM   3498240   2350072     40.18     18184    332680   1045500         0      0.00         0
05:43:45 PM   3498268   2350044     40.18     18192    332720   1045500         0      0.00         0
05:43:46 PM   3498340   2349972     40.18     18200    332852   1045500         0      0.00         0
05:43:47 PM   3500580   2347732     40.14     18208    333004   1045500         0      0.00         0
05:43:48 PM   3501016   2347296     40.14     18216    333052   1045500         0      0.00         0
05:43:49 PM   3500964   2347348     40.14     18224    333132   1045500         0      0.00         0
05:43:50 PM   3502120   2346192     40.12     18232    333188   1045500         0      0.00         0
05:43:51 PM   3502744   2345568     40.11     18240    333244   1045500         0      0.00         0
05:43:52 PM   3501616   2346696     40.13     18248    333296   1045500         0      0.00         0
05:43:53 PM   3499712   2348600     40.16     18256    333504   1045500         0      0.00         0
05:43:54 PM   3495480   2352832     40.23     18264    333656   1045500         0      0.00         0
05:43:55 PM   3486960   2361352     40.38     18272    333716   1045500         0      0.00         0
05:43:56 PM   3486668   2361644     40.38     18280    333808   1045500         0      0.00         0
05:43:57 PM   3486692   2361620     40.38     18288    333856   1045500         0      0.00         0
05:43:58 PM   3487312   2361000     40.37     18296    333920   1045500         0      0.00         0
05:43:59 PM   3488704   2359608     40.35     18304    333976   1045500         0      0.00         0
05:44:00 PM   3489188   2359124     40.34     18312    334040   1045500         0      0.00         0
05:44:01 PM   3487800   2360512     40.36     18320    334092   1045500         0      0.00         0
05:44:02 PM   3487116   2361196     40.37     18328    334212   1045500         0      0.00         0
05:44:03 PM   3488208   2360104     40.36     18336    334336   1045500         0      0.00         0
05:44:04 PM   3489084   2359228     40.34     18344    334388   1045500         0      0.00         0
05:44:05 PM   3490052   2358260     40.32     18352    334504   1045500         0      0.00         0
05:44:06 PM   3491704   2356608     40.30     18360    334548   1045500         0      0.00         0
05:44:07 PM   3492100   2356212     40.29     18368    334656   1045500         0      0.00         0
05:44:08 PM   3493280   2355032     40.27     18376    334704   1045500         0      0.00         0
05:44:09 PM   3494084   2354228     40.25     18384    334760   1045500         0      0.00         0
05:44:10 PM   3495236   2353076     40.24     18392    334824   1045500         0      0.00         0
05:44:11 PM   3496152   2352160     40.22     18400    334880   1045500         0      0.00         0
05:44:12 PM   3497188   2351124     40.20     18408    334932   1045500         0      0.00         0
05:44:13 PM   3496988   2351324     40.21     18416    335044   1045500         0      0.00         0
05:44:14 PM   3494988   2353324     40.24     18424    335108   1045500         0      0.00         0
05:44:15 PM   3489368   2358944     40.34     18432    335180   1045500         0      0.00         0
05:44:16 PM   3480516   2367796     40.49     18440    335252   1045500         0      0.00         0
05:44:17 PM   3463228   2385084     40.78     18448    335308   1045500         0      0.00         0
05:44:18 PM   3464252   2384060     40.76     18456    335352   1045500         0      0.00         0
05:44:19 PM   3464832   2383480     40.76     18464    335412   1045500         0      0.00         0
05:44:20 PM   3464908   2383404     40.75     18472    335460   1045500         0      0.00         0
05:44:21 PM   3465792   2382520     40.74     18480    335512   1045500         0      0.00         0
05:44:22 PM   3466568   2381744     40.73     18488    335588   1045500         0      0.00         0
05:44:23 PM   3466760   2381552     40.72     18496    335708   1045500         0      0.00         0
05:44:24 PM   3468876   2379436     40.69     18504    335768   1045500         0      0.00         0
05:44:25 PM   3468376   2379936     40.69     18512    335820   1045500         0      0.00         0
05:44:26 PM   3469100   2379212     40.68     18520    335872   1045500         0      0.00         0
05:44:27 PM   3469692   2378620     40.67     18528    336164   1045500         0      0.00         0
05:44:28 PM   3469268   2379044     40.68     18536    336264   1045500         0      0.00         0
05:44:29 PM   3469336   2378976     40.68     18544    336316   1045500         0      0.00         0
05:44:30 PM   3468512   2379800     40.69     18552    336376   1045500         0      0.00         0
05:44:31 PM   3466184   2382128     40.73     18560    336508   1045500         0      0.00         0
05:44:32 PM   3462892   2385420     40.79     18568    336560   1045500         0      0.00         0
05:44:33 PM   3461772   2386540     40.81     18576    336616   1045500         0      0.00         0
05:44:34 PM   3462824   2385488     40.79     18584    336680   1045500         0      0.00         0
05:44:35 PM   3463648   2384664     40.78     18592    336736   1045500         0      0.00         0
05:44:36 PM   3462932   2385380     40.79     18600    336788   1045500         0      0.00         0
05:44:37 PM   3462636   2385676     40.79     18608    336836   1045500         0      0.00         0
05:44:38 PM   3462940   2385372     40.79     18616    336928   1045500         0      0.00         0
05:44:39 PM   3463608   2384704     40.78     18624    336984   1045500         0      0.00         0
05:44:40 PM   3466120   2382192     40.73     18632    337212   1045500         0      0.00         0
05:44:41 PM   3466792   2381520     40.72     18640    337296   1045500         0      0.00         0
05:44:42 PM   3466892   2381420     40.72     18648    337360   1045500         0      0.00         0
05:44:43 PM   3467988   2380324     40.70     18656    337428   1045500         0      0.00         0
05:44:44 PM   3469148   2379164     40.68     18664    337520   1045500         0      0.00         0
05:44:45 PM   3468480   2379832     40.69     18672    337584   1045500         0      0.00         0
05:44:46 PM   3466332   2381980     40.73     18680    337636   1045500         0      0.00         0
05:44:47 PM   3463280   2385032     40.78     18688    337688   1045500         0      0.00         0
05:44:48 PM   3455224   2393088     40.92     18696    337748   1045500         0      0.00         0
05:44:49 PM   3453572   2394740     40.95     18704    337812   1045500         0      0.00         0
05:44:50 PM   3454272   2394040     40.94     18712    337860   1045500         0      0.00         0
05:44:51 PM   3454468   2393844     40.93     18720    337908   1045500         0      0.00         0
05:44:52 PM   3453292   2395020     40.95     18728    337976   1045500         0      0.00         0
05:44:53 PM   3452076   2396236     40.97     18736    338020   1045500         0      0.00         0
05:44:54 PM   3450648   2397664     41.00     18744    338072   1045500         0      0.00         0
05:44:55 PM   3451124   2397188     40.99     18752    338168   1045500         0      0.00         0
05:44:56 PM   3451396   2396916     40.98     18760    338220   1045500         0      0.00         0
05:44:57 PM   3453788   2394524     40.94     18768    338272   1045500         0      0.00         0
05:44:58 PM   3453980   2394332     40.94     18776    338320   1045500         0      0.00         0
05:44:59 PM   3455336   2392976     40.92     18784    338472   1045500         0      0.00         0
05:45:00 PM   3454744   2393568     40.93     18792    338536   1045500         0      0.00         0
05:45:01 PM   3452800   2395512     40.96     18800    338596   1045500         0      0.00         0
05:45:02 PM   3453336   2394976     40.95     18808    338644   1045500         0      0.00         0
05:45:03 PM   3454380   2393932     40.93     18816    338696   1045500         0      0.00         0
05:45:04 PM   3452896   2395416     40.96     18824    338752   1045500         0      0.00         0
05:45:05 PM   3450124   2398188     41.01     18832    338864   1045500         0      0.00         0
05:45:06 PM   3449768   2398544     41.01     18840    338920   1045500         0      0.00         0
05:45:07 PM   3450800   2397512     40.99     18848    338980   1045500         0      0.00         0
05:45:08 PM   3451300   2397012     40.99     18856    339088   1045500         0      0.00         0
05:45:09 PM   3451176   2397136     40.99     18864    339136   1045500         0      0.00         0
05:45:10 PM   3452020   2396292     40.97     18872    339180   1045500         0      0.00         0
05:45:11 PM   3452356   2395956     40.97     18880    339284   1045500         0      0.00         0
05:45:12 PM   3453608   2394704     40.95     18888    339328   1045500         0      0.00         0
05:45:13 PM   3456240   2392072     40.90     18896    339388   1045500         0      0.00         0
05:45:14 PM   3456420   2391892     40.90     18904    339472   1045500         0      0.00         0
05:45:15 PM   3457448   2390864     40.88     18912    339516   1045500         0      0.00         0
05:45:16 PM   3458600   2389712     40.86     18920    339560   1045500         0      0.00         0
05:45:17 PM   3459676   2388636     40.84     18928    339632   1045500         0      0.00         0
05:45:18 PM   3460616   2387696     40.83     18936    339880   1045500         0      0.00         0
05:45:19 PM   3459360   2388952     40.85     18944    339984   1045500         0      0.00         0
05:45:20 PM   3460324   2387988     40.83     18952    340100   1045500         0      0.00         0
05:45:21 PM   3461104   2387208     40.82     18960    340176   1045500         0      0.00         0
05:45:22 PM   3460168   2388144     40.83     18968    340284   1045500         0      0.00         0
05:45:23 PM   3458448   2389864     40.86     18976    340332   1045500         0      0.00         0
05:45:24 PM   3458788   2389524     40.86     18984    340540   1045500         0      0.00         0
05:45:25 PM   3459708   2388604     40.84     18992    340600   1045500         0      0.00         0
05:45:26 PM   3461036   2387276     40.82     19000    340652   1045500         0      0.00         0
05:45:27 PM   3461796   2386516     40.81     19008    340700   1045500         0      0.00         0
05:45:28 PM   3462504   2385808     40.79     19016    340768   1045500         0      0.00         0
05:45:29 PM   3465000   2383312     40.75     19024    340840   1045500         0      0.00         0
05:45:30 PM   3465736   2382576     40.74     19032    340924   1045500         0      0.00         0
05:45:31 PM   3465772   2382540     40.74     19040    341092   1045500         0      0.00         0
05:45:32 PM   3466568   2381744     40.73     19048    341184   1045500         0      0.00         0
05:45:33 PM   3467880   2380432     40.70     19056    341256   1045500         0      0.00         0
05:45:34 PM   3468996   2379316     40.68     19064    341356   1045500         0      0.00         0
05:45:35 PM   3468636   2379676     40.69     19072    341424   1045500         0      0.00         0
05:45:36 PM   3467076   2381236     40.72     19080    341476   1045500         0      0.00         0
05:45:37 PM   3465712   2382600     40.74     19088    341520   1045500         0      0.00         0
05:45:38 PM   3464432   2383880     40.76     19096    341572   1045500         0      0.00         0
05:45:39 PM   3462272   2386040     40.80     19104    341620   1045500         0      0.00         0
05:45:40 PM   3462832   2385480     40.79     19112    341672   1045500         0      0.00         0
05:45:41 PM   3463796   2384516     40.77     19120    341780   1045500         0      0.00         0
05:45:42 PM   3465012   2383300     40.75     19128    341832   1045500         0      0.00         0
05:45:43 PM   3465640   2382672     40.74     19136    342132   1045500         0      0.00         0
05:45:44 PM   3466904   2381408     40.72     19144    342180   1045500         0      0.00         0
05:45:45 PM   3467364   2380948     40.71     19152    342280   1045500         0      0.00         0
05:45:46 PM   3468612   2379700     40.69     19160    342336   1045500         0      0.00         0
05:45:47 PM   3469840   2378472     40.67     19168    342380   1045500         0      0.00         0
05:45:48 PM   3471160   2377152     40.65     19176    342436   1045500         0      0.00         0
05:45:49 PM   3473952   2374360     40.60     19184    342484   1045500         0      0.00         0
05:45:50 PM   3474848   2373464     40.58     19200    342592   1045500         0      0.00         0
05:45:51 PM   3475832   2372480     40.57     19208    342656   1045500         0      0.00         0
05:45:52 PM   3477060   2371252     40.55     19216    342716   1045500         0      0.00         0
05:45:53 PM   3476532   2371780     40.55     19224    342800   1045500         0      0.00         0
05:45:54 PM   3474256   2374056     40.59     19232    343036   1045500         0      0.00         0
05:45:55 PM   3470808   2377504     40.65     19240    343056   1045500         0      0.00         0
05:45:56 PM   3471020   2377292     40.65     19248    343112   1045500         0      0.00         0
05:45:57 PM   3471428   2376884     40.64     19256    343212   1045500         0      0.00         0
05:45:58 PM   3472396   2375916     40.63     19264    343392   1045500         0      0.00         0
05:45:59 PM   3472808   2375504     40.62     19272    343448   1045500         0      0.00         0
05:46:00 PM   3474048   2374264     40.60     19280    343544   1045500         0      0.00         0
05:46:01 PM   3475044   2373268     40.58     19288    343588   1045500         0      0.00         0
05:46:02 PM   3475888   2372424     40.57     19296    343872   1045500         0      0.00         0
05:46:03 PM   3477232   2371080     40.54     19304    343904   1045500         0      0.00         0
05:46:04 PM   3478304   2370008     40.52     19312    343960   1045500         0      0.00         0
05:46:05 PM   3479248   2369064     40.51     19320    344008   1045500         0      0.00         0
05:46:06 PM   3480600   2367712     40.49     19328    344068   1045500         0      0.00         0
05:46:07 PM   3481512   2366800     40.47     19336    344124   1045500         0      0.00         0
05:46:08 PM   3483140   2365172     40.44     19344    344188   1045500         0      0.00         0
05:46:09 PM   3483608   2364704     40.43     19352    344280   1045500         0      0.00         0
05:46:10 PM   3482960   2365352     40.45     19360    344340   1045500         0      0.00         0
05:46:11 PM   3481276   2367036     40.47     19368    344444   1045500         0      0.00         0
05:46:12 PM   3477088   2371224     40.55     19376    344536   1045500         0      0.00         0
05:46:13 PM   3467936   2380376     40.70     19384    344588   1045500         0      0.00         0
05:46:14 PM   3451168   2397144     40.99     19392    344652   1045500         0      0.00         0
05:46:15 PM   3426000   2422312     41.42     19400    344772   1045500         0      0.00         0
05:46:16 PM   3411996   2436316     41.66     19408    344864   1045500         0      0.00         0
05:46:17 PM   3412420   2435892     41.65     19416    344912   1045500         0      0.00         0
05:46:18 PM   3413416   2434896     41.63     19424    344972   1045500         0      0.00         0
05:46:19 PM   3413764   2434548     41.63     19432    345020   1045500         0      0.00         0
05:46:20 PM   3413552   2434760     41.63     19440    345144   1045500         0      0.00         0
05:46:21 PM   3414724   2433588     41.61     19448    345200   1045500         0      0.00         0
05:46:22 PM   3415068   2433244     41.61     19456    345248   1045500         0      0.00         0
05:46:23 PM   3414796   2433516     41.61     19464    345312   1045500         0      0.00         0
05:46:24 PM   3415132   2433180     41.60     19472    345352   1045500         0      0.00         0
05:46:25 PM   3416156   2432156     41.59     19480    345456   1045500         0      0.00         0
05:46:26 PM   3416980   2431332     41.57     19488    345504   1045500         0      0.00         0
05:46:27 PM   3417924   2430388     41.56     19496    345636   1045500         0      0.00         0
05:46:28 PM   3418800   2429512     41.54     19504    345692   1045500         0      0.00         0
05:46:29 PM   3419728   2428584     41.53     19512    345736   1045500         0      0.00         0
05:46:30 PM   3420400   2427912     41.51     19520    345784   1045500         0      0.00         0
05:46:31 PM   3421840   2426472     41.49     19528    345828   1045500         0      0.00         0
05:46:32 PM   3423012   2425300     41.47     19536    345908   1045500         0      0.00         0
05:46:33 PM   3424060   2424252     41.45     19544    345984   1045500         0      0.00         0
05:46:34 PM   3425040   2423272     41.44     19552    346080   1045500         0      0.00         0
05:46:35 PM   3425980   2422332     41.42     19560    346128   1045500         0      0.00         0
05:46:36 PM   3427000   2421312     41.40     19568    346204   1045500         0      0.00         0
05:46:37 PM   3428220   2420092     41.38     19576    346256   1045500         0      0.00         0
05:46:38 PM   3428468   2419844     41.38     19584    346304   1045500         0      0.00         0
05:46:39 PM   3429856   2418456     41.35     19592    346348   1045500         0      0.00         0
05:46:40 PM   3431032   2417280     41.33     19600    346396   1045500         0      0.00         0
05:46:41 PM   3432092   2416220     41.31     19608    346496   1045500         0      0.00         0
05:46:42 PM   3432704   2415608     41.30     19616    346552   1045500         0      0.00         0
05:46:43 PM   3433908   2414404     41.28     19624    346608   1045500         0      0.00         0
05:46:44 PM   3435012   2413300     41.26     19632    346664   1045500         0      0.00         0
05:46:45 PM   3436208   2412104     41.24     19640    346824   1045500         0      0.00         0
05:46:46 PM   3436836   2411476     41.23     19648    346876   1045500         0      0.00         0
05:46:47 PM   3438052   2410260     41.21     19656    347124   1045500         0      0.00         0
05:46:48 PM   3439064   2409248     41.20     19664    347172   1045500         0      0.00         0
05:46:49 PM   3440116   2408196     41.18     19672    347224   1045500         0      0.00         0
05:46:50 PM   3441344   2406968     41.16     19680    347276   1045500         0      0.00         0
05:46:51 PM   3442448   2405864     41.14     19688    347328   1045500         0      0.00         0
05:46:52 PM   3443548   2404764     41.12     19696    347376   1045500         0      0.00         0
05:46:54 PM   3445020   2403292     41.09     19704    347476   1045500         0      0.00         0
05:46:55 PM   3445940   2402372     41.08     19712    347532   1045500         0      0.00         0
05:46:56 PM   3447404   2400908     41.05     19720    347588   1045500         0      0.00         0
05:46:57 PM   3448512   2399800     41.03     19728    347684   1045500         0      0.00         0
05:46:58 PM   3449428   2398884     41.02     19736    347732   1045500         0      0.00         0
05:46:59 PM   3450564   2397748     41.00     19744    347816   1045500         0      0.00         0
05:47:00 PM   3451604   2396708     40.98     19752    347868   1045500         0      0.00         0
05:47:01 PM   3452796   2395516     40.96     19760    347956   1045500         0      0.00         0
05:47:02 PM   3453448   2394864     40.95     19768    348088   1045500         0      0.00         0
05:47:03 PM   3454644   2393668     40.93     19776    348140   1045500         0      0.00         0
05:47:04 PM   3455556   2392756     40.91     19784    348268   1045500         0      0.00         0
05:47:05 PM   3456940   2391372     40.89     19792    348328   1045500         0      0.00         0
05:47:06 PM   3457980   2390332     40.87     19800    348372   1045500         0      0.00         0
05:47:07 PM   3459144   2389168     40.85     19808    348432   1045500         0      0.00         0
05:47:08 PM   3460136   2388176     40.84     19816    348480   1045500         0      0.00         0
05:47:09 PM   3461164   2387148     40.82     19824    348600   1045500         0      0.00         0
05:47:10 PM   3462248   2386064     40.80     19832    348648   1045500         0      0.00         0
05:47:11 PM   3463388   2384924     40.78     19840    348696   1045500         0      0.00         0
05:47:12 PM   3464324   2383988     40.76     19848    348792   1045500         0      0.00         0
05:47:13 PM   3465772   2382540     40.74     19856    348880   1045500         0      0.00         0
05:47:14 PM   3466708   2381604     40.72     19864    349128   1045500         0      0.00         0
05:47:15 PM   3467924   2380388     40.70     19872    349176   1045500         0      0.00         0
05:47:16 PM   3469188   2379124     40.68     19880    349228   1045500         0      0.00         0
05:47:17 PM   3470008   2378304     40.67     19888    349344   1045500         0      0.00         0
05:47:18 PM   3469252   2379060     40.68     19896    349388   1045500         0      0.00         0
05:47:19 PM   3472484   2375828     40.62     19904    349432   1045500         0      0.00         0
05:47:20 PM   3473968   2374344     40.60     19912    349472   1045500         0      0.00         0
05:47:21 PM   3475476   2372836     40.57     19920    349528   1045500         0      0.00         0
05:47:22 PM   3476852   2371460     40.55     19928    349568   1045500         0      0.00         0
05:47:23 PM   3477476   2370836     40.54     19936    349604   1045500         0      0.00         0
05:47:24 PM   3476224   2372088     40.56     19944    349632   1045500         0      0.00         0
05:47:25 PM   3480620   2367692     40.49     19952    349672   1045500         0      0.00         0
05:47:26 PM   3481412   2366900     40.47     19960    349700   1045500         0      0.00         0
05:47:27 PM   3479852   2368460     40.50     19968    349772   1045500         0      0.00         0
05:47:28 PM   3482444   2365868     40.45     19976    349860   1045500         0      0.00         0
05:47:29 PM   3484172   2364140     40.42     19984    349912   1045500         0      0.00         0
05:47:30 PM   3485060   2363252     40.41     19992    349936   1045500         0      0.00         0
05:47:31 PM   3486728   2361584     40.38     20000    349976   1045500         0      0.00         0
05:47:32 PM   3487984   2360328     40.36     20008    350020   1045500         0      0.00         0
05:47:33 PM   3489180   2359132     40.34     20016    350044   1045500         0      0.00         0
05:47:34 PM   3490188   2358124     40.32     20024    350060   1045500         0      0.00         0
05:47:35 PM   3491572   2356740     40.30     20032    350080   1045500         0      0.00         0
05:47:36 PM   3492832   2355480     40.28     20040    350100   1045500         0      0.00         0
05:47:37 PM   3494028   2354284     40.26     20048    350120   1045500         0      0.00         0
05:47:38 PM   3495224   2353088     40.24     20056    350136   1045500         0      0.00         0
05:47:39 PM   3496544   2351768     40.21     20064    350156   1045500         0      0.00         0
05:47:40 PM   3497680   2350632     40.19     20072    350176   1045500         0      0.00         0
05:47:41 PM   3498868   2349444     40.17     20080    350188   1045500         0      0.00         0
05:47:42 PM   3499952   2348360     40.15     20088    350204   1045500         0      0.00         0
05:47:43 PM   3501148   2347164     40.13     20096    350216   1045500         0      0.00         0
05:47:44 PM   3502528   2345784     40.11     20104    350228   1045500         0      0.00         0
05:47:45 PM   3503756   2344556     40.09     20112    350244   1045500         0      0.00         0
05:47:46 PM   3505012   2343300     40.07     20120    350260   1045500         0      0.00         0
05:47:47 PM   3506240   2342072     40.05     20128    350276   1045500         0      0.00         0
05:47:48 PM   3507404   2340908     40.03     20136    350288   1045500         0      0.00         0
05:47:49 PM   3508724   2339588     40.00     20144    350300   1045500         0      0.00         0
05:47:50 PM   3510012   2338300     39.98     20152    350312   1045500         0      0.00         0
05:47:51 PM   3511160   2337152     39.96     20160    350320   1045500         0      0.00         0
05:47:52 PM   3512432   2335880     39.94     20168    350324   1045500         0      0.00         0
05:47:53 PM   3513704   2334608     39.92     20176    350344   1045500         0      0.00         0
05:47:54 PM   3514804   2333508     39.90     20184    350364   1045500         0      0.00         0
05:47:55 PM   3516124   2332188     39.88     20192    350376   1045500         0      0.00         0
05:47:56 PM   3517320   2330992     39.86     20200    350384   1045500         0      0.00         0
05:47:57 PM   3518484   2329828     39.84     20208    350396   1045500         0      0.00         0
05:47:58 PM   3519616   2328696     39.82     20216    350400   1045500         0      0.00         0
05:47:59 PM   3521156   2327156     39.79     20224    350404   1045500         0      0.00         0
05:48:00 PM   3522148   2326164     39.77     20232    350420   1045500         0      0.00         0
05:48:01 PM   3523488   2324824     39.75     20240    350432   1045500         0      0.00         0
05:48:02 PM   3524928   2323384     39.73     20248    350432   1045500         0      0.00         0
05:48:03 PM   3526248   2322064     39.70     20256    350436   1045500         0      0.00         0
05:48:04 PM   3527036   2321276     39.69     20264    350444   1045500         0      0.00         0
05:48:05 PM   3528208   2320104     39.67     20272    350448   1045500         0      0.00         0
05:48:06 PM   3529460   2318852     39.65     20280    350456   1045500         0      0.00         0
05:48:07 PM   3530772   2317540     39.63     20288    350460   1045500         0      0.00         0
05:48:08 PM   3532068   2316244     39.61     20296    350468   1045500         0      0.00         0
05:48:09 PM   3533340   2314972     39.58     20304    350460   1045500         0      0.00         0
05:48:10 PM   3534792   2313520     39.56     20312    350484   1045500         0      0.00         0
05:48:11 PM   3535964   2312348     39.54     20320    350492   1045500         0      0.00         0
05:48:12 PM   3537228   2311084     39.52     20328    350500   1045500         0      0.00         0
05:48:13 PM   3538516   2309796     39.50     20336    350504   1045500         0      0.00         0
05:48:14 PM   3539688   2308624     39.48     20344    350512   1045500         0      0.00         0
05:48:15 PM   3540944   2307368     39.45     20352    350516   1045500         0      0.00         0
05:48:16 PM   3542100   2306212     39.43     20360    350520   1045500         0      0.00         0
05:48:17 PM   3543264   2305048     39.41     20368    350528   1045500         0      0.00         0
05:48:18 PM   3544420   2303892     39.39     20376    350528   1045500         0      0.00         0
05:48:19 PM   3545708   2302604     39.37     20384    350520   1045500         0      0.00         0
05:48:20 PM   3547004   2301308     39.35     20392    350548   1045500         0      0.00         0
05:48:21 PM   3548208   2300104     39.33     20400    350544   1045500         0      0.00         0
05:48:22 PM   3549572   2298740     39.31     20408    350556   1045500         0      0.00         0
05:48:23 PM   3550868   2297444     39.28     20416    350552   1045500         0      0.00         0
05:48:24 PM   3552032   2296280     39.26     20424    350564   1045500         0      0.00         0
05:48:25 PM   3553168   2295144     39.24     20432    350568   1045500         0      0.00         0
05:48:26 PM   3554236   2294076     39.23     20440    350572   1045500         0      0.00         0
05:48:27 PM   3555516   2292796     39.20     20448    350572   1045500         0      0.00         0
05:48:28 PM   3556928   2291384     39.18     20456    350568   1045500         0      0.00         0
05:48:29 PM   3558136   2290176     39.16     20464    350584   1045500         0      0.00         0
05:48:30 PM   3559160   2289152     39.14     20472    350588   1045500         0      0.00         0
05:48:31 PM   3560640   2287672     39.12     20480    350600   1045500         0      0.00         0
05:48:32 PM   3561764   2286548     39.10     20488    350592   1045500         0      0.00         0
05:48:33 PM   3563004   2285308     39.08     20496    350608   1045500         0      0.00         0
05:48:34 PM   3564252   2284060     39.06     20504    350604   1045500         0      0.00         0
05:48:35 PM   3565696   2282616     39.03     20512    350616   1045500         0      0.00         0
05:48:36 PM   3566868   2281444     39.01     20520    350620   1045500         0      0.00         0
Average:      3579476   2268836     38.79     18911    339704   1045500         0      0.00         0
