Linux 3.11.0-15-generic (client-HVM-domU) 	04/22/2015

05:37:38 PM kbmemfree kbmemused  %memused kbbuffers  kbcached kbswpfree kbswpused  %swpused  kbswpcad
05:37:39 PM    561580   4254540     88.34      3756     57652    112460    933040     89.24    240124
05:37:40 PM    540268   4275852     88.78      3772     57836    114840    930660     89.02    246732
05:37:41 PM    517752   4298368     89.25      3788     58600    117312    928188     88.78    252804
05:37:42 PM    496452   4319668     89.69      3804     59628    119668    925832     88.55    258068
05:37:43 PM    466228   4349892     90.32      3820     59492    122208    923292     88.31    264664
05:37:44 PM    450584   4365536     90.64      3836     59896    124944    920556     88.05    270792
05:37:45 PM    425980   4390140     91.16      3856     60256    128104    917396     87.75    277352
05:37:46 PM    409056   4407064     91.51      3872     60340    130428    915072     87.52    283064
05:37:47 PM    391664   4424456     91.87      3888     60912    132720    912780     87.31    289128
05:37:48 PM    369588   4446532     92.33      3904     61172    135220    910280     87.07    295080
05:37:49 PM    343752   4472368     92.86      3912     60776    138160    907340     86.79    299864
05:37:50 PM    305892   4510228     93.65      3920     60832    141064    904436     86.51    305732
05:37:52 PM    242360   4573760     94.97      3928     61160    148372    897128     85.81    319556
05:37:57 PM     87748   4728372     98.18      3252     36208    168260    877240     83.91    352472
05:39:52 PM    124432   4691688     97.42      3468     34952    116856    928644     88.82    339108
05:40:03 PM    127304   4688816     97.36      3420     34632    112128    933372     89.28    339872
05:40:14 PM    129148   4686972     97.32      3276     35356    108436    937064     89.63    339732
05:40:25 PM    130096   4686024     97.30      3176     35140    104492    941008     90.01    340664
05:40:36 PM    220076   4596044     95.43      1684     32008    100056    945444     90.43    269668
05:40:49 PM    244768   4571352     94.92      1672     28712    104908    940592     89.97    244924
05:41:46 PM    264264   4551856     94.51       432     16076     89664    955836     91.42    252124
05:44:53 PM     89608   4726512     98.14       156     21932     84796    960704     91.89    218496
05:47:12 PM    112964   4703156     97.65       152     18100     36600   1008900     96.50    226668
05:49:37 PM    108692   4707428     97.74       232     10880      2328   1043172     99.78    190288
05:50:36 PM    177508   4638612     96.31       260     15416      9968   1035532     99.05    110916
05:50:42 PM    157008   4659112     96.74       408     17932     13784   1031716     98.68    121572
05:50:50 PM    119984   4696136     97.51       416     30264     18920   1026580     98.19    132440
05:50:51 PM    110856   4705264     97.70       432     32916     21056   1024444     97.99    136000
05:50:52 PM    107204   4708916     97.77       180     20804     22384   1023116     97.86    142664
05:51:04 PM     90368   4725752     98.12       192     20960     24972   1020528     97.61    154292
05:51:18 PM     87120   4729000     98.19       208     21648     22124   1023376     97.88    158536
05:53:05 PM     89856   4726264     98.13        96     17308      7928   1037572     99.24     77372
05:53:20 PM     87432   4728688     98.18       108     19592      4424   1041076     99.58     73452
05:53:32 PM     90020   4726100     98.13       116     20520         0   1045500    100.00     68492
05:53:47 PM    202184   4613936     95.80       364     13836      5200   1040300     99.50     44764
05:54:54 PM    285204   4530916     94.08       388     10316      1060   1044440     99.90     80564
05:55:29 PM    646524   4169596     86.58       556     11916     19804   1025696     98.11    101040
05:55:40 PM    706276   4109844     85.34      1280     14960     31864   1013636     96.95    113416
05:55:41 PM    696952   4119168     85.53      2396     21956     32884   1012616     96.85    116260
05:55:42 PM    652264   4163856     86.46      3892     32980     33324   1012176     96.81    117464
05:55:43 PM    641732   4174388     86.68      4824     38788     33800   1011700     96.77    117992
Average:       295335   4520785     93.87      2124     35236     73110    972390     93.01    209371
