20.92
8.33
9.67
10.38
11.56
16.19
24.04
37.37
17.83
19.02
17.26
25.96
22.46
25.45
29.64
23.39
27.95
20.98
20.36
20.67
27.89
28.97
28.93
30.33
26.22
24.81
27.34
25.77
23.24
26.67
28.61
31.44
28.50
30.87
30.46
30.05
33.42
32.64
37.24
37.75
40.66
37.82
30.63
33.51
35.37
37.34
40.20
40.40
37.69
39.74
41.28
32.12
35.31
33.33
37.76
36.76
35.81
33.25
33.16
32.39
37.75
37.31
37.06
38.50
34.79
33.68
37.08
37.24
38.62
36.82
38.46
38.83
36.48
36.08
36.29
36.64
39.54
41.01
40.82
36.79
36.25
36.20
35.42
36.64
35.75
35.48
36.55
37.47
34.27
32.30
34.88
35.13
33.76
36.48
38.99
36.48
35.97
37.84
37.59
38.14
38.79
33.59
35.68
39.12
31.03
34.70
35.36
35.03
34.55
43.29
40.86
34.82
35.64
34.74
33.76
36.15
38.21
35.99
33.94
33.59
32.73
34.90
39.12
36.34
38.69
38.50
34.38
36.55
34.54
35.75
33.25
34.81
33.33
36.13
36.27
33.25
34.81
36.22
36.18
35.58
36.72
36.76
36.05
34.20
37.76
34.95
37.88
37.34
34.30
34.38
37.34
37.21
33.93
38.14
36.46
40.05
39.33
37.47
35.51
35.82
37.11
37.50
34.19
35.23
36.92
32.73
33.67
31.95
34.27
33.85
38.23
36.36
34.19
34.46
35.60
37.78
36.55
35.64
34.20
34.11
36.99
33.94
30.55
38.68
35.92
36.01
36.57
35.04
33.42
38.30
34.18
36.96
34.45
34.03
37.76
35.55
35.04
36.10
32.30
34.53
32.45
33.77
32.13
31.43
33.68
35.05
34.45
33.50
34.20
33.33
34.38
36.39
36.18
34.45
32.37
31.95
34.11
32.73
34.03
32.20
37.01
32.74
34.20
34.03
36.29
33.51
35.25
32.64
34.88
29.10
35.57
34.99
34.27
35.42
34.01
35.03
38.00
34.94
35.79
31.98
35.90
34.56
34.02
34.47
35.38
33.59
35.04
33.68
32.30
33.76
33.77
30.65
34.10
35.31
31.25
32.11
34.46
35.16
35.40
31.52
33.25
32.82
33.59
32.30
34.97
34.11
34.11
31.63
33.68
32.90
32.99
35.25
34.37
32.30
34.63
32.41
34.69
32.82
34.94
31.58
36.59
33.33
33.08
35.75
34.54
33.93
32.90
33.42
36.41
34.64
35.26
36.06
33.33
34.26
33.25
32.90
35.06
32.47
33.94
33.68
35.88
33.42
35.86
34.55
39.64
31.78
34.55
34.03
35.49
33.76
33.08
33.42
34.10
34.28
34.29
34.02
30.10
29.92
30.41
27.51
27.84
28.43
28.02
26.22
24.43
26.28
20.26
24.62
19.44
17.35
13.99
13.11
14.29
9.72
8.18
9.64
6.82
6.11
4.29
2.01
3.75
4.27
3.26
2.50
2.50
2.51
2.25
1.51
1.50
3.01
1.75
3.25
2.25
2.25
1.50
1.25
1.75
1.01
1.25
1.50
1.25
1.25
1.25
1.00
1.50
1.00
1.25
1.00
2.50
1.00
1.25
0.75
1.75
1.75
1.75
0.75
1.50
1.75
1.50
1.25
1.49
1.75
1.26
1.25
1.25
1.50
1.25
1.25
1.75
1.26
1.50
1.50
1.50
1.50
1.25
1.00
1.50
1.00
1.50
0.75
