Linux 3.11.0-15-generic (client-HVM-domU) 	04/22/2015

04:51:46 PM kbmemfree kbmemused  %memused kbbuffers  kbcached kbswpfree kbswpused  %swpused  kbswpcad
04:51:47 PM   1712752   3103368     64.44     24184    373852   1045500         0      0.00         0
04:51:48 PM   1712164   3103956     64.45     24192    373868   1045500         0      0.00         0
04:51:49 PM   1711372   3104748     64.47     24200    373892   1045500         0      0.00         0
04:51:50 PM   1709540   3106580     64.50     24208    373912   1045500         0      0.00         0
04:51:51 PM   1705496   3110624     64.59     24216    373932   1045500         0      0.00         0
04:51:52 PM   1698040   3118080     64.74     24224    373948   1045500         0      0.00         0
04:51:53 PM   1683436   3132684     65.05     24232    373976   1045500         0      0.00         0
04:51:54 PM   1683780   3132340     65.04     24240    374004   1045500         0      0.00         0
04:51:55 PM   1680924   3135196     65.10     24248    374124   1045500         0      0.00         0
04:51:56 PM   1679980   3136140     65.12     24256    374152   1045500         0      0.00         0
04:51:57 PM   1678692   3137428     65.14     24264    374184   1045500         0      0.00         0
04:51:58 PM   1673908   3142212     65.24     24272    374216   1045500         0      0.00         0
04:51:59 PM   1662200   3153920     65.49     24280    374248   1045500         0      0.00         0
04:52:00 PM   1632108   3184012     66.11     24288    374288   1045500         0      0.00         0
04:52:01 PM   1603748   3212372     66.70     24296    374328   1045500         0      0.00         0
04:52:02 PM   1601520   3214600     66.75     24304    374384   1045500         0      0.00         0
04:52:03 PM   1597400   3218720     66.83     24312    374460   1045500         0      0.00         0
04:52:04 PM   1590484   3225636     66.98     24320    374504   1045500         0      0.00         0
04:52:05 PM   1581144   3234976     67.17     24328    374548   1045500         0      0.00         0
04:52:06 PM   1571396   3244724     67.37     24336    374592   1045500         0      0.00         0
04:52:07 PM   1555828   3260292     67.70     24344    374644   1045500         0      0.00         0
04:52:08 PM   1537204   3278916     68.08     24352    374696   1045500         0      0.00         0
04:52:09 PM   1506440   3309680     68.72     24360    374764   1045500         0      0.00         0
04:52:10 PM   1502468   3313652     68.80     24368    374828   1045500         0      0.00         0
04:52:11 PM   1494780   3321340     68.96     24376    374884   1045500         0      0.00         0
04:52:12 PM   1488784   3327336     69.09     24384    374940   1045500         0      0.00         0
04:52:13 PM   1484272   3331848     69.18     24392    375004   1045500         0      0.00         0
04:52:14 PM   1481720   3334400     69.23     24400    375064   1045500         0      0.00         0
04:52:15 PM   1477412   3338708     69.32     24408    375124   1045500         0      0.00         0
04:52:16 PM   1473928   3342192     69.40     24416    375192   1045500         0      0.00         0
04:52:17 PM   1472068   3344052     69.43     24424    375256   1045500         0      0.00         0
04:52:18 PM   1470816   3345304     69.46     24432    375324   1045500         0      0.00         0
04:52:19 PM   1469416   3346704     69.49     24440    375396   1045500         0      0.00         0
04:52:20 PM   1466100   3350020     69.56     24448    375464   1045500         0      0.00         0
04:52:21 PM   1459760   3356360     69.69     24456    375532   1045500         0      0.00         0
04:52:22 PM   1449816   3366304     69.90     24464    375596   1045500         0      0.00         0
04:52:23 PM   1430656   3385464     70.29     24472    375660   1045500         0      0.00         0
04:52:24 PM   1393332   3422788     71.07     24480    375736   1045500         0      0.00         0
04:52:25 PM   1357684   3458436     71.81     24488    375804   1045500         0      0.00         0
04:52:26 PM   1319992   3496128     72.59     24496    375884   1045500         0      0.00         0
04:52:27 PM   1278736   3537384     73.45     24504    375960   1045500         0      0.00         0
04:52:28 PM   1236348   3579772     74.33     24512    376040   1045500         0      0.00         0
04:52:29 PM   1216284   3599836     74.75     24520    376120   1045500         0      0.00         0
04:52:30 PM   1192932   3623188     75.23     24528    376204   1045500         0      0.00         0
04:52:31 PM   1149832   3666288     76.13     24536    376284   1045500         0      0.00         0
04:52:32 PM   1109136   3706984     76.97     24544    376360   1045500         0      0.00         0
04:52:33 PM   1069136   3746984     77.80     24552    376456   1045500         0      0.00         0
04:52:34 PM   1024344   3791776     78.73     24560    376540   1045500         0      0.00         0
04:52:35 PM    985932   3830188     79.53     24568    376652   1045500         0      0.00         0
04:52:36 PM    942812   3873308     80.42     24576    376744   1045500         0      0.00         0
04:52:37 PM    897644   3918476     81.36     24584    376884   1045500         0      0.00         0
04:52:38 PM    892984   3923136     81.46     24592    376992   1045500         0      0.00         0
04:52:39 PM    888408   3927712     81.55     24600    377080   1045500         0      0.00         0
04:52:40 PM    885968   3930152     81.60     24608    377180   1045500         0      0.00         0
04:52:41 PM    879468   3936652     81.74     24616    377272   1045500         0      0.00         0
04:52:42 PM    872424   3943696     81.89     24624    377356   1045500         0      0.00         0
04:52:43 PM    865472   3950648     82.03     24632    377440   1045500         0      0.00         0
04:52:44 PM    862552   3953568     82.09     24640    377528   1045500         0      0.00         0
04:52:45 PM    860780   3955340     82.13     24648    377608   1045500         0      0.00         0
04:52:46 PM    856160   3959960     82.22     24656    377692   1045500         0      0.00         0
04:52:47 PM    849108   3967012     82.37     24664    377780   1045500         0      0.00         0
04:52:48 PM    838968   3977152     82.58     24672    377868   1045500         0      0.00         0
04:52:49 PM    819868   3996252     82.98     24680    377972   1045500         0      0.00         0
04:52:50 PM    817404   3998716     83.03     24688    378060   1045500         0      0.00         0
04:52:51 PM    816676   3999444     83.04     24696    378144   1045500         0      0.00         0
04:52:52 PM    816284   3999836     83.05     24704    378236   1045500         0      0.00         0
04:52:53 PM    813868   4002252     83.10     24712    378324   1045500         0      0.00         0
04:52:54 PM    813028   4003092     83.12     24720    378408   1045500         0      0.00         0
04:52:55 PM    810788   4005332     83.17     24728    378512   1045500         0      0.00         0
04:52:56 PM    806876   4009244     83.25     24736    378604   1045500         0      0.00         0
04:52:57 PM    804892   4011228     83.29     24744    378684   1045500         0      0.00         0
04:52:58 PM    803472   4012648     83.32     24752    378780   1045500         0      0.00         0
04:52:59 PM    801948   4014172     83.35     24760    378868   1045500         0      0.00         0
04:53:00 PM    799040   4017080     83.41     24768    378960   1045500         0      0.00         0
04:53:01 PM    793512   4022608     83.52     24776    379048   1045500         0      0.00         0
04:53:02 PM    783380   4032740     83.73     24784    379136   1045500         0      0.00         0
04:53:03 PM    765120   4051000     84.11     24792    379248   1045500         0      0.00         0
04:53:04 PM    725800   4090320     84.93     24800    379344   1045500         0      0.00         0
04:53:05 PM    724488   4091632     84.96     24808    379440   1045500         0      0.00         0
04:53:06 PM    724028   4092092     84.97     24816    379528   1045500         0      0.00         0
04:53:07 PM    722136   4093984     85.01     24824    379632   1045500         0      0.00         0
04:53:08 PM    719860   4096260     85.05     24832    379716   1045500         0      0.00         0
04:53:09 PM    718240   4097880     85.09     24840    379816   1045500         0      0.00         0
04:53:10 PM    718908   4097212     85.07     24848    379968   1045500         0      0.00         0
04:53:11 PM    718252   4097868     85.09     24856    380064   1045500         0      0.00         0
04:53:12 PM    717812   4098308     85.10     24864    380160   1045500         0      0.00         0
04:53:13 PM    718024   4098096     85.09     24872    380264   1045500         0      0.00         0
04:53:14 PM    718500   4097620     85.08     24880    380356   1045500         0      0.00         0
04:53:15 PM    719364   4096756     85.06     24888    380440   1045500         0      0.00         0
04:53:16 PM    719944   4096176     85.05     24896    380560   1045500         0      0.00         0
04:53:17 PM    720612   4095508     85.04     24904    380644   1045500         0      0.00         0
04:53:18 PM    721372   4094748     85.02     24912    380736   1045500         0      0.00         0
04:53:19 PM    723240   4092880     84.98     24920    380820   1045500         0      0.00         0
04:53:20 PM    723752   4092368     84.97     24928    380908   1045500         0      0.00         0
04:53:21 PM    724856   4091264     84.95     24936    381048   1045500         0      0.00         0
04:53:22 PM    724944   4091176     84.95     24944    381152   1045500         0      0.00         0
04:53:23 PM    725432   4090688     84.94     24952    381248   1045500         0      0.00         0
04:53:24 PM    724740   4091380     84.95     24960    381340   1045500         0      0.00         0
04:53:25 PM    723648   4092472     84.97     24968    381468   1045500         0      0.00         0
04:53:26 PM    721744   4094376     85.01     24976    381620   1045500         0      0.00         0
04:53:27 PM    717088   4099032     85.11     24984    382364   1045500         0      0.00         0
04:53:28 PM    716416   4099704     85.12     24992    382344   1045500         0      0.00         0
04:53:29 PM    717316   4098804     85.11     25000    382496   1045500         0      0.00         0
04:53:30 PM    718120   4098000     85.09     25008    382592   1045500         0      0.00         0
04:53:31 PM    719132   4096988     85.07     25016    382704   1045500         0      0.00         0
04:53:32 PM    719716   4096404     85.06     25024    382788   1045500         0      0.00         0
04:53:33 PM    718788   4097332     85.08     25032    382884   1045500         0      0.00         0
04:53:34 PM    717032   4099088     85.11     25040    382984   1045500         0      0.00         0
04:53:35 PM    712252   4103868     85.21     25048    383076   1045500         0      0.00         0
04:53:36 PM    703076   4113044     85.40     25056    383168   1045500         0      0.00         0
04:53:37 PM    689112   4127008     85.69     25064    383268   1045500         0      0.00         0
04:53:38 PM    683824   4132296     85.80     25072    383360   1045500         0      0.00         0
04:53:39 PM    684152   4131968     85.79     25080    383592   1045500         0      0.00         0
04:53:40 PM    684352   4131768     85.79     25088    383732   1045500         0      0.00         0
04:53:41 PM    683628   4132492     85.81     25096    383824   1045500         0      0.00         0
04:53:42 PM    681568   4134552     85.85     25104    383912   1045500         0      0.00         0
04:53:43 PM    680136   4135984     85.88     25112    384008   1045500         0      0.00         0
04:53:44 PM    680152   4135968     85.88     25120    384096   1045500         0      0.00         0
04:53:45 PM    681368   4134752     85.85     25128    384360   1045500         0      0.00         0
04:53:46 PM    679500   4136620     85.89     25136    384452   1045500         0      0.00         0
04:53:47 PM    680816   4135304     85.86     25144    384540   1045500         0      0.00         0
04:53:48 PM    682252   4133868     85.83     25152    384628   1045500         0      0.00         0
04:53:49 PM    682728   4133392     85.82     25160    384708   1045500         0      0.00         0
04:53:50 PM    683312   4132808     85.81     25168    384800   1045500         0      0.00         0
04:53:51 PM    684352   4131768     85.79     25176    384896   1045500         0      0.00         0
04:53:52 PM    684264   4131856     85.79     25184    385020   1045500         0      0.00         0
04:53:53 PM    685276   4130844     85.77     25192    385112   1045500         0      0.00         0
04:53:54 PM    685976   4130144     85.76     25200    385208   1045500         0      0.00         0
04:53:55 PM    687120   4129000     85.73     25208    385296   1045500         0      0.00         0
04:53:56 PM    688528   4127592     85.70     25216    385432   1045500         0      0.00         0
04:53:57 PM    689188   4126932     85.69     25224    385516   1045500         0      0.00         0
04:53:58 PM    690072   4126048     85.67     25232    385612   1045500         0      0.00         0
04:53:59 PM    691388   4124732     85.64     25240    385704   1045500         0      0.00         0
04:54:00 PM    692272   4123848     85.63     25248    385840   1045500         0      0.00         0
04:54:01 PM    691688   4124432     85.64     25256    385932   1045500         0      0.00         0
04:54:02 PM    691868   4124252     85.63     25264    386024   1045500         0      0.00         0
04:54:03 PM    690712   4125408     85.66     25272    386108   1045500         0      0.00         0
04:54:04 PM    692460   4123660     85.62     25280    386196   1045500         0      0.00         0
04:54:05 PM    693372   4122748     85.60     25288    386296   1045500         0      0.00         0
04:54:06 PM    693572   4122548     85.60     25296    386400   1045500         0      0.00         0
04:54:07 PM    695328   4120792     85.56     25304    386488   1045500         0      0.00         0
04:54:08 PM    695460   4120660     85.56     25312    386592   1045500         0      0.00         0
04:54:09 PM    696756   4119364     85.53     25320    386676   1045500         0      0.00         0
04:54:10 PM    697552   4118568     85.52     25328    386768   1045500         0      0.00         0
04:54:11 PM    698364   4117756     85.50     25336    387080   1045500         0      0.00         0
04:54:12 PM    698236   4117884     85.50     25344    387108   1045500         0      0.00         0
04:54:13 PM    697272   4118848     85.52     25352    387196   1045500         0      0.00         0
04:54:14 PM    695460   4120660     85.56     25360    387436   1045500         0      0.00         0
04:54:15 PM    695652   4120468     85.56     25368    387576   1045500         0      0.00         0
04:54:16 PM    696148   4119972     85.55     25376    387664   1045500         0      0.00         0
04:54:17 PM    697060   4119060     85.53     25384    387756   1045500         0      0.00         0
04:54:18 PM    697908   4118212     85.51     25392    387852   1045500         0      0.00         0
04:54:19 PM    697136   4118984     85.52     25400    387948   1045500         0      0.00         0
04:54:20 PM    695196   4120924     85.57     25408    388040   1045500         0      0.00         0
04:54:21 PM    690752   4125368     85.66     25416    388128   1045500         0      0.00         0
04:54:22 PM    682184   4133936     85.84     25424    388216   1045500         0      0.00         0
04:54:23 PM    664348   4151772     86.21     25432    388316   1045500         0      0.00         0
04:54:24 PM    627052   4189068     86.98     25440    388512   1045500         0      0.00         0
04:54:25 PM    625924   4190196     87.00     25448    388600   1045500         0      0.00         0
04:54:26 PM    625148   4190972     87.02     25456    388708   1045500         0      0.00         0
04:54:27 PM    624964   4191156     87.02     25464    388796   1045500         0      0.00         0
04:54:28 PM    626304   4189816     87.00     25472    388892   1045500         0      0.00         0
04:54:29 PM    625628   4190492     87.01     25480    388980   1045500         0      0.00         0
04:54:30 PM    623760   4192360     87.05     25488    389068   1045500         0      0.00         0
04:54:31 PM    621580   4194540     87.09     25496    389164   1045500         0      0.00         0
04:54:32 PM    621068   4195052     87.10     25504    389256   1045500         0      0.00         0
04:54:33 PM    621328   4194792     87.10     25512    389352   1045500         0      0.00         0
04:54:34 PM    621916   4194204     87.09     25520    389432   1045500         0      0.00         0
04:54:35 PM    622696   4193424     87.07     25528    389520   1045500         0      0.00         0
04:54:36 PM    623364   4192756     87.06     25536    389608   1045500         0      0.00         0
04:54:37 PM    624136   4191984     87.04     25544    389704   1045500         0      0.00         0
04:54:38 PM    624616   4191504     87.03     25552    389836   1045500         0      0.00         0
04:54:39 PM    625336   4190784     87.02     25560    389924   1045500         0      0.00         0
04:54:40 PM    626340   4189780     86.99     25568    390012   1045500         0      0.00         0
04:54:41 PM    627304   4188816     86.97     25576    390104   1045500         0      0.00         0
04:54:42 PM    627988   4188132     86.96     25584    390200   1045500         0      0.00         0
04:54:43 PM    629064   4187056     86.94     25592    390284   1045500         0      0.00         0
04:54:44 PM    629676   4186444     86.93     25600    390380   1045500         0      0.00         0
04:54:45 PM    630888   4185232     86.90     25608    390472   1045500         0      0.00         0
04:54:46 PM    632056   4184064     86.88     25616    390568   1045500         0      0.00         0
04:54:47 PM    632820   4183300     86.86     25624    390660   1045500         0      0.00         0
04:54:48 PM    632736   4183384     86.86     25632    390820   1045500         0      0.00         0
04:54:49 PM    633636   4182484     86.84     25640    390908   1045500         0      0.00         0
04:54:50 PM    633176   4182944     86.85     25648    390996   1045500         0      0.00         0
04:54:51 PM    632808   4183312     86.86     25656    391092   1045500         0      0.00         0
04:54:52 PM    633284   4182836     86.85     25664    391184   1045500         0      0.00         0
04:54:53 PM    634388   4181732     86.83     25672    391276   1045500         0      0.00         0
04:54:54 PM    635552   4180568     86.80     25680    391364   1045500         0      0.00         0
04:54:55 PM    636220   4179900     86.79     25688    391468   1045500         0      0.00         0
04:54:56 PM    637264   4178856     86.77     25696    391596   1045500         0      0.00         0
04:54:57 PM    638492   4177628     86.74     25704    391680   1045500         0      0.00         0
04:54:58 PM    639592   4176528     86.72     25712    391776   1045500         0      0.00         0
04:54:59 PM    640412   4175708     86.70     25720    391868   1045500         0      0.00         0
04:55:00 PM    640236   4175884     86.71     25728    391964   1045500         0      0.00         0
04:55:01 PM    640196   4175924     86.71     25736    392096   1045500         0      0.00         0
04:55:02 PM    641156   4174964     86.69     25744    392184   1045500         0      0.00         0
04:55:03 PM    640100   4176020     86.71     25752    392280   1045500         0      0.00         0
04:55:04 PM    641344   4174776     86.68     25760    392372   1045500         0      0.00         0
04:55:05 PM    642384   4173736     86.66     25768    392456   1045500         0      0.00         0
04:55:06 PM    642992   4173128     86.65     25776    392560   1045500         0      0.00         0
04:55:07 PM    644088   4172032     86.63     25784    392660   1045500         0      0.00         0
04:55:08 PM    644724   4171396     86.61     25792    392744   1045500         0      0.00         0
04:55:09 PM    645856   4170264     86.59     25800    392840   1045500         0      0.00         0
04:55:10 PM    646908   4169212     86.57     25808    392980   1045500         0      0.00         0
04:55:11 PM    648376   4167744     86.54     25816    393064   1045500         0      0.00         0
04:55:12 PM    649504   4166616     86.51     25824    393224   1045500         0      0.00         0
04:55:13 PM    650608   4165512     86.49     25832    393316   1045500         0      0.00         0
04:55:14 PM    651336   4164784     86.48     25840    393408   1045500         0      0.00         0
04:55:15 PM    652468   4163652     86.45     25848    393488   1045500         0      0.00         0
04:55:16 PM    653924   4162196     86.42     25856    393628   1045500         0      0.00         0
04:55:17 PM    654864   4161256     86.40     25864    393708   1045500         0      0.00         0
04:55:18 PM    655840   4160280     86.38     25872    393812   1045500         0      0.00         0
04:55:19 PM    656936   4159184     86.36     25880    393912   1045500         0      0.00         0
04:55:20 PM    658380   4157740     86.33     25888    394008   1045500         0      0.00         0
04:55:21 PM    658492   4157628     86.33     25896    394096   1045500         0      0.00         0
04:55:22 PM    659800   4156320     86.30     25904    394224   1045500         0      0.00         0
04:55:23 PM    660804   4155316     86.28     25912    394316   1045500         0      0.00         0
04:55:24 PM    662080   4154040     86.25     25920    394400   1045500         0      0.00         0
04:55:25 PM    663160   4152960     86.23     25928    394488   1045500         0      0.00         0
04:55:26 PM    664336   4151784     86.21     25936    394584   1045500         0      0.00         0
04:55:27 PM    665464   4150656     86.18     25944    394676   1045500         0      0.00         0
04:55:28 PM    666244   4149876     86.17     25952    394812   1045500         0      0.00         0
04:55:29 PM    666444   4149676     86.16     25960    394896   1045500         0      0.00         0
04:55:30 PM    667448   4148672     86.14     25968    395032   1045500         0      0.00         0
04:55:31 PM    668288   4147832     86.12     25976    395268   1045500         0      0.00         0
04:55:32 PM    669532   4146588     86.10     25984    395368   1045500         0      0.00         0
04:55:33 PM    670408   4145712     86.08     25992    395456   1045500         0      0.00         0
04:55:34 PM    672916   4143204     86.03     26000    395532   1045500         0      0.00         0
04:55:35 PM    673732   4142388     86.01     26008    395632   1045500         0      0.00         0
04:55:36 PM    674336   4141784     86.00     26016    395712   1045500         0      0.00         0
04:55:37 PM    675024   4141096     85.98     26024    395812   1045500         0      0.00         0
04:55:38 PM    677036   4139084     85.94     26032    395892   1045500         0      0.00         0
04:55:39 PM    677512   4138608     85.93     26040    395984   1045500         0      0.00         0
04:55:40 PM    677268   4138852     85.94     26048    396080   1045500         0      0.00         0
04:55:41 PM    675956   4140164     85.96     26056    396180   1045500         0      0.00         0
04:55:42 PM    674452   4141668     86.00     26064    396264   1045500         0      0.00         0
04:55:43 PM    672116   4144004     86.04     26072    396356   1045500         0      0.00         0
04:55:44 PM    662828   4153292     86.24     26080    396452   1045500         0      0.00         0
04:55:45 PM    645280   4170840     86.60     26088    396544   1045500         0      0.00         0
04:55:46 PM    643700   4172420     86.63     26096    396632   1045500         0      0.00         0
04:55:47 PM    644756   4171364     86.61     26104    396716   1045500         0      0.00         0
04:55:48 PM    646008   4170112     86.59     26112    396804   1045500         0      0.00         0
04:55:49 PM    646084   4170036     86.58     26120    396900   1045500         0      0.00         0
04:55:50 PM    645904   4170216     86.59     26128    396988   1045500         0      0.00         0
04:55:51 PM    646060   4170060     86.59     26136    397084   1045500         0      0.00         0
04:55:52 PM    647776   4168344     86.55     26144    397260   1045500         0      0.00         0
04:55:53 PM    647828   4168292     86.55     26152    397352   1045500         0      0.00         0
04:55:54 PM    648876   4167244     86.53     26160    397464   1045500         0      0.00         0
04:55:55 PM    649956   4166164     86.50     26168    397552   1045500         0      0.00         0
04:55:56 PM    650740   4165380     86.49     26176    397648   1045500         0      0.00         0
04:55:57 PM    652584   4163536     86.45     26184    397744   1045500         0      0.00         0
04:55:58 PM    653440   4162680     86.43     26192    397836   1045500         0      0.00         0
04:55:59 PM    653880   4162240     86.42     26200    397916   1045500         0      0.00         0
04:56:00 PM    654784   4161336     86.40     26208    398008   1045500         0      0.00         0
04:56:01 PM    656976   4159144     86.36     26216    398096   1045500         0      0.00         0
04:56:02 PM    657432   4158688     86.35     26224    398188   1045500         0      0.00         0
04:56:03 PM    657836   4158284     86.34     26232    398276   1045500         0      0.00         0
04:56:04 PM    658548   4157572     86.33     26240    398360   1045500         0      0.00         0
04:56:05 PM    659140   4156980     86.31     26248    398456   1045500         0      0.00         0
04:56:06 PM    661696   4154424     86.26     26256    398552   1045500         0      0.00         0
04:56:07 PM    661764   4154356     86.26     26264    398640   1045500         0      0.00         0
04:56:08 PM    661340   4154780     86.27     26272    398780   1045500         0      0.00         0
04:56:09 PM    662524   4153596     86.24     26280    398928   1045500         0      0.00         0
04:56:10 PM    662836   4153284     86.24     26288    399052   1045500         0      0.00         0
04:56:11 PM    664488   4151632     86.20     26296    399136   1045500         0      0.00         0
04:56:12 PM    665812   4150308     86.18     26304    399312   1045500         0      0.00         0
04:56:13 PM    666248   4149872     86.17     26312    399404   1045500         0      0.00         0
04:56:14 PM    667296   4148824     86.14     26320    399492   1045500         0      0.00         0
04:56:15 PM    667952   4148168     86.13     26328    399592   1045500         0      0.00         0
04:56:16 PM    668744   4147376     86.11     26336    399680   1045500         0      0.00         0
04:56:17 PM    669696   4146424     86.09     26344    399768   1045500         0      0.00         0
04:56:18 PM    671040   4145080     86.07     26352    399860   1045500         0      0.00         0
04:56:19 PM    669740   4146380     86.09     26360    399972   1045500         0      0.00         0
04:56:20 PM    670244   4145876     86.08     26368    400060   1045500         0      0.00         0
04:56:21 PM    670908   4145212     86.07     26376    400140   1045500         0      0.00         0
04:56:22 PM    672172   4143948     86.04     26384    400224   1045500         0      0.00         0
04:56:23 PM    673488   4142632     86.02     26392    400316   1045500         0      0.00         0
04:56:24 PM    672264   4143856     86.04     26400    400412   1045500         0      0.00         0
04:56:25 PM    672920   4143200     86.03     26408    400548   1045500         0      0.00         0
04:56:26 PM    673512   4142608     86.02     26416    400640   1045500         0      0.00         0
04:56:27 PM    674488   4141632     86.00     26424    400728   1045500         0      0.00         0
04:56:28 PM    676580   4139540     85.95     26432    400904   1045500         0      0.00         0
04:56:29 PM    677524   4138596     85.93     26440    401000   1045500         0      0.00         0
04:56:30 PM    677788   4138332     85.93     26448    401084   1045500         0      0.00         0
04:56:31 PM    678596   4137524     85.91     26456    401180   1045500         0      0.00         0
04:56:32 PM    679668   4136452     85.89     26464    401272   1045500         0      0.00         0
04:56:33 PM    680588   4135532     85.87     26472    401348   1045500         0      0.00         0
04:56:34 PM    681052   4135068     85.86     26480    401444   1045500         0      0.00         0
04:56:35 PM    681720   4134400     85.85     26488    401548   1045500         0      0.00         0
04:56:36 PM    681868   4134252     85.84     26496    401636   1045500         0      0.00         0
04:56:37 PM    683252   4132868     85.81     26504    401732   1045500         0      0.00         0
04:56:38 PM    684084   4132036     85.80     26512    401828   1045500         0      0.00         0
04:56:39 PM    684472   4131648     85.79     26520    401924   1045500         0      0.00         0
04:56:40 PM    683624   4132496     85.81     26528    402016   1045500         0      0.00         0
04:56:41 PM    683092   4133028     85.82     26536    402120   1045500         0      0.00         0
04:56:42 PM    684632   4131488     85.78     26544    402204   1045500         0      0.00         0
04:56:43 PM    685744   4130376     85.76     26552    402308   1045500         0      0.00         0
04:56:44 PM    686464   4129656     85.75     26560    402452   1045500         0      0.00         0
04:56:45 PM    688116   4128004     85.71     26568    402544   1045500         0      0.00         0
04:56:46 PM    688688   4127432     85.70     26576    402628   1045500         0      0.00         0
04:56:47 PM    689856   4126264     85.68     26584    402728   1045500         0      0.00         0
04:56:48 PM    690740   4125380     85.66     26592    402848   1045500         0      0.00         0
04:56:49 PM    691412   4124708     85.64     26600    402940   1045500         0      0.00         0
04:56:50 PM    692828   4123292     85.61     26608    403044   1045500         0      0.00         0
04:56:51 PM    694488   4121632     85.58     26616    403132   1045500         0      0.00         0
04:56:52 PM    695252   4120868     85.56     26624    403276   1045500         0      0.00         0
04:56:53 PM    696060   4120060     85.55     26632    403364   1045500         0      0.00         0
04:56:54 PM    697196   4118924     85.52     26640    403460   1045500         0      0.00         0
04:56:55 PM    697976   4118144     85.51     26648    403620   1045500         0      0.00         0
04:56:56 PM    700148   4115972     85.46     26656    403716   1045500         0      0.00         0
04:56:57 PM    700604   4115516     85.45     26664    403800   1045500         0      0.00         0
04:56:58 PM    701584   4114536     85.43     26672    403892   1045500         0      0.00         0
04:56:59 PM    702608   4113512     85.41     26680    403976   1045500         0      0.00         0
04:57:00 PM    703600   4112520     85.39     26688    404060   1045500         0      0.00         0
04:57:01 PM    705788   4110332     85.35     26696    404144   1045500         0      0.00         0
04:57:02 PM    706520   4109600     85.33     26704    404232   1045500         0      0.00         0
04:57:03 PM    707216   4108904     85.32     26712    404320   1045500         0      0.00         0
04:57:04 PM    708492   4107628     85.29     26720    404404   1045500         0      0.00         0
04:57:05 PM    710064   4106056     85.26     26728    404476   1045500         0      0.00         0
04:57:06 PM    710952   4105168     85.24     26736    404560   1045500         0      0.00         0
04:57:07 PM    711176   4104944     85.23     26744    404644   1045500         0      0.00         0
04:57:08 PM    712720   4103400     85.20     26752    404720   1045500         0      0.00         0
04:57:09 PM    715520   4100600     85.14     26760    404796   1045500         0      0.00         0
04:57:10 PM    716012   4100108     85.13     26768    404856   1045500         0      0.00         0
04:57:11 PM    717668   4098452     85.10     26776    404900   1045500         0      0.00         0
04:57:12 PM    718472   4097648     85.08     26784    404948   1045500         0      0.00         0
04:57:13 PM    719872   4096248     85.05     26792    404984   1045500         0      0.00         0
04:57:14 PM    722192   4093928     85.00     26800    405020   1045500         0      0.00         0
04:57:15 PM    723564   4092556     84.98     26808    405048   1045500         0      0.00         0
04:57:16 PM    724536   4091584     84.96     26816    405080   1045500         0      0.00         0
04:57:17 PM    725960   4090160     84.93     26824    405112   1045500         0      0.00         0
04:57:18 PM    727240   4088880     84.90     26832    405132   1045500         0      0.00         0
04:57:19 PM    729888   4086232     84.84     26840    405144   1045500         0      0.00         0
04:57:20 PM    731056   4085064     84.82     26848    405164   1045500         0      0.00         0
04:57:21 PM    732012   4084108     84.80     26856    405180   1045500         0      0.00         0
04:57:22 PM    733492   4082628     84.77     26864    405196   1045500         0      0.00         0
04:57:23 PM    735448   4080672     84.73     26872    405252   1045500         0      0.00         0
04:57:24 PM    733668   4082452     84.77     26880    405256   1045500         0      0.00         0
04:57:25 PM    735340   4080780     84.73     26888    405264   1045500         0      0.00         0
04:57:26 PM    736532   4079588     84.71     26896    405268   1045500         0      0.00         0
04:57:27 PM    738092   4078028     84.67     26904    405284   1045500         0      0.00         0
04:57:28 PM    739908   4076212     84.64     26912    405288   1045500         0      0.00         0
04:57:29 PM    741220   4074900     84.61     26920    405292   1045500         0      0.00         0
04:57:30 PM    742280   4073840     84.59     26928    405292   1045500         0      0.00         0
04:57:31 PM    742928   4073192     84.57     26936    405304   1045500         0      0.00         0
04:57:32 PM    744708   4071412     84.54     26944    405312   1045500         0      0.00         0
04:57:33 PM    745836   4070284     84.51     26952    405308   1045500         0      0.00         0
04:57:34 PM    746908   4069212     84.49     26960    405312   1045500         0      0.00         0
04:57:35 PM    748160   4067960     84.47     26968    405320   1045500         0      0.00         0
04:57:36 PM    749348   4066772     84.44     26976    405332   1045500         0      0.00         0
04:57:37 PM    750520   4065600     84.42     26984    405332   1045500         0      0.00         0
04:57:38 PM    752432   4063688     84.38     26992    405328   1045500         0      0.00         0
04:57:39 PM    753672   4062448     84.35     27000    405352   1045500         0      0.00         0
04:57:40 PM    754468   4061652     84.33     27008    405352   1045500         0      0.00         0
04:57:41 PM    755012   4061108     84.32     27016    405360   1045500         0      0.00         0
04:57:42 PM    757748   4058372     84.27     27024    405352   1045500         0      0.00         0
04:57:43 PM    758184   4057936     84.26     27032    405360   1045500         0      0.00         0
04:57:44 PM    759332   4056788     84.23     27040    405372   1045500         0      0.00         0
04:57:45 PM    760620   4055500     84.21     27048    405372   1045500         0      0.00         0
04:57:46 PM    762520   4053600     84.17     27056    405380   1045500         0      0.00         0
04:57:47 PM    763708   4052412     84.14     27064    405380   1045500         0      0.00         0
04:57:48 PM    764656   4051464     84.12     27072    405372   1045500         0      0.00         0
04:57:49 PM    766024   4050096     84.09     27080    405396   1045500         0      0.00         0
04:57:50 PM    767104   4049016     84.07     27088    405388   1045500         0      0.00         0
04:57:51 PM    768440   4047680     84.04     27096    405408   1045500         0      0.00         0
04:57:52 PM    769556   4046564     84.02     27104    405400   1045500         0      0.00         0
04:57:53 PM    770908   4045212     83.99     27112    405412   1045500         0      0.00         0
04:57:54 PM    772080   4044040     83.97     27120    405404   1045500         0      0.00         0
04:57:55 PM    773336   4042784     83.94     27128    405420   1045500         0      0.00         0
04:57:56 PM    774284   4041836     83.92     27136    405412   1045500         0      0.00         0
04:57:57 PM    775736   4040384     83.89     27144    405428   1045500         0      0.00         0
04:57:58 PM    776952   4039168     83.87     27152    405420   1045500         0      0.00         0
04:57:59 PM    778196   4037924     83.84     27160    405436   1045500         0      0.00         0
04:58:00 PM    779788   4036332     83.81     27168    405428   1045500         0      0.00         0
04:58:01 PM    781144   4034976     83.78     27176    405452   1045500         0      0.00         0
04:58:02 PM    782044   4034076     83.76     27184    405444   1045500         0      0.00         0
04:58:03 PM    783644   4032476     83.73     27192    405456   1045500         0      0.00         0
04:58:04 PM    784676   4031444     83.71     27200    405456   1045500         0      0.00         0
04:58:05 PM    785964   4030156     83.68     27208    405464   1045500         0      0.00         0
04:58:06 PM    786964   4029156     83.66     27216    405456   1045500         0      0.00         0
04:58:07 PM    788124   4027996     83.64     27224    405476   1045500         0      0.00         0
04:58:08 PM    789304   4026816     83.61     27232    405468   1045500         0      0.00         0
04:58:09 PM    790936   4025184     83.58     27240    405480   1045500         0      0.00         0
04:58:10 PM    791888   4024232     83.56     27248    405472   1045500         0      0.00         0
04:58:11 PM    793264   4022856     83.53     27256    405496   1045500         0      0.00         0
04:58:12 PM    794360   4021760     83.51     27264    405488   1045500         0      0.00         0
04:58:13 PM    795568   4020552     83.48     27272    405504   1045500         0      0.00         0
04:58:14 PM    796724   4019396     83.46     27280    405504   1045500         0      0.00         0
04:58:15 PM    798044   4018076     83.43     27288    405504   1045500         0      0.00         0
04:58:16 PM    799556   4016564     83.40     27296    405512   1045500         0      0.00         0
04:58:17 PM    800960   4015160     83.37     27304    405520   1045500         0      0.00         0
04:58:18 PM    801908   4014212     83.35     27312    405512   1045500         0      0.00         0
04:58:19 PM    803116   4013004     83.32     27320    405528   1045500         0      0.00         0
04:58:20 PM    804328   4011792     83.30     27328    405528   1045500         0      0.00         0
04:58:21 PM    805624   4010496     83.27     27336    405532   1045500         0      0.00         0
04:58:22 PM    806720   4009400     83.25     27344    405524   1045500         0      0.00         0
04:58:23 PM    808152   4007968     83.22     27352    405548   1045500         0      0.00         0
04:58:24 PM    809176   4006944     83.20     27360    405540   1045500         0      0.00         0
04:58:25 PM    810132   4005988     83.18     27368    405540   1045500         0      0.00         0
04:58:26 PM    811744   4004376     83.15     27376    405556   1045500         0      0.00         0
Average:       802450   4013670     83.34     25780    391831   1045500         0      0.00         0
