Linux 3.11.0-15-generic (client-HVM-domU) 	03/31/2015

08:18:08 PM kbmemfree kbmemused  %memused kbbuffers  kbcached kbswpfree kbswpused  %swpused  kbswpcad
08:18:09 PM    356852   7555836     95.49      6572     77220    175472    870028     83.22    209556
08:18:10 PM    347052   7565636     95.61      6580     77552    176956    868544     83.07    213508
08:18:11 PM    334900   7577788     95.77      6588     78724    181572    863928     82.63    214536
08:18:12 PM    327824   7584864     95.86      6596     78564    182760    862740     82.52    216496
08:18:13 PM    314640   7598048     96.02      6604     79720    184632    860868     82.34    219264
08:18:14 PM    299360   7613328     96.22      6612     80556    186196    859304     82.19    221792
08:18:15 PM    282988   7629700     96.42      6624     81040    188556    856944     81.96    224888
08:18:16 PM    257284   7655404     96.75      6632     81236    191140    854360     81.72    229936
08:18:17 PM    235908   7676780     97.02      6640     82024    194796    850704     81.37    236280
08:18:18 PM    209940   7702748     97.35      6648     82112    198888    846612     80.98    242200
08:18:19 PM    184396   7728292     97.67      6656     82588    202568    842932     80.62    248300
08:18:20 PM    150780   7761908     98.09      6664     82484    206208    839292     80.28    253624
08:18:21 PM    122028   7790660     98.46      6672     82696    210076    835424     79.91    258384
08:18:23 PM    101468   7811220     98.72      2920     50900    211792    833708     79.74    267740
08:18:29 PM     99084   7813604     98.75      2592     49672    196136    849364     81.24    273456
08:25:13 PM    229084   7683604     97.10       124     17072     15500   1030000     98.52    193972
08:26:16 PM    172496   7740192     97.82       404     24200     17676   1027824     98.31    209624
08:27:47 PM    310296   7602392     96.08        92     21248       576   1044924     99.94     30504
08:28:09 PM    288568   7624120     96.35       256     29744      2636   1042864     99.75     34920
08:28:10 PM    288012   7624676     96.36       268     31900      2800   1042700     99.73     35468
08:28:11 PM    263556   7649132     96.67       276     34008      2996   1042504     99.71     35916
08:28:12 PM    258816   7653872     96.73       288     37084      3032   1042468     99.71     36016
08:28:13 PM    254208   7658480     96.79       296     39492      3188   1042312     99.70     36196
08:28:14 PM    249520   7663168     96.85       304     43152      3224   1042276     99.69     36420
08:28:15 PM    244036   7668652     96.92       312     46408      3248   1042252     99.69     36588
08:28:16 PM    236636   7676052     97.01       320     49536      3460   1042040     99.67     36804
08:28:17 PM    230668   7682020     97.08       328     53444      3472   1042028     99.67     36856
08:28:18 PM    224096   7688592     97.17       336     57256      3500   1042000     99.67     36916
08:28:19 PM    312296   7600392     96.05       344     62056      4912   1040588     99.53     36676
08:28:20 PM    309836   7602852     96.08       352     65744      4944   1040556     99.53     36672
08:28:21 PM    305840   7606848     96.13       360     70372      4948   1040552     99.53     36732
08:28:22 PM    304052   7608636     96.16       368     73248      4972   1040528     99.52     36852
08:28:23 PM    302204   7610484     96.18       376     76872      5132   1040368     99.51     37100
08:28:24 PM    296144   7616544     96.26       384     80792      5336   1040164     99.49     37184
08:28:25 PM    294908   7617780     96.27       400     84260      5512   1039988     99.47     37544
08:28:26 PM    290484   7622204     96.33       416     87052      5748   1039752     99.45     37732
08:28:27 PM    291968   7620720     96.31       440     90896      6060   1039440     99.42     37796
08:28:28 PM    288744   7623944     96.35       456     94348      6100   1039400     99.42     38120
08:28:29 PM    284972   7627716     96.40       464     97472      6196   1039304     99.41     38324
08:28:30 PM    283504   7629184     96.42       472    100948      6444   1039056     99.38     38368
08:28:31 PM    281772   7630916     96.44       484    104104      6636   1038864     99.37     38360
08:28:32 PM    277980   7634708     96.49       492    108192      6640   1038860     99.36     38420
08:28:33 PM    275212   7637476     96.52       504    111176      6916   1038584     99.34     38544
08:28:34 PM    272940   7639748     96.55       520    115204      7196   1038304     99.31     38520
08:28:35 PM    269504   7643184     96.59       540    119460      7196   1038304     99.31     38520
08:28:36 PM    265544   7647144     96.64       560    123576      7196   1038304     99.31     38552
08:28:37 PM    259832   7652856     96.72       568    126912      7408   1038092     99.29     38728
08:28:38 PM    259304   7653384     96.72       580    130424      7696   1037804     99.26     38844
08:28:39 PM    256144   7656544     96.76       728    133828      7704   1037796     99.26     38996
08:28:43 PM    248932   7663756     96.85       740    146560      8584   1036916     99.18     39540
08:28:44 PM    246184   7666504     96.89       752    150384      8592   1036908     99.18     39564
08:28:45 PM    243016   7669672     96.93       760    154448      8604   1036896     99.18     39680
08:28:46 PM    240900   7671788     96.96       768    158124      8960   1036540     99.14     39808
08:28:47 PM    237160   7675528     97.00       776    162332      8992   1036508     99.14     40128
08:28:48 PM    237432   7675256     97.00       792    164152      9348   1036152     99.11     40756
08:28:49 PM    235892   7676796     97.02       804    166792      9404   1036096     99.10     41056
08:28:50 PM    233920   7678768     97.04       820    171420      9476   1036024     99.09     41316
08:28:51 PM    231448   7681240     97.07       828    173544      9548   1035952     99.09     42456
08:28:52 PM    231988   7680700     97.07       840    176004      9888   1035612     99.05     42952
08:28:53 PM    229108   7683580     97.10      1020    178912      9908   1035592     99.05     43064
08:28:54 PM    226616   7686072     97.14      1104    183224     10276   1035224     99.02     43140
Average:       257382   7655306     96.75      1886     93024     52386    993114     94.99     92069
