Linux 3.13.0-43-generic (Apollo) 	2015-07-23 	_x86_64_	(4 CPU)

02:28:07    kbmemfree kbmemused  %memused kbbuffers  kbcached  kbcommit   %commit  kbactive   kbinact   kbdirty
02:28:08      2901280   1107432     27.63     42680    343080   5595588     68.55    599936    301776       100
02:28:09      2793960   1214752     30.30     42680    343116   5836436     71.50    706944    301784       136
02:28:10      2794556   1214156     30.29     42680    343116   5820244     71.30    706768    301780       140
02:28:11      2793600   1215112     30.31     42680    343116   5804100     71.10    707368    301748       140
02:28:12      2789384   1219328     30.42     42688    343112   5817160     71.26    709932    301752       140
02:28:13      2788124   1220588     30.45     42688    343120   5849304     71.66    710376    301760       148
02:28:14      2783032   1225680     30.58     42688    343120   5917508     72.49    713708    301760       148
02:28:15      2777684   1231028     30.71     42688    343128   6042240     74.02    715728    301760       156
02:28:16      2767392   1241320     30.97     42688    343136   6299392     77.17    719708    301760       164
02:28:17      2744428   1264284     31.54     42696    343148   6813712     83.47    728760    301760       184
02:28:18      2720492   1288220     32.14     42696    344056   7335848     89.87    737412    302632       208
02:28:19      2697128   1311584     32.72     42696    344080   7850340     96.17    746052    302640       232
02:28:20      2672924   1335788     33.32     42696    344552   8374204    102.59    756140    302940       260
02:28:21      2646828   1361884     33.97     42696    344776   8888524    108.89    766920    303240        44
02:28:22      2622620   1386092     34.58     42704    344816   9410844    115.29    778600    302624       104
02:28:23      2590748   1417964     35.37     42704    345728   9929404    121.64    793100    303368       180
02:28:24      2557884   1450828     36.19     42704    349816  10447852    127.99    807888    307256       212
02:28:25      2539444   1469268     36.65     42704    352512  10637124    130.31    817920    309456       252
02:28:26      2524632   1484080     37.02     42704    356068  10645060    130.41    827872    312836       280
02:28:27      2507472   1501240     37.45     42712    359788  10649128    130.45    840192    316064       312
02:28:28      2496976   1511736     37.71     42712    362972  10657120    130.55    847596    317984       340
02:28:29      2482260   1526452     38.08     42712    366812  10661060    130.60    858200    321108       368
02:28:30      2469460   1539252     38.40     42712    369924  10672836    130.75    867892    322540       396
02:28:31      2457204   1551508     38.70     42712    373172  10672836    130.75    875900    325368        16
02:28:32      2442008   1566704     39.08     42716    376752  10680764    130.84    886800    328416        80
02:28:33      2432568   1576144     39.32     42720    379724  10684796    130.89    892860    330964       124
02:28:34      2422524   1586188     39.57     42720    382908  10688900    130.94    899760    333560       152
02:28:35      2411040   1597672     39.85     42720    386512  10688900    130.94    907632    336632       172
02:28:36      2402068   1606644     40.08     42720    389720  10697020    131.04    913196    339596       204
02:28:37      2394476   1614236     40.27     42724    392688  10697020    131.04    917572    342156       228
02:28:38      2383788   1624924     40.53     42728    395196  10701076    131.09    925728    344028       256
02:28:39      2375204   1633508     40.75     42728    398544  10701076    131.09    931292    346432       288
02:28:40      2366008   1642704     40.98     42728    402012  10709116    131.19    937652    348992       316
02:28:41      2354848   1653864     41.26     42728    404808  10713140    131.24    945116    351496        20
02:28:42      2343256   1665456     41.55     42732    407528  10725164    131.39    953456    353860        72
02:28:43      2334896   1673816     41.75     42736    410488  10725164    131.39    959736    355772       124
02:28:44      2324916   1683796     42.00     42736    414020  10729144    131.44    966256    358416       156
02:28:45      2316136   1692576     42.22     42736    417312  10733072    131.48    972380    360496       180
02:28:46      2307728   1700984     42.43     42736    420088  10737040    131.53    978696    362684       220
02:28:47      2294776   1713936     42.76     42740    422660  10737040    131.53    989248    364520       244
02:28:48      2287212   1721500     42.94     42744    424872  10744964    131.63    994540    366012       260
02:28:49      2277728   1730984     43.18     42744    427380  10749044    131.68   1003308    366448       288
02:28:50      2271376   1737336     43.34     42744    429664  10749044    131.68   1007196    368012       312
02:28:51      2263728   1744984     43.53     42744    432132  10749044    131.68   1014956    367660       336
02:28:52      2254016   1754696     43.77     42748    434868  10757048    131.78   1022808    368564       368
02:28:53      2247996   1760716     43.92     42752    437172  10757048    131.78   1027292    370100       396
02:28:54      2241404   1767308     44.09     42752    439844  10761072    131.83   1031668    372320       424
02:28:55      2235228   1773484     44.24     42752    442980  10761072    131.83   1035716    374104       448
02:28:56      2230604   1778108     44.36     42752    446080  10761072    131.83   1038184    375952       464
02:28:57      2224704   1784008     44.50     42752    448740  10765068    131.88   1041736    377936       492
02:28:58      2218516   1790196     44.66     42760    450960  10765068    131.88   1046412    379068       516
02:28:59      2213788   1794924     44.78     42760    453424  10765068    131.88   1049492    380228       544
02:29:00      2209208   1799504     44.89     42760    455540  10773072    131.97   1053092    381108       556
02:29:01      2205136   1803576     44.99     42760    458072  10773072    131.97   1055812    382000       584
02:29:02      2200540   1808172     45.11     42760    460512  10773072    131.97   1059300    382560       608
02:29:03      2196612   1812100     45.20     42768    462784  10773072    131.97   1062600    382936       620
02:29:04      2193508   1815204     45.28     42768    465000  10773072    131.97   1064032    384188       640
02:29:05      2189180   1819532     45.39     42768    467160  10773072    131.97   1066648    385536       656
02:29:06      2185772   1822940     45.47     42768    469272  10773072    131.97   1068844    386432       672
02:29:07      2178776   1829936     45.65     42768    471348  10773072    131.97   1076264    386104       684
02:29:08      2174448   1834264     45.76     42776    473280  10776988    132.02   1079072    386988       704
02:29:09      2171020   1837692     45.84     42776    475416  10776988    132.02   1082364    387072       728
02:29:10      2167308   1841404     45.94     42776    477320  10776988    132.02   1084344    387992       744
02:29:11      2165080   1843632     45.99     42776    479352  10776988    132.02   1087404    388092        76
02:29:12      2161564   1847148     46.08     42776    480928  10780960    132.07   1090044    388304        92
02:29:13      2158832   1849880     46.15     42784    483188  10780960    132.07   1092876    388256       108
02:29:14      2156328   1852384     46.21     42784    485320  10780960    132.07   1093984    389456       124
02:29:15      2152896   1855816     46.29     42784    487760  10780960    132.07   1097068    389956       140
02:29:16      2149680   1859032     46.37     42792    489656  10780960    132.07   1098992    390840        84
02:29:17      2145916   1862796     46.47     42908    491724  10780960    132.07   1101260    392044       128
02:29:18      2143336   1865376     46.53     43044    493332  10780960    132.07   1103160    392988       160
02:29:19      2141228   1867484     46.59     43048    495252  10780960    132.07   1104508    393772       168
02:29:20      2138008   1870704     46.67     43052    497344  10780960    132.07   1105500    395264       176
02:29:21      2135324   1873388     46.73     43184    499840  10780960    132.07   1106756    396652       176
02:29:22      2132404   1876308     46.81     43188    501680  10780960    132.07   1108232    397832       184
02:29:23      2129724   1878988     46.87     43200    503844  10780960    132.07   1109108    399124       184
02:29:24      2127216   1881496     46.94     43208    505808  10780960    132.07   1110276    400368       188
02:29:25      2124468   1884244     47.00     43212    508124  10780960    132.07   1111392    401808       188
02:29:26      2119696   1889016     47.12     43220    510224  10780960    132.07   1114624    402856        16
02:29:27      2117164   1891548     47.19     43224    512128  10780960    132.07   1115864    404080        44
02:29:28      2114764   1893948     47.25     43240    514084  10780960    132.07   1116724    405096        44
02:29:29      2112040   1896672     47.31     43248    516160  10780960    132.07   1117464    406612        84
02:29:30      2109812   1898900     47.37     43252    518164  10780960    132.07   1118836    407660        84
02:29:31      2106952   1901760     47.44     43384    520460  10780960    132.07   1119588    409272        84
02:29:32      2104016   1904696     47.51     43392    522728  10780960    132.07   1120660    410616        84
02:29:33      2101212   1907500     47.58     43400    524556  10780960    132.07   1121844    411596        84
02:29:34      2098784   1909928     47.64     43412    526436  10780960    132.07   1122760    412604        84
02:29:35      2095948   1912764     47.72     43416    528876  10780960    132.07   1124056    413788        88
02:29:36      2093724   1914988     47.77     43424    530752  10784932    132.12   1125008    414884        88
02:29:37      2091132   1917580     47.84     43428    532964  10784932    132.12   1126172    416200        88
02:29:38      2088712   1920000     47.90     43432    535116  10788984    132.17   1127452    417088        88
02:29:39      2086132   1922580     47.96     43436    537060  10788984    132.17   1128708    418224        88
02:29:40      2083548   1925164     48.02     43436    539496  10788984    132.17   1129788    419732        88
02:29:41      2081088   1927624     48.09     43436    541640  10788984    132.17   1130668    421092        88
02:29:42      2078652   1930060     48.15     43444    544140  10788984    132.17   1131672    422368        88
02:29:43      2071704   1937008     48.32     43452    546100  10788984    132.17   1137148    423832        96
02:29:44      2069144   1939568     48.38     43452    548592  10788984    132.17   1138032    424968        96
02:29:45      2066404   1942308     48.45     43452    551228  10788984    132.17   1139116    426824        96
02:29:46      2063532   1945180     48.52     43452    553748  10788984    132.17   1140476    428356        96
02:29:47      2060356   1948356     48.60     43452    556664  10788984    132.17   1141684    430188        96
02:29:48      2056848   1951864     48.69     43460    559348  10788984    132.17   1143060    432180        96
02:29:49      2053524   1955188     48.77     43460    562348  10788984    132.17   1144624    433944       104
02:29:50      2050360   1958352     48.85     43460    565036  10788984    132.17   1145848    435660       104
02:29:51      2046756   1961956     48.94     43460    568356  10788984    132.17   1147092    438024       104
02:29:52      2043584   1965128     49.02     43460    571364  10788984    132.17   1148184    440088       104
02:29:53      2040404   1968308     49.10     43468    574444  10788984    132.17   1149360    441928       108
02:29:54      2035536   1973176     49.22     43468    577084  10788984    132.17   1152536    443816       108
02:29:55      2032300   1976412     49.30     43468    579984  10788984    132.17   1154040    445596       108
02:29:56      2028784   1979928     49.39     43468    583092  10788984    132.17   1155932    446820        96
02:29:57      2025224   1983488     49.48     43468    585864  10788984    132.17   1158076    448304       108
02:29:58      2021680   1987032     49.57     43472    588632  10788984    132.17   1160764    449288       112
02:29:59      2017616   1991096     49.67     43476    591564  10788984    132.17   1163540    450256       112
02:30:00      2014888   1993824     49.74     43476    593948  10788984    132.17   1165240    451060       112
02:30:01      2012488   1996224     49.80     43476    596744  10788984    132.17   1167596    451576        16
02:30:02      2009520   1999192     49.87     43476    599480  10788984    132.17   1169704    452488        40
02:30:03      2006520   2002192     49.95     43480    602536  10788984    132.17   1171472    453664        44
02:30:04      2003000   2005712     50.03     43484    605536  10788984    132.17   1174124    454200        76
02:30:05      1999812   2008900     50.11     43484    608536  10788984    132.17   1177008    454652        76
02:30:06      1995104   2013608     50.23     43484    613032  10788984    132.17   1180476    455968        76
02:30:07      1989460   2019252     50.37     43484    618440  10788984    132.17   1183736    458252        76
02:30:08      1984432   2024280     50.50     43488    622948  10788984    132.17   1187992    458792        76
02:30:09      1979856   2028856     50.61     43492    625628  10788984    132.17   1194532    457552        80
02:30:10      1976072   2032640     50.71     43492    628788  10788984    132.17   1200616    455224        88
02:30:11      1972036   2036676     50.81     43492    631676  10792948    132.22   1209888    449680        88
02:30:12      1970756   2037956     50.84     43492    633740  10792948    132.22   1223080    439764       104
02:30:13      1971492   2037220     50.82     43500    636544  10792948    132.22   1234224    431072       140
02:30:14      1966272   2042440     50.95     43500    639692  10792948    132.22   1268616    404596       296
02:30:15      1957156   2051556     51.18     43500    643836  10792948    132.22   1298900    380224       444
02:30:16      1950812   2057900     51.34     43500    648296  10792948    132.22   1303904    382120         0
02:30:17      1901684   2107028     52.56     43500    697692  10792948    132.22   1316764    418836       104
02:30:18      1837352   2171360     54.17     43508    762604  10792948    132.22   1334588    465876       112
02:30:19      1763856   2244856     56.00     43508    835316  10792948    132.22   1355012    518544       168
02:30:20      1735252   2273460     56.71     43508    859888  10792948    132.22   1374772    528248       260
02:30:21      1729800   2278912     56.85     43508    863640  10792948    132.22   1391536    516660       268
02:30:22      1723004   2285708     57.02     43508    866968  10792948    132.22   1417104    498296       272
02:30:23      1712432   2296280     57.28     43516    868948  10801076    132.32   1456960    464864       372
02:30:24      1712640   2296072     57.28     43516    869216  10801076    132.32   1460488    464104       536
02:30:25      1711592   2297120     57.30     43516    869292  10801076    132.32   1461556    463564       600
02:30:26      1707952   2300760     57.39     43520    869404  10801076    132.32   1501628    426788       196
02:30:27      1702248   2306464     57.54     43520    870200  10801076    132.32   1507916    425216        68
02:30:28      1701836   2306876     57.55     43528    870508  10801076    132.32   1508948    425040       136
02:30:29      1703708   2305004     57.50     43528    871340  10801032    132.32   1510516    421820       220
02:30:30      1702984   2305728     57.52     43528    871760  10801032    132.32   1513524    420356       300
02:30:31      1702208   2306504     57.54     43528    872104  10801032    132.32   1515320    419348       384
02:30:32      1699232   2309480     57.61     43528    872924  10801032    132.32   1531248    406184       424
02:30:33      1695872   2312840     57.70     43528    873220  10801032    132.32   1536044    403508       456
02:30:34      1695352   2313360     57.71     43536    873380  10801032    132.32   1537540    402868       504
02:30:35      1691124   2317588     57.81     43536    873984  10804948    132.36   1562844    380936       536
02:30:36      1690816   2317896     57.82     43540    874092  10804948    132.36   1564008    380132       172
02:30:37      1689372   2319340     57.86     43540    874288  10804948    132.36   1566308    379180       152
02:30:38      1688708   2320004     57.87     43540    874476  10804948    132.36   1574008    371240       204
02:30:39      1687648   2321064     57.90     43548    874804  10804948    132.36   1576708    370164       340
02:30:40      1687872   2320840     57.89     43548    875084  10800420    132.31   1577012    368964       400
02:30:41      1684728   2323984     57.97     43548    875488  10804468    132.36   1588636    360800       508
02:30:42      1683784   2324928     58.00     43548    875800  10804468    132.36   1591948    358888       580
02:30:43      1681568   2327144     58.05     43548    876272  10808512    132.41   1599588    353228       660
02:30:44      1676148   2332564     58.19     43556    877084  10808512    132.41   1614788    342564       716
02:30:45      1671472   2337240     58.30     43556    877692  10812424    132.46   1623180    339116       780
02:30:46      1670004   2338708     58.34     43556    877828  10812424    132.46   1626536    337740        88
02:30:47      1669684   2339028     58.35     43556    877952  10812424    132.46   1627540    336980        92
02:30:48      1667608   2341104     58.40     43556    878076  10812424    132.46   1630516    335460       136
02:30:49      1666024   2342688     58.44     43564    878148  10816380    132.50   1634148    333036       300
02:30:50      1664384   2344328     58.48     43564    878236  10820424    132.55   1638756    330532       340
02:30:51      1662832   2345880     58.52     43564    878800  10820424    132.55   1641528    329340       416
02:30:52      1660700   2348012     58.57     43564    878824  10820424    132.55   1644120    328268       456
02:30:53      1662516   2346196     58.53     43564    878896  10820424    132.55   1642656    327880       504
02:30:54      1665256   2343456     58.46     43572    879004  10815984    132.50   1640500    327024       580
02:30:55      1665460   2343252     58.45     43572    879640  10815984    132.50   1640872    326112       628
02:30:56      1659312   2349400     58.61     43572    880260  10819996    132.55   1648240    325084       672
02:30:57      1658144   2350568     58.64     43572    880480  10819996    132.55   1650496    324272       712
02:30:58      1657964   2350748     58.64     43572    880600  10819996    132.55   1651000    323584       752
02:30:59      1656760   2351952     58.67     43580    880700  10819996    132.55   1652936    322592       792
02:31:00      1656260   2352452     58.68     43580    880812  10819996    132.55   1654536    321768       864
02:31:01      1657252   2351460     58.66     43584    880932  10816052    132.50   1654708    321284         0
02:31:02      1655992   2352720     58.69     43584    881036  10816052    132.50   1656660    320420       128
02:31:03      1654356   2354356     58.73     43584    881112  10816052    132.50   1658188    319860       228
02:31:04      1654208   2354504     58.73     43592    881188  10816052    132.50   1658644    319772       408
02:31:05      1653836   2354876     58.74     43592    881308  10816052    132.50   1659688    319544       484
02:31:06      1653412   2355300     58.75     43592    881360  10816052    132.50   1660416    319148       532
02:31:07      1653016   2355696     58.76     43592    881408  10816052    132.50   1661104    318996       568
02:31:08      1651580   2357132     58.80     43592    881452  10816052    132.50   1662992    318720       584
02:31:09      1650400   2358312     58.83     43600    881492  10816052    132.50   1664520    318268       632
02:31:10      1649104   2359608     58.86     43600    881536  10816052    132.50   1666592    317788       668
02:31:11      1649152   2359560     58.86     43600    881588  10820028    132.55   1666876    317556       696
02:31:12      1648244   2360468     58.88     43600    881644  10820028    132.55   1667700    317568       744
02:31:13      1647428   2361284     58.90     43600    881672  10820028    132.55   1667920    317372       768
02:31:14      1647308   2361404     58.91     43608    881720  10820028    132.55   1668104    317340       800
02:31:15      1645772   2362940     58.95     43608    882148  10820028    132.55   1669920    317500       820
02:31:16      1645412   2363300     58.95     43608    882180  10820028    132.55   1670584    317352        88
02:31:17      1643368   2365344     59.01     43608    882224  10820028    132.55   1672488    317232        52
02:31:18      1642952   2365760     59.02     43608    882272  10820028    132.55   1673864    316772       156
02:31:19      1642116   2366596     59.04     43616    882316  10820028    132.55   1674772    316668       264
02:31:20      1643296   2365416     59.01     43616    882356  10819592    132.54   1673980    316172       288
02:31:21      1643092   2365620     59.01     43616    882400  10819592    132.54   1674684    315900       312
02:31:22      1643184   2365528     59.01     43616    882428  10819592    132.54   1675512    315744       340
02:31:23      1643436   2365276     59.00     43616    882464  10819592    132.54   1675912    315660       368
02:31:24      1644040   2364672     58.99     43624    882500  10804348    132.36   1676204    315480       404
02:31:25      1644856   2363856     58.97     43624    882516  10787296    132.15   1675788    315240       420
02:31:26      1644992   2363720     58.96     43624    882576  10772388    131.96   1675568    315036        16
02:31:27      1646288   2362424     58.93     43624    882580  10758452    131.79   1674624    315012        36
02:31:28      1647340   2361372     58.91     43624    882584  10742152    131.59   1674180    315012        40
02:31:29      1644996   2363716     58.96     43632    882588  10725668    131.39   1677288    314840       116
02:31:30      1644212   2364500     58.98     43632    882592  10709376    131.19   1678480    314812       124
02:31:31      1647524   2361188     58.90     43632    882596  10693068    130.99   1675664    314772       136
02:31:32      1648872   2359840     58.87     43632    882600  10676768    130.79   1675100    314736       140
02:31:33      1649912   2358800     58.84     43632    882728  10660576    130.60   1674284    314792       140
02:31:34      1651524   2357188     58.80     43640    882732  10644276    130.40   1673420    314776       152
02:31:35      1652592   2356120     58.77     43640    882732  10627808    130.19   1672576    314808       152
02:31:36      1654068   2354644     58.74     43644    882732  10611340    129.99   1671672    314808       156
02:31:37      1655432   2353280     58.70     43644    882740  10594896    129.79   1670656    314812        32
02:31:38      1656600   2352112     58.68     43644    882740  10578444    129.59   1669900    314712        36
02:31:39      1657932   2350780     58.64     43652    882740  10562000    129.39   1668856    314708        88
02:31:40      1659252   2349460     58.61     43652    882740  10545700    129.19   1668068    314708        92
02:31:41      1660176   2348536     58.59     43652    882740  10529400    128.99   1667392    314708        92
02:31:42      1661548   2347164     58.55     43652    882740  10513100    128.79   1666676    314688       128
02:31:43      1662620   2346092     58.52     43652    882740  10496808    128.59   1665824    314688       128
02:31:44      1663892   2344820     58.49     43660    882740  10480224    128.39   1664912    314688       136
02:31:45      1665304   2343408     58.46     43660    882744  10463924    128.19   1664092    314688       148
02:31:46      1667112   2341600     58.41     43660    882748  10447624    127.99   1662868    314696       152
02:31:47      1668628   2340084     58.37     43660    882748  10430948    127.78   1661876    314692       152
Average:      2006751   2001961     49.94     43264    642665  10484715    128.44   1271653    369855       261
