12.03
6.55
7.54
7.30
10.85
12.73
17.63
29.57
9.95
11.14
10.69
15.72
23.30
22.28
22.05
20.93
13.49
18.94
21.17
17.05
21.24
24.37
23.20
20.05
20.36
23.83
22.77
24.24
19.69
22.34
21.50
23.98
23.33
20.57
27.51
21.74
29.38
26.90
27.88
26.65
29.74
31.44
33.08
32.40
29.19
32.31
28.28
26.28
23.08
27.72
26.74
26.87
27.53
25.70
27.74
29.87
28.03
33.76
32.48
36.67
29.05
33.77
29.74
27.51
25.32
29.35
25.91
26.58
33.92
30.10
36.15
29.47
29.67
30.87
29.92
31.71
31.38
30.15
26.03
31.87
28.50
28.21
34.26
30.43
32.82
29.50
30.46
26.74
27.99
28.24
27.96
28.86
26.94
27.69
28.39
31.20
34.03
35.53
27.32
31.28
31.03
30.18
29.72
29.08
28.61
28.05
31.12
31.03
26.68
28.35
27.95
31.49
28.97
32.24
27.58
29.19
26.29
28.35
29.46
27.72
28.08
25.84
26.03
27.23
29.26
26.60
29.59
32.07
29.20
26.67
31.03
25.65
29.97
33.76
26.56
30.08
23.97
29.15
27.27
30.85
32.82
30.99
25.19
28.97
27.18
31.52
29.16
27.37
27.81
30.95
32.65
31.54
31.96
26.30
29.62
27.04
32.16
27.95
27.09
20.31
21.91
20.26
23.44
22.61
24.48
21.73
21.71
21.28
22.54
18.83
20.20
23.27
24.49
24.43
20.26
21.39
26.60
19.54
25.51
19.74
21.08
22.80
19.59
24.09
24.04
18.78
23.48
20.82
21.91
24.74
18.43
21.46
21.45
22.68
22.42
24.29
17.44
22.48
24.81
22.25
21.34
19.12
20.10
13.37
16.79
20.82
21.54
21.65
20.88
25.45
19.49
20.57
23.83
23.10
20.82
23.21
26.53
21.03
23.20
20.87
22.76
20.66
21.03
20.41
18.25
24.30
24.74
27.30
23.90
18.46
20.87
22.39
24.42
20.82
24.81
24.94
22.56
24.87
25.06
27.18
25.51
24.49
23.59
15.48
26.70
22.56
27.18
25.38
18.97
20.51
21.48
23.98
24.43
22.16
25.77
19.17
20.67
22.56
21.71
22.86
21.63
28.03
18.53
25.45
22.90
24.81
25.38
27.23
26.40
26.67
26.03
20.41
22.96
19.49
23.66
22.22
25.32
21.68
27.74
23.66
24.55
21.97
23.87
21.12
20.31
27.46
21.12
25.94
26.46
24.06
20.25
18.11
21.59
18.23
23.26
19.40
23.47
20.88
22.42
19.79
20.41
22.16
20.78
23.77
26.80
22.60
21.03
23.99
21.74
24.74
20.15
19.02
21.96
19.79
20.00
20.76
20.15
19.59
11.00
22.53
21.52
17.62
17.18
14.18
15.82
12.56
12.53
11.51
7.89
10.43
6.08
6.06
5.29
6.03
6.31
3.78
4.29
4.00
2.76
3.00
2.52
2.01
2.01
3.00
1.76
2.26
3.74
1.26
2.74
2.27
1.25
2.26
2.49
1.50
1.01
1.50
1.00
1.00
1.50
1.00
1.00
1.25
1.49
0.50
1.25
1.25
0.75
0.75
1.75
0.75
2.26
1.25
1.25
1.00
1.25
1.75
1.00
1.00
1.00
0.76
1.00
1.51
1.49
1.01
1.00
1.00
3.24
3.01
2.00
1.25
1.00
1.75
1.25
1.25
0.75
1.75
1.00
2.24
1.00
