37.63
37.64
37.66
37.72
37.86
38.15
38.14
38.16
38.20
38.24
38.29
38.53
38.99
39.42
39.52
39.60
39.67
39.78
39.91
40.14
40.39
40.89
41.42
41.54
41.63
41.76
41.91
42.02
42.10
42.17
42.25
42.34
42.41
42.50
42.73
43.05
43.69
44.26
44.93
45.49
46.19
46.91
47.61
48.35
49.01
49.72
49.90
50.00
50.12
50.20
50.31
50.36
50.42
50.48
50.55
50.66
50.83
51.19
51.85
52.56
52.77
53.32
53.34
53.39
53.44
53.50
53.57
53.69
53.88
54.23
54.89
54.90
54.92
54.92
54.92
54.92
54.94
54.95
54.97
54.96
54.96
54.95
54.95
54.93
54.94
54.93
54.90
54.89
54.90
54.88
54.89
54.88
54.87
54.86
54.85
54.83
54.82
54.83
54.87
54.93
54.93
54.95
54.99
55.01
55.03
55.03
55.07
55.12
55.11
55.09
55.12
55.15
55.23
55.40
55.39
55.40
55.41
55.43
55.41
55.39
55.39
55.38
55.37
55.37
55.33
55.35
55.34
55.32
55.30
55.29
55.26
55.26
55.24
55.21
55.22
55.23
55.25
55.33
55.46
55.80
55.81
55.81
55.80
55.78
55.79
55.78
55.77
55.78
55.78
55.78
55.79
55.83
55.92
55.91
55.93
55.94
55.95
55.93
55.91
55.91
55.89
55.87
55.86
55.85
55.84
55.82
55.80
55.78
55.76
55.74
55.72
55.70
55.69
55.67
55.65
55.63
55.61
55.59
55.57
55.56
55.54
55.51
55.50
55.48
55.46
55.44
55.42
55.40
55.38
55.36
55.34
55.32
55.30
55.28
55.27
55.25
55.22
55.20
55.18
55.16
55.14
55.12
55.10
55.08
55.06
55.04
55.03
54.99
54.98
54.97
54.94
54.93
54.91
54.88
54.86
54.85
54.83
54.81
54.79
54.76
54.75
54.73
54.71
54.69
54.67
54.65
54.63
54.61
54.59
54.57
54.55
54.53
54.51
54.49
54.47
54.45
54.44
54.41
54.39
54.38
54.36
54.33
54.31
54.29
54.28
54.26
54.24
54.22
54.20
54.18
54.16
54.14
54.12
54.09
54.07
54.05
54.04
54.00
54.00
53.97
53.95
53.93
53.92
53.89
53.88
53.86
53.84
53.82
53.80
53.77
53.75
53.73
53.72
53.70
53.68
53.65
53.63
53.61
53.58
53.56
53.55
53.52
53.50
53.48
53.44
53.44
53.42
53.40
53.37
53.35
53.33
53.31
53.29
53.26
53.25
53.23
53.21
53.19
53.16
53.15
53.13
53.14
53.09
53.11
53.09
53.04
53.03
53.01
52.98
52.96
52.94
52.92
52.90
52.88
52.86
52.84
52.82
52.80
52.78
52.75
52.73
52.70
52.68
52.66
52.64
52.61
52.60
52.57
52.55
52.53
52.50
52.48
52.45
52.43
52.41
52.40
52.38
52.35
52.33
52.32
52.29
52.27
52.25
52.23
52.21
52.19
52.17
52.15
52.13
52.11
52.08
52.06
52.04
52.02
52.00
51.97
51.95
51.93
51.91
51.89
51.87
51.85
51.83
51.81
51.78
51.76
51.74
51.72
51.70
51.68
51.66
51.64
51.62
51.60
51.58
51.56
51.54
51.52
51.50
51.47
51.45
51.43
51.41
51.38
51.36
51.34
51.32
51.29
51.26
51.26
51.23
51.21
51.19
51.17
51.14
51.12
51.10
51.08
51.06
51.04
