31.89
11.06
11.78
10.08
15.83
20.00
23.14
41.12
41.81
23.10
23.98
25.59
30.46
23.60
32.82
26.80
35.22
29.56
27.59
27.30
29.05
29.13
30.13
34.54
28.01
29.64
31.09
30.85
34.52
32.90
32.82
34.03
33.94
35.77
36.15
34.10
36.86
36.55
40.21
43.40
41.79
45.82
43.00
39.13
42.26
46.51
50.13
49.48
46.60
52.67
50.38
50.38
51.95
48.58
52.20
45.43
44.82
50.00
48.20
48.31
46.94
47.09
46.84
46.51
46.95
46.19
44.79
43.65
50.00
46.37
51.28
47.84
47.27
41.21
49.35
48.42
48.60
47.12
45.50
48.00
45.55
47.52
43.86
47.67
45.31
48.18
48.32
46.52
49.11
45.13
46.04
45.62
46.94
49.74
47.95
41.34
46.49
47.70
43.49
46.92
46.63
45.55
45.41
45.64
48.35
48.48
46.50
49.74
53.20
47.01
47.49
39.79
48.21
43.27
41.91
48.57
44.39
44.91
46.19
42.45
45.95
42.89
41.99
44.62
46.09
45.36
44.68
44.33
43.75
46.56
42.60
47.23
47.11
45.81
47.94
43.52
44.30
42.67
45.67
44.74
46.61
42.27
44.62
41.99
48.19
43.04
43.35
43.30
43.80
46.23
51.03
42.93
47.34
45.99
44.90
44.07
47.22
52.20
47.46
49.75
44.36
48.44
44.27
45.75
45.08
43.62
44.47
40.11
46.92
42.67
43.52
47.11
43.78
43.30
44.71
42.38
51.15
44.16
45.67
46.29
46.31
41.60
45.48
46.34
45.88
46.21
44.85
45.05
41.93
45.94
44.13
41.93
46.33
46.39
46.27
45.66
45.88
44.30
42.15
41.95
47.29
40.53
40.96
46.09
41.51
45.15
45.48
41.88
43.92
42.37
41.88
47.70
40.85
39.73
41.32
43.35
39.30
40.31
40.73
45.69
40.05
44.27
44.53
39.95
47.49
43.77
42.60
46.94
42.53
47.55
41.30
42.02
42.86
40.53
40.84
43.62
39.84
41.47
41.91
43.04
38.99
40.16
42.78
40.43
43.67
39.38
40.47
39.53
39.74
41.64
41.56
41.55
40.52
45.12
38.70
40.83
39.26
40.62
40.63
38.74
42.39
39.74
37.11
42.23
44.62
40.53
42.71
39.58
41.86
40.66
44.04
41.10
45.60
38.50
36.86
40.15
41.34
40.46
42.27
42.75
39.79
42.45
41.58
43.04
38.80
40.62
40.42
42.45
44.25
41.37
39.38
43.50
38.36
42.89
37.83
39.53
42.30
43.41
39.38
44.42
39.84
40.83
47.41
43.57
45.62
42.75
40.05
39.58
44.91
42.52
36.55
40.79
40.26
38.52
41.58
38.06
32.11
35.49
35.29
33.33
32.55
28.79
31.89
27.06
27.34
23.74
20.92
23.21
25.58
19.08
10.86
18.25
14.43
11.03
10.15
6.08
7.14
6.80
4.03
2.01
1.76
1.25
2.00
1.25
1.26
1.75
1.01
1.75
1.26
2.24
1.75
1.75
1.25
2.00
1.50
1.25
1.00
1.50
1.25
1.00
1.25
1.25
1.50
1.00
1.25
1.75
1.00
1.25
1.25
1.00
1.50
2.24
0.50
1.99
1.00
1.25
1.00
0.75
1.75
1.50
1.75
1.25
1.25
1.26
1.24
1.00
1.50
1.00
1.49
1.25
1.50
0.75
1.00
1.25
1.25
1.25
1.00
1.50
1.00
1.00
