49.27
49.27
49.28
49.30
49.35
49.45
49.61
49.61
49.62
49.63
49.64
49.68
49.80
49.98
50.30
50.34
50.38
50.40
50.53
50.61
50.81
51.06
51.39
51.76
51.81
51.88
51.94
51.99
52.05
52.13
52.20
52.20
52.22
52.25
52.30
52.36
52.50
52.74
53.19
53.67
54.14
54.62
55.10
55.28
55.67
56.21
56.69
57.25
57.78
58.30
58.82
59.32
59.88
60.37
60.87
60.93
60.99
61.04
61.08
61.12
61.16
61.24
61.33
61.37
61.39
61.40
61.43
61.44
61.48
61.55
61.65
61.76
61.98
61.98
61.97
62.00
62.03
62.06
62.06
62.08
62.12
62.17
62.19
62.19
62.20
62.20
62.21
62.22
62.26
62.27
62.28
62.26
62.25
62.24
62.24
62.26
62.25
62.24
62.24
62.23
62.23
62.23
62.22
62.25
62.27
62.33
62.44
62.68
63.17
63.17
63.18
63.16
63.16
63.15
63.15
63.15
63.15
63.14
63.13
63.12
63.11
63.09
63.09
63.07
63.07
63.06
63.05
63.03
63.03
63.01
63.00
62.99
62.98
63.00
62.98
63.00
63.01
63.02
63.04
63.04
63.03
63.01
63.00
63.00
62.99
63.00
63.00
62.99
62.98
62.97
62.96
62.95
62.93
62.92
62.94
62.97
63.03
63.11
63.33
63.78
63.81
63.81
63.84
63.86
63.87
63.86
63.88
63.87
63.86
63.85
63.84
63.84
63.83
63.81
63.80
63.80
63.79
63.78
63.76
63.77
63.77
63.76
63.74
63.74
63.72
63.71
63.69
63.68
63.67
63.69
63.69
63.68
63.67
63.66
63.66
63.66
63.67
63.66
63.65
63.64
63.63
63.60
63.60
63.59
63.57
63.57
63.55
63.54
63.52
63.50
63.50
63.49
63.48
63.45
63.44
63.43
63.42
63.41
63.39
63.38
63.37
63.35
63.34
63.33
63.35
63.38
63.39
63.45
63.55
63.75
63.77
63.77
63.76
63.76
63.76
63.77
63.77
63.76
63.76
63.77
63.76
63.75
63.73
63.72
63.71
63.70
63.69
63.68
63.66
63.65
63.64
63.63
63.62
63.60
63.58
63.58
63.56
63.55
63.54
63.52
63.51
63.53
63.51
63.48
63.47
63.45
63.44
63.43
63.42
63.40
63.39
63.38
63.37
63.38
63.37
63.36
63.34
63.33
63.32
63.30
63.29
63.28
63.26
63.27
63.28
63.28
63.27
63.26
63.25
63.23
63.22
63.21
63.19
63.18
63.17
63.15
63.14
63.13
63.12
63.10
63.09
63.08
63.06
63.05
63.04
63.02
63.01
63.00
62.98
62.97
62.96
62.94
62.93
62.92
62.90
62.89
62.87
62.86
62.85
62.83
62.82
62.80
62.78
62.76
62.74
62.72
62.70
62.68
62.66
62.65
62.63
62.61
62.59
62.57
62.55
62.54
62.53
62.51
62.49
62.48
62.46
62.45
62.44
62.42
62.40
62.39
62.38
62.36
62.35
62.33
62.32
62.30
62.28
62.27
62.26
62.24
62.22
62.21
62.20
62.18
62.17
62.15
62.13
62.12
62.11
62.09
62.07
62.06
62.04
62.03
62.01
62.00
61.98
61.96
61.95
61.94
61.92
61.90
61.89
61.87
61.86
61.84
61.83
61.82
61.80
61.78
61.77
61.75
61.74
61.72
61.71
61.69
61.68
61.66
61.65
61.63
61.61
61.60
61.58
61.57
