38.86
15.13
14.47
13.13
13.72
19.18
24.73
28.42
55.67
26.33
25.82
27.51
25.69
33.51
30.87
29.71
28.13
43.60
28.17
31.65
28.39
27.39
32.53
30.79
36.72
33.68
32.37
35.58
37.73
38.50
36.84
43.11
37.17
37.98
45.62
40.89
39.03
40.89
40.85
44.25
49.87
50.90
45.43
46.79
49.35
52.59
54.40
57.99
57.22
56.04
57.11
54.64
59.80
52.54
52.74
59.54
61.56
66.41
64.42
62.02
62.69
66.32
66.07
60.94
63.06
60.05
58.47
62.95
59.74
63.12
59.84
61.78
60.05
60.69
57.58
58.59
64.06
57.78
66.06
57.11
61.10
59.79
58.25
60.62
59.59
52.63
59.33
60.21
59.43
56.15
56.66
60.31
59.49
62.05
58.87
58.12
60.73
60.10
57.33
62.60
52.99
55.09
58.14
58.54
57.29
60.46
58.63
60.35
67.78
62.12
61.70
60.88
57.45
58.38
60.26
57.03
60.77
54.90
56.44
57.51
56.92
52.59
60.42
54.43
59.36
57.55
59.79
58.59
59.22
57.52
54.81
58.75
56.96
59.89
56.41
54.23
57.69
57.33
58.99
61.70
62.11
58.51
54.13
55.61
58.22
56.07
56.25
51.72
63.45
60.11
60.47
54.74
54.91
57.74
73.60
60.69
59.84
64.90
60.61
61.32
63.41
57.84
59.22
56.99
56.36
60.42
57.41
52.34
57.22
57.67
53.44
58.03
57.96
63.52
61.36
57.11
57.33
55.56
54.79
58.10
59.59
58.10
60.57
56.59
58.38
58.44
57.77
53.99
56.81
52.80
58.73
50.65
57.14
56.56
53.94
58.18
52.34
57.18
50.26
53.16
60.67
59.02
56.52
59.95
50.78
55.30
59.79
51.95
54.95
55.56
52.59
58.09
52.88
56.44
53.66
52.24
52.11
53.09
53.19
55.38
53.00
57.60
56.96
47.76
60.37
58.76
56.92
58.21
54.78
56.56
53.73
59.95
61.04
55.03
57.55
54.92
58.82
57.44
55.96
60.90
56.51
53.28
56.44
55.73
58.96
53.35
51.31
54.20
53.87
57.47
51.79
59.28
49.48
52.27
54.64
47.45
56.30
53.25
54.07
52.11
56.23
55.32
48.98
50.39
54.77
53.65
52.94
55.27
55.15
54.95
53.89
51.27
55.41
56.03
53.12
50.51
49.75
53.96
51.95
54.20
53.23
51.05
54.01
49.61
48.02
53.98
52.21
57.11
53.51
50.91
49.61
57.11
55.00
53.57
52.93
53.61
56.39
53.94
50.52
51.29
53.55
53.33
56.02
53.25
53.09
53.23
53.75
53.45
53.77
50.64
51.79
52.82
51.41
49.74
47.49
47.40
42.71
45.13
43.26
40.61
35.05
35.66
31.55
29.16
29.37
25.45
22.76
24.12
24.04
24.36
19.80
18.16
14.99
9.46
9.35
9.07
9.46
9.41
4.81
3.02
1.50
1.76
1.50
1.01
1.75
1.25
1.25
1.75
1.50
1.50
1.00
1.75
0.75
1.50
1.01
1.75
1.00
0.50
1.50
1.75
1.00
1.01
1.50
1.50
0.75
1.50
1.75
1.25
1.01
1.50
2.26
1.50
1.25
2.00
0.50
1.50
1.25
1.00
1.00
1.25
1.50
0.75
1.00
1.00
1.00
1.01
1.25
0.50
1.00
1.50
1.25
1.75
1.50
1.25
0.75
1.25
1.50
1.00
1.00
1.00
