60.58
60.59
60.60
60.61
60.66
60.76
60.93
60.94
60.94
60.96
60.97
61.01
61.14
61.36
61.71
61.74
61.77
61.78
61.82
61.86
61.92
61.96
61.99
62.03
62.05
62.05
62.06
62.07
62.09
62.11
62.12
62.13
62.12
62.12
62.12
62.13
62.18
62.24
62.35
62.55
62.94
63.36
63.71
63.83
64.30
64.78
65.26
65.80
66.35
66.89
67.40
67.92
68.43
68.90
69.08
69.55
70.09
70.61
71.16
71.68
72.20
72.72
73.24
73.33
73.35
73.39
73.45
73.53
73.62
73.66
73.68
73.69
73.70
73.71
73.72
73.72
73.73
73.74
73.74
73.76
73.79
73.80
73.79
73.79
73.79
73.79
73.77
73.79
73.80
73.80
73.79
73.79
73.78
73.77
73.76
73.75
73.74
73.72
73.73
73.73
73.73
73.72
73.73
73.74
73.77
73.83
73.93
74.16
74.66
74.65
74.65
74.65
74.65
74.64
74.65
74.65
74.64
74.63
74.64
74.63
74.62
74.61
74.60
74.60
74.59
74.58
74.56
74.56
74.54
74.53
74.52
74.51
74.50
74.48
74.47
74.48
74.50
74.53
74.51
74.53
74.53
74.52
74.52
74.50
74.49
74.49
74.51
74.50
74.49
74.47
74.47
74.45
74.44
74.44
74.42
74.45
74.49
74.54
74.64
74.85
75.31
75.33
75.32
75.32
75.33
75.33
75.34
75.34
75.34
75.33
75.32
75.32
75.30
75.29
75.29
75.28
75.27
75.26
75.24
75.23
75.22
75.21
75.20
75.19
75.17
75.16
75.15
75.14
75.14
75.13
75.12
75.11
75.10
75.08
75.07
75.06
75.05
75.03
75.02
75.01
74.99
74.98
74.97
74.96
74.94
74.93
74.92
74.91
74.89
74.88
74.87
74.86
74.84
74.83
74.82
74.80
74.79
74.79
74.77
74.77
74.76
74.75
74.74
74.71
74.70
74.69
74.68
74.69
74.72
74.76
74.87
75.06
75.41
75.51
75.51
75.52
75.53
75.53
75.52
75.52
75.52
75.51
75.51
75.50
75.48
75.47
75.46
75.45
75.44
75.43
75.42
75.40
75.40
75.38
75.37
75.35
75.35
75.33
75.32
75.31
75.30
75.29
75.27
75.27
75.25
75.24
75.23
75.21
75.20
75.19
75.18
75.17
75.15
75.14
75.14
75.13
75.14
75.12
75.11
75.10
75.08
75.07
75.06
75.05
75.04
75.03
75.01
75.00
74.99
74.98
74.97
74.95
74.94
74.93
74.91
74.89
74.88
74.87
74.86
74.85
74.83
74.82
74.81
74.80
74.78
74.77
74.76
74.73
74.73
74.71
74.70
74.69
74.67
74.66
74.65
74.64
74.62
74.61
74.60
74.58
74.57
74.54
74.53
74.51
74.49
74.47
74.45
74.42
74.40
74.38
74.37
74.35
74.33
74.31
74.30
74.28
74.26
74.24
74.23
74.21
74.20
74.19
74.17
74.16
74.14
74.13
74.12
74.10
74.08
74.07
74.05
74.04
74.02
74.01
73.99
73.98
73.96
73.95
73.93
73.92
73.90
73.89
73.87
73.86
73.84
73.83
73.81
73.80
73.78
73.77
73.75
73.73
73.72
73.70
73.69
73.67
73.66
73.64
73.63
73.61
73.60
73.58
73.56
73.55
73.53
73.52
73.50
73.49
73.47
73.46
73.44
73.43
73.41
73.40
73.42
73.38
73.36
73.35
73.33
73.32
