Linux 3.11.0-15-generic (client-HVM-domU) 	04/21/2015

12:15:45 AM kbmemfree kbmemused  %memused kbbuffers  kbcached kbswpfree kbswpused  %swpused  kbswpcad
12:15:46 AM   4684724   2195776     31.91     20844    348664   1045500         0      0.00         0
12:15:47 AM   4684160   2196340     31.92     20852    348664   1045500         0      0.00         0
12:15:48 AM   4682268   2198232     31.95     20860    348680   1045500         0      0.00         0
12:15:49 AM   4678604   2201896     32.00     20868    348692   1045500         0      0.00         0
12:15:50 AM   4671496   2209004     32.11     20876    348704   1045500         0      0.00         0
12:15:51 AM   4655856   2224644     32.33     20884    348724   1045500         0      0.00         0
12:15:52 AM   4656740   2223760     32.32     20892    348748   1045500         0      0.00         0
12:15:53 AM   4655496   2225004     32.34     20900    348820   1045500         0      0.00         0
12:15:54 AM   4653132   2227368     32.37     20908    348840   1045500         0      0.00         0
12:15:55 AM   4650704   2229796     32.41     20916    348860   1045500         0      0.00         0
12:15:56 AM   4646440   2234060     32.47     20924    348884   1045500         0      0.00         0
12:15:57 AM   4632620   2247880     32.67     20932    348908   1045500         0      0.00         0
12:15:58 AM   4607624   2272876     33.03     20940    348932   1045500         0      0.00         0
12:15:59 AM   4585484   2295016     33.36     20948    348960   1045500         0      0.00         0
12:16:00 AM   4581244   2299256     33.42     20956    349000   1045500         0      0.00         0
12:16:01 AM   4577432   2303068     33.47     20964    349044   1045500         0      0.00         0
12:16:02 AM   4573740   2306760     33.53     20972    349072   1045500         0      0.00         0
12:16:03 AM   4568540   2311960     33.60     20980    349100   1045500         0      0.00         0
12:16:04 AM   4558628   2321872     33.75     20988    349132   1045500         0      0.00         0
12:16:05 AM   4545764   2334736     33.93     20996    349164   1045500         0      0.00         0
12:16:06 AM   4527620   2352880     34.20     21004    349204   1045500         0      0.00         0
12:16:07 AM   4492736   2387764     34.70     21012    349252   1045500         0      0.00         0
12:16:08 AM   4458548   2421952     35.20     21020    349296   1045500         0      0.00         0
12:16:09 AM   4451524   2428976     35.30     21028    349332   1045500         0      0.00         0
12:16:10 AM   4445908   2434592     35.38     21036    349372   1045500         0      0.00         0
12:16:11 AM   4439856   2440644     35.47     21044    349408   1045500         0      0.00         0
12:16:12 AM   4430524   2449976     35.61     21052    349448   1045500         0      0.00         0
12:16:13 AM   4420244   2460256     35.76     21060    349500   1045500         0      0.00         0
12:16:14 AM   4413544   2466956     35.85     21068    349544   1045500         0      0.00         0
12:16:15 AM   4409788   2470712     35.91     21076    349588   1045500         0      0.00         0
12:16:16 AM   4405532   2474968     35.97     21084    349632   1045500         0      0.00         0
12:16:17 AM   4405352   2475148     35.97     21092    349684   1045500         0      0.00         0
12:16:18 AM   4403396   2477104     36.00     21100    349720   1045500         0      0.00         0
12:16:19 AM   4399140   2481360     36.06     21108    349764   1045500         0      0.00         0
12:16:20 AM   4392260   2488240     36.16     21116    349812   1045500         0      0.00         0
12:16:21 AM   4380872   2499628     36.33     21124    349860   1045500         0      0.00         0
12:16:22 AM   4361556   2518944     36.61     21132    349908   1045500         0      0.00         0
12:16:23 AM   4324680   2555820     37.15     21140    349960   1045500         0      0.00         0
12:16:24 AM   4286604   2593896     37.70     21148    350012   1045500         0      0.00         0
12:16:25 AM   4248416   2632084     38.25     21156    350064   1045500         0      0.00         0
12:16:26 AM   4208672   2671828     38.83     21164    350120   1045500         0      0.00         0
12:16:27 AM   4172044   2708456     39.36     21172    350176   1045500         0      0.00         0
12:16:28 AM   4133892   2746608     39.92     21180    350240   1045500         0      0.00         0
12:16:29 AM   4091004   2789496     40.54     21188    350304   1045500         0      0.00         0
12:16:30 AM   4048368   2832132     41.16     21196    350360   1045500         0      0.00         0
12:16:31 AM   4005160   2875340     41.79     21204    350420   1045500         0      0.00         0
12:16:32 AM   3966032   2914468     42.36     21212    350488   1045500         0      0.00         0
12:16:33 AM   3955812   2924688     42.51     21220    350556   1045500         0      0.00         0
12:16:34 AM   3950048   2930452     42.59     21228    350612   1045500         0      0.00         0
12:16:35 AM   3945352   2935148     42.66     21236    350668   1045500         0      0.00         0
12:16:36 AM   3937964   2942536     42.77     21244    350732   1045500         0      0.00         0
12:16:37 AM   3933420   2947080     42.83     21252    350792   1045500         0      0.00         0
12:16:38 AM   3930584   2949916     42.87     21260    350856   1045500         0      0.00         0
12:16:39 AM   3926348   2954152     42.94     21268    350916   1045500         0      0.00         0
12:16:40 AM   3921448   2959052     43.01     21276    351012   1045500         0      0.00         0
12:16:41 AM   3913548   2966952     43.12     21284    351068   1045500         0      0.00         0
12:16:42 AM   3908872   2971628     43.19     21292    351136   1045500         0      0.00         0
12:16:43 AM   3898472   2982028     43.34     21300    351200   1045500         0      0.00         0
12:16:44 AM   3877716   3002784     43.64     21308    351264   1045500         0      0.00         0
12:16:45 AM   3875792   3004708     43.67     21316    351328   1045500         0      0.00         0
12:16:46 AM   3873188   3007312     43.71     21324    351392   1045500         0      0.00         0
12:16:47 AM   3869812   3010688     43.76     21332    351448   1045500         0      0.00         0
12:16:48 AM   3863792   3016708     43.84     21340    351524   1045500         0      0.00         0
12:16:49 AM   3854484   3026016     43.98     21348    351592   1045500         0      0.00         0
12:16:50 AM   3832264   3048236     44.30     21356    351648   1045500         0      0.00         0
12:16:51 AM   3793284   3087216     44.87     21364    351712   1045500         0      0.00         0
12:16:52 AM   3755384   3125116     45.42     21372    351824   1045500         0      0.00         0
12:16:53 AM   3717196   3163304     45.97     21380    351896   1045500         0      0.00         0
12:16:54 AM   3677560   3202940     46.55     21388    351968   1045500         0      0.00         0
12:16:55 AM   3638064   3242436     47.13     21396    352036   1045500         0      0.00         0
12:16:56 AM   3636040   3244460     47.15     21404    352160   1045500         0      0.00         0
12:16:57 AM   3633248   3247252     47.20     21412    352228   1045500         0      0.00         0
12:16:58 AM   3630808   3249692     47.23     21420    352300   1045500         0      0.00         0
12:16:59 AM   3628968   3251532     47.26     21428    352400   1045500         0      0.00         0
12:17:00 AM   3625416   3255084     47.31     21436    352476   1045500         0      0.00         0
12:17:01 AM   3623468   3257032     47.34     21448    352536   1045500         0      0.00         0
12:17:02 AM   3621640   3258860     47.36     21456    352608   1045500         0      0.00         0
12:17:03 AM   3620548   3259952     47.38     21464    352680   1045500         0      0.00         0
12:17:04 AM   3620060   3260440     47.39     21472    352748   1045500         0      0.00         0
12:17:05 AM   3620224   3260276     47.38     21480    352816   1045500         0      0.00         0
12:17:06 AM   3619952   3260548     47.39     21488    352924   1045500         0      0.00         0
12:17:07 AM   3620364   3260136     47.38     21496    353000   1045500         0      0.00         0
12:17:08 AM   3619660   3260840     47.39     21504    353068   1045500         0      0.00         0
12:17:09 AM   3620380   3260120     47.38     21512    353200   1045500         0      0.00         0
12:17:10 AM   3620048   3260452     47.39     21520    353296   1045500         0      0.00         0
12:17:11 AM   3620748   3259752     47.38     21528    353360   1045500         0      0.00         0
12:17:12 AM   3621292   3259208     47.37     21536    353424   1045500         0      0.00         0
12:17:13 AM   3622300   3258200     47.35     21544    353492   1045500         0      0.00         0
12:17:14 AM   3622536   3257964     47.35     21552    353564   1045500         0      0.00         0
12:17:15 AM   3623420   3257080     47.34     21560    353648   1045500         0      0.00         0
12:17:16 AM   3624304   3256196     47.32     21568    353712   1045500         0      0.00         0
12:17:17 AM   3625004   3255496     47.31     21576    353788   1045500         0      0.00         0
12:17:18 AM   3625424   3255076     47.31     21584    353904   1045500         0      0.00         0
12:17:19 AM   3626092   3254408     47.30     21592    353972   1045500         0      0.00         0
12:17:20 AM   3627100   3253400     47.28     21600    354056   1045500         0      0.00         0
12:17:21 AM   3627520   3252980     47.28     21608    354140   1045500         0      0.00         0
12:17:22 AM   3628468   3252032     47.26     21616    354220   1045500         0      0.00         0
12:17:23 AM   3629260   3251240     47.25     21624    354284   1045500         0      0.00         0
12:17:24 AM   3628416   3252084     47.27     21632    354352   1045500         0      0.00         0
12:17:25 AM   3626100   3254400     47.30     21640    354432   1045500         0      0.00         0
12:17:26 AM   3621416   3259084     47.37     21648    354568   1045500         0      0.00         0
12:17:27 AM   3613820   3266680     47.48     21656    354640   1045500         0      0.00         0
12:17:28 AM   3594768   3285732     47.75     21664    354708   1045500         0      0.00         0
12:17:29 AM   3560812   3319688     48.25     21672    354780   1045500         0      0.00         0
12:17:30 AM   3556420   3324080     48.31     21680    354896   1045500         0      0.00         0
12:17:31 AM   3556520   3323980     48.31     21688    355004   1045500         0      0.00         0
12:17:32 AM   3556964   3323536     48.30     21696    355084   1045500         0      0.00         0
12:17:33 AM   3557468   3323032     48.30     21704    355168   1045500         0      0.00         0
12:17:34 AM   3558036   3322464     48.29     21712    355232   1045500         0      0.00         0
12:17:35 AM   3557764   3322736     48.29     21720    355372   1045500         0      0.00         0
12:17:36 AM   3557772   3322728     48.29     21728    355504   1045500         0      0.00         0
12:17:37 AM   3557904   3322596     48.29     21736    355588   1045500         0      0.00         0
12:17:38 AM   3558380   3322120     48.28     21744    355808   1045500         0      0.00         0
12:17:39 AM   3558520   3321980     48.28     21752    355872   1045500         0      0.00         0
12:17:40 AM   3559312   3321188     48.27     21760    355940   1045500         0      0.00         0
12:17:41 AM   3559948   3320552     48.26     21768    356012   1045500         0      0.00         0
12:17:42 AM   3560492   3320008     48.25     21776    356152   1045500         0      0.00         0
12:17:43 AM   3561556   3318944     48.24     21784    356256   1045500         0      0.00         0
12:17:44 AM   3562108   3318392     48.23     21792    356324   1045500         0      0.00         0
12:17:45 AM   3562756   3317744     48.22     21800    356392   1045500         0      0.00         0
12:17:46 AM   3564140   3316360     48.20     21808    356460   1045500         0      0.00         0
12:17:47 AM   3564744   3315756     48.19     21816    356528   1045500         0      0.00         0
12:17:48 AM   3566312   3314188     48.17     21824    356592   1045500         0      0.00         0
12:17:49 AM   3566732   3313768     48.16     21832    356660   1045500         0      0.00         0
12:17:50 AM   3567772   3312728     48.15     21840    356748   1045500         0      0.00         0
12:17:51 AM   3568564   3311936     48.14     21848    356812   1045500         0      0.00         0
12:17:52 AM   3570132   3310368     48.11     21856    356880   1045500         0      0.00         0
12:17:53 AM   3570800   3309700     48.10     21864    356948   1045500         0      0.00         0
12:17:54 AM   3571436   3309064     48.09     21872    357024   1045500         0      0.00         0
12:17:55 AM   3572352   3308148     48.08     21880    357204   1045500         0      0.00         0
12:17:56 AM   3573548   3306952     48.06     21888    357316   1045500         0      0.00         0
12:17:57 AM   3574588   3305912     48.05     21896    357412   1045500         0      0.00         0
12:17:58 AM   3575348   3305152     48.04     21904    357528   1045500         0      0.00         0
12:17:59 AM   3576420   3304080     48.02     21912    357604   1045500         0      0.00         0
12:18:00 AM   3577244   3303256     48.01     21920    357688   1045500         0      0.00         0
12:18:01 AM   3578624   3301876     47.99     21928    357752   1045500         0      0.00         0
12:18:02 AM   3579664   3300836     47.97     21936    357824   1045500         0      0.00         0
12:18:03 AM   3580548   3299952     47.96     21944    357888   1045500         0      0.00         0
12:18:04 AM   3581464   3299036     47.95     21952    357960   1045500         0      0.00         0
12:18:05 AM   3582412   3298088     47.93     21960    358116   1045500         0      0.00         0
12:18:06 AM   3583604   3296896     47.92     21968    358192   1045500         0      0.00         0
12:18:07 AM   3584524   3295976     47.90     21976    358268   1045500         0      0.00         0
12:18:08 AM   3585004   3295496     47.90     21984    358332   1045500         0      0.00         0
12:18:09 AM   3586076   3294424     47.88     21992    358400   1045500         0      0.00         0
12:18:10 AM   3587208   3293292     47.86     22000    358464   1045500         0      0.00         0
12:18:11 AM   3587124   3293376     47.87     22008    358536   1045500         0      0.00         0
12:18:12 AM   3587744   3292756     47.86     22016    358600   1045500         0      0.00         0
12:18:13 AM   3588824   3291676     47.84     22024    358680   1045500         0      0.00         0
12:18:14 AM   3589832   3290668     47.83     22032    358752   1045500         0      0.00         0
12:18:15 AM   3591632   3288868     47.80     22040    358820   1045500         0      0.00         0
12:18:16 AM   3591820   3288680     47.80     22048    358892   1045500         0      0.00         0
12:18:17 AM   3591316   3289184     47.80     22056    358972   1045500         0      0.00         0
12:18:18 AM   3591820   3288680     47.80     22064    359040   1045500         0      0.00         0
12:18:19 AM   3591828   3288672     47.80     22072    359120   1045500         0      0.00         0
12:18:20 AM   3591036   3289464     47.81     22080    359204   1045500         0      0.00         0
12:18:21 AM   3589660   3290840     47.83     22088    359268   1045500         0      0.00         0
12:18:22 AM   3585220   3295280     47.89     22096    359340   1045500         0      0.00         0
12:18:23 AM   3583704   3296796     47.92     22104    359452   1045500         0      0.00         0
12:18:24 AM   3583488   3297012     47.92     22112    359532   1045500         0      0.00         0
12:18:25 AM   3584388   3296112     47.91     22120    359600   1045500         0      0.00         0
12:18:26 AM   3583204   3297296     47.92     22128    359668   1045500         0      0.00         0
12:18:27 AM   3583468   3297032     47.92     22136    359740   1045500         0      0.00         0
12:18:28 AM   3583228   3297272     47.92     22144    359804   1045500         0      0.00         0
12:18:29 AM   3581264   3299236     47.95     22152    359876   1045500         0      0.00         0
12:18:30 AM   3577172   3303328     48.01     22160    359948   1045500         0      0.00         0
12:18:31 AM   3576640   3303860     48.02     22168    360020   1045500         0      0.00         0
12:18:32 AM   3577240   3303260     48.01     22176    360164   1045500         0      0.00         0
12:18:33 AM   3576568   3303932     48.02     22184    360240   1045500         0      0.00         0
12:18:34 AM   3574384   3306116     48.05     22192    360368   1045500         0      0.00         0
12:18:35 AM   3569664   3310836     48.12     22200    360444   1045500         0      0.00         0
12:18:36 AM   3562352   3318148     48.23     22208    360744   1045500         0      0.00         0
12:18:37 AM   3560984   3319516     48.25     22216    360820   1045500         0      0.00         0
12:18:38 AM   3559312   3321188     48.27     22224    361068   1045500         0      0.00         0
12:18:39 AM   3558256   3322244     48.28     22232    361136   1045500         0      0.00         0
12:18:40 AM   3556232   3324268     48.31     22240    361208   1045500         0      0.00         0
12:18:41 AM   3551968   3328532     48.38     22248    361296   1045500         0      0.00         0
12:18:42 AM   3550984   3329516     48.39     22256    361364   1045500         0      0.00         0
12:18:43 AM   3550848   3329652     48.39     22264    361428   1045500         0      0.00         0
12:18:44 AM   3551144   3329356     48.39     22272    361588   1045500         0      0.00         0
12:18:45 AM   3552228   3328272     48.37     22280    361656   1045500         0      0.00         0
12:18:46 AM   3553088   3327412     48.36     22288    361728   1045500         0      0.00         0
12:18:47 AM   3554392   3326108     48.34     22296    361792   1045500         0      0.00         0
12:18:48 AM   3554928   3325572     48.33     22304    361860   1045500         0      0.00         0
12:18:49 AM   3555696   3324804     48.32     22312    361948   1045500         0      0.00         0
12:18:50 AM   3556700   3323800     48.31     22320    362016   1045500         0      0.00         0
12:18:51 AM   3557588   3322912     48.29     22328    362088   1045500         0      0.00         0
12:18:52 AM   3558916   3321584     48.28     22336    362160   1045500         0      0.00         0
12:18:53 AM   3559092   3321408     48.27     22344    362280   1045500         0      0.00         0
12:18:54 AM   3560808   3319692     48.25     22352    362352   1045500         0      0.00         0
12:18:55 AM   3561796   3318704     48.23     22360    362420   1045500         0      0.00         0
12:18:56 AM   3562712   3317788     48.22     22368    362500   1045500         0      0.00         0
12:18:57 AM   3563188   3317312     48.21     22376    362572   1045500         0      0.00         0
12:18:58 AM   3564456   3316044     48.19     22384    362644   1045500         0      0.00         0
12:18:59 AM   3565520   3314980     48.18     22392    362716   1045500         0      0.00         0
12:19:00 AM   3566744   3313756     48.16     22400    362780   1045500         0      0.00         0
12:19:01 AM   3567756   3312744     48.15     22408    362852   1045500         0      0.00         0
12:19:02 AM   3568796   3311704     48.13     22416    362920   1045500         0      0.00         0
12:19:03 AM   3570092   3310408     48.11     22424    362996   1045500         0      0.00         0
12:19:04 AM   3570632   3309868     48.11     22432    363204   1045500         0      0.00         0
12:19:05 AM   3571604   3308896     48.09     22440    363268   1045500         0      0.00         0
12:19:06 AM   3572656   3307844     48.08     22448    363336   1045500         0      0.00         0
12:19:07 AM   3573744   3306756     48.06     22456    363408   1045500         0      0.00         0
12:19:08 AM   3575140   3305360     48.04     22464    363556   1045500         0      0.00         0
12:19:09 AM   3576200   3304300     48.02     22472    363628   1045500         0      0.00         0
12:19:10 AM   3577488   3303012     48.01     22480    363696   1045500         0      0.00         0
12:19:11 AM   3578868   3301632     47.99     22488    363768   1045500         0      0.00         0
12:19:12 AM   3578760   3301740     47.99     22496    363836   1045500         0      0.00         0
12:19:13 AM   3579276   3301224     47.98     22504    363904   1045500         0      0.00         0
12:19:14 AM   3579396   3301104     47.98     22512    364056   1045500         0      0.00         0
12:19:15 AM   3577844   3302656     48.00     22520    364120   1045500         0      0.00         0
12:19:16 AM   3580408   3300092     47.96     22528    364188   1045500         0      0.00         0
12:19:17 AM   3579184   3301316     47.98     22536    364256   1045500         0      0.00         0
12:19:18 AM   3581060   3299440     47.95     22544    364336   1045500         0      0.00         0
12:19:19 AM   3580624   3299876     47.96     22556    364408   1045500         0      0.00         0
12:19:20 AM   3580216   3300284     47.97     22564    364480   1045500         0      0.00         0
12:19:21 AM   3577756   3302744     48.00     22572    364600   1045500         0      0.00         0
12:19:22 AM   3578468   3302032     47.99     22580    364688   1045500         0      0.00         0
12:19:23 AM   3577724   3302776     48.00     22588    364756   1045500         0      0.00         0
12:19:24 AM   3578372   3302128     47.99     22596    364820   1045500         0      0.00         0
12:19:25 AM   3579688   3300812     47.97     22604    364896   1045500         0      0.00         0
12:19:26 AM   3580688   3299812     47.96     22612    364976   1045500         0      0.00         0
12:19:27 AM   3581480   3299020     47.95     22620    365040   1045500         0      0.00         0
12:19:28 AM   3581396   3299104     47.95     22628    365108   1045500         0      0.00         0
12:19:29 AM   3580452   3300048     47.96     22636    365180   1045500         0      0.00         0
12:19:30 AM   3581388   3299112     47.95     22644    365248   1045500         0      0.00         0
12:19:31 AM   3582396   3298104     47.93     22652    365352   1045500         0      0.00         0
12:19:32 AM   3581404   3299096     47.95     22660    365420   1045500         0      0.00         0
12:19:33 AM   3580908   3299592     47.96     22668    365488   1045500         0      0.00         0
12:19:34 AM   3581932   3298568     47.94     22676    365556   1045500         0      0.00         0
12:19:35 AM   3582972   3297528     47.93     22684    365636   1045500         0      0.00         0
12:19:36 AM   3583980   3296520     47.91     22692    365704   1045500         0      0.00         0
12:19:37 AM   3583080   3297420     47.92     22700    365772   1045500         0      0.00         0
12:19:38 AM   3584168   3296332     47.91     22708    365844   1045500         0      0.00         0
12:19:39 AM   3583896   3296604     47.91     22716    365916   1045500         0      0.00         0
12:19:40 AM   3584772   3295728     47.90     22724    365992   1045500         0      0.00         0
12:19:41 AM   3583780   3296720     47.91     22732    366056   1045500         0      0.00         0
12:19:42 AM   3584804   3295696     47.90     22740    366124   1045500         0      0.00         0
12:19:43 AM   3585720   3294780     47.89     22748    366200   1045500         0      0.00         0
12:19:44 AM   3586976   3293524     47.87     22756    366300   1045500         0      0.00         0
12:19:45 AM   3587924   3292576     47.85     22764    366372   1045500         0      0.00         0
12:19:46 AM   3588700   3291800     47.84     22772    366492   1045500         0      0.00         0
12:19:47 AM   3588740   3291760     47.84     22780    366564   1045500         0      0.00         0
12:19:48 AM   3588164   3292336     47.85     22788    366640   1045500         0      0.00         0
12:19:49 AM   3585984   3294516     47.88     22796    366712   1045500         0      0.00         0
12:19:50 AM   3580860   3299640     47.96     22804    366860   1045500         0      0.00         0
12:19:51 AM   3581856   3298644     47.94     22812    366932   1045500         0      0.00         0
12:19:52 AM   3580864   3299636     47.96     22820    367000   1045500         0      0.00         0
12:19:53 AM   3581796   3298704     47.94     22828    367076   1045500         0      0.00         0
12:19:54 AM   3582920   3297580     47.93     22836    367148   1045500         0      0.00         0
12:19:55 AM   3583612   3296888     47.92     22844    367220   1045500         0      0.00         0
12:19:56 AM   3584816   3295684     47.90     22852    367320   1045500         0      0.00         0
12:19:57 AM   3585688   3294812     47.89     22860    367380   1045500         0      0.00         0
12:19:58 AM   3586756   3293744     47.87     22868    367460   1045500         0      0.00         0
12:19:59 AM   3587756   3292744     47.86     22876    367528   1045500         0      0.00         0
12:20:00 AM   3589072   3291428     47.84     22884    367588   1045500         0      0.00         0
12:20:01 AM   3587704   3292796     47.86     22892    367668   1045500         0      0.00         0
12:20:02 AM   3586228   3294272     47.88     22900    367736   1045500         0      0.00         0
12:20:03 AM   3581828   3298672     47.94     22908    367804   1045500         0      0.00         0
12:20:04 AM   3572900   3307600     48.07     22916    367948   1045500         0      0.00         0
12:20:05 AM   3572628   3307872     48.08     22924    368012   1045500         0      0.00         0
12:20:06 AM   3572644   3307856     48.08     22932    368356   1045500         0      0.00         0
12:20:07 AM   3573924   3306576     48.06     22940    368428   1045500         0      0.00         0
12:20:08 AM   3575080   3305420     48.04     22948    368492   1045500         0      0.00         0
12:20:09 AM   3576112   3304388     48.03     22956    368556   1045500         0      0.00         0
12:20:10 AM   3577112   3303388     48.01     22964    368628   1045500         0      0.00         0
12:20:11 AM   3577524   3302976     48.00     22972    368740   1045500         0      0.00         0
12:20:12 AM   3578184   3302316     48.00     22980    368820   1045500         0      0.00         0
12:20:13 AM   3579060   3301440     47.98     22988    368936   1045500         0      0.00         0
12:20:14 AM   3580092   3300408     47.97     22996    369008   1045500         0      0.00         0
12:20:15 AM   3580944   3299556     47.96     23004    369124   1045500         0      0.00         0
12:20:16 AM   3582280   3298220     47.94     23012    369412   1045500         0      0.00         0
12:20:17 AM   3583072   3297428     47.92     23020    369448   1045500         0      0.00         0
12:20:18 AM   3583816   3296684     47.91     23028    369524   1045500         0      0.00         0
12:20:19 AM   3584764   3295736     47.90     23036    369588   1045500         0      0.00         0
12:20:20 AM   3586052   3294448     47.88     23044    369668   1045500         0      0.00         0
12:20:21 AM   3587216   3293284     47.86     23052    369736   1045500         0      0.00         0
12:20:22 AM   3588752   3291748     47.84     23060    369808   1045500         0      0.00         0
12:20:23 AM   3588792   3291708     47.84     23068    369904   1045500         0      0.00         0
12:20:24 AM   3588272   3292228     47.85     23076    370076   1045500         0      0.00         0
12:20:25 AM   3585924   3294576     47.88     23084    370148   1045500         0      0.00         0
12:20:26 AM   3582384   3298116     47.93     23092    370212   1045500         0      0.00         0
12:20:27 AM   3572868   3307632     48.07     23100    370284   1045500         0      0.00         0
12:20:28 AM   3556384   3324116     48.31     23108    370368   1045500         0      0.00         0
12:20:29 AM   3556788   3323712     48.31     23116    370436   1045500         0      0.00         0
12:20:30 AM   3556704   3323796     48.31     23124    370508   1045500         0      0.00         0
12:20:31 AM   3557456   3323044     48.30     23132    370576   1045500         0      0.00         0
12:20:32 AM   3557736   3322764     48.29     23140    370644   1045500         0      0.00         0
12:20:33 AM   3558496   3322004     48.28     23148    370720   1045500         0      0.00         0
12:20:34 AM   3559560   3320940     48.27     23156    370836   1045500         0      0.00         0
12:20:35 AM   3559756   3320744     48.26     23164    370912   1045500         0      0.00         0
12:20:36 AM   3560508   3319992     48.25     23172    371008   1045500         0      0.00         0
12:20:37 AM   3561200   3319300     48.24     23180    371092   1045500         0      0.00         0
12:20:38 AM   3562308   3318192     48.23     23188    371164   1045500         0      0.00         0
12:20:39 AM   3563628   3316872     48.21     23196    371232   1045500         0      0.00         0
12:20:40 AM   3564016   3316484     48.20     23204    371304   1045500         0      0.00         0
12:20:41 AM   3565552   3314948     48.18     23212    371404   1045500         0      0.00         0
12:20:42 AM   3566128   3314372     48.17     23220    371476   1045500         0      0.00         0
12:20:43 AM   3567292   3313208     48.15     23228    371692   1045500         0      0.00         0
12:20:44 AM   3567960   3312540     48.14     23236    371764   1045500         0      0.00         0
12:20:45 AM   3568908   3311592     48.13     23244    371836   1045500         0      0.00         0
12:20:46 AM   3570224   3310276     48.11     23252    371900   1045500         0      0.00         0
12:20:47 AM   3571420   3309080     48.09     23260    371976   1045500         0      0.00         0
12:20:49 AM   3572336   3308164     48.08     23268    372064   1045500         0      0.00         0
12:20:50 AM   3573408   3307092     48.06     23276    372136   1045500         0      0.00         0
12:20:51 AM   3574448   3306052     48.05     23284    372200   1045500         0      0.00         0
12:20:52 AM   3575488   3305012     48.03     23292    372312   1045500         0      0.00         0
12:20:53 AM   3576496   3304004     48.02     23300    372384   1045500         0      0.00         0
12:20:54 AM   3577876   3302624     48.00     23308    372456   1045500         0      0.00         0
12:20:55 AM   3578728   3301772     47.99     23316    372524   1045500         0      0.00         0
12:20:56 AM   3579648   3300852     47.97     23324    372600   1045500         0      0.00         0
12:20:57 AM   3581060   3299440     47.95     23332    372680   1045500         0      0.00         0
12:20:58 AM   3581976   3298524     47.94     23340    372752   1045500         0      0.00         0
12:20:59 AM   3583108   3297392     47.92     23348    372820   1045500         0      0.00         0
12:21:00 AM   3584172   3296328     47.91     23356    372884   1045500         0      0.00         0
12:21:01 AM   3585344   3295156     47.89     23364    372948   1045500         0      0.00         0
12:21:02 AM   3586880   3293620     47.87     23372    373016   1045500         0      0.00         0
12:21:03 AM   3588008   3292492     47.85     23380    373108   1045500         0      0.00         0
12:21:04 AM   3589208   3291292     47.84     23388    373200   1045500         0      0.00         0
12:21:05 AM   3590124   3290376     47.82     23396    373280   1045500         0      0.00         0
12:21:06 AM   3591288   3289212     47.80     23404    373340   1045500         0      0.00         0
12:21:07 AM   3592392   3288108     47.79     23412    373400   1045500         0      0.00         0
12:21:08 AM   3593744   3286756     47.77     23420    373456   1045500         0      0.00         0
12:21:09 AM   3595344   3285156     47.75     23428    373508   1045500         0      0.00         0
12:21:10 AM   3596696   3283804     47.73     23436    373572   1045500         0      0.00         0
12:21:11 AM   3597804   3282696     47.71     23444    373624   1045500         0      0.00         0
12:21:12 AM   3599408   3281092     47.69     23452    373664   1045500         0      0.00         0
12:21:13 AM   3600544   3279956     47.67     23460    373704   1045500         0      0.00         0
12:21:14 AM   3601776   3278724     47.65     23468    373740   1045500         0      0.00         0
12:21:15 AM   3603136   3277364     47.63     23476    373780   1045500         0      0.00         0
12:21:16 AM   3604584   3275916     47.61     23484    373816   1045500         0      0.00         0
12:21:17 AM   3605940   3274560     47.59     23492    373848   1045500         0      0.00         0
12:21:18 AM   3607452   3273048     47.57     23500    373876   1045500         0      0.00         0
12:21:19 AM   3608616   3271884     47.55     23508    373956   1045500         0      0.00         0
12:21:20 AM   3610000   3270500     47.53     23516    373972   1045500         0      0.00         0
12:21:21 AM   3611324   3269176     47.51     23524    373992   1045500         0      0.00         0
12:21:22 AM   3612584   3267916     47.50     23532    374012   1045500         0      0.00         0
12:21:23 AM   3614096   3266404     47.47     23540    374028   1045500         0      0.00         0
12:21:24 AM   3615316   3265184     47.46     23548    374044   1045500         0      0.00         0
12:21:25 AM   3616680   3263820     47.44     23556    374052   1045500         0      0.00         0
12:21:26 AM   3617780   3262720     47.42     23564    374076   1045500         0      0.00         0
12:21:27 AM   3619304   3261196     47.40     23572    374092   1045500         0      0.00         0
12:21:28 AM   3620532   3259968     47.38     23580    374104   1045500         0      0.00         0
12:21:29 AM   3621760   3258740     47.36     23588    374116   1045500         0      0.00         0
12:21:30 AM   3623048   3257452     47.34     23596    374128   1045500         0      0.00         0
12:21:31 AM   3624360   3256140     47.32     23604    374136   1045500         0      0.00         0
12:21:32 AM   3625404   3255096     47.31     23612    374156   1045500         0      0.00         0
12:21:33 AM   3626728   3253772     47.29     23620    374168   1045500         0      0.00         0
12:21:34 AM   3627884   3252616     47.27     23628    374176   1045500         0      0.00         0
12:21:35 AM   3628936   3251564     47.26     23636    374192   1045500         0      0.00         0
12:21:36 AM   3630048   3250452     47.24     23644    374204   1045500         0      0.00         0
12:21:37 AM   3631084   3249416     47.23     23652    374208   1045500         0      0.00         0
12:21:38 AM   3632248   3248252     47.21     23660    374220   1045500         0      0.00         0
12:21:39 AM   3633664   3246836     47.19     23668    374232   1045500         0      0.00         0
12:21:40 AM   3635068   3245432     47.17     23676    374244   1045500         0      0.00         0
12:21:41 AM   3636232   3244268     47.15     23684    374252   1045500         0      0.00         0
12:21:42 AM   3637424   3243076     47.13     23692    374252   1045500         0      0.00         0
12:21:43 AM   3638712   3241788     47.12     23700    374264   1045500         0      0.00         0
12:21:44 AM   3640016   3240484     47.10     23708    374264   1045500         0      0.00         0
12:21:45 AM   3641360   3239140     47.08     23716    374276   1045500         0      0.00         0
12:21:46 AM   3642524   3237976     47.06     23724    374280   1045500         0      0.00         0
12:21:47 AM   3643844   3236656     47.04     23732    374288   1045500         0      0.00         0
12:21:48 AM   3645348   3235152     47.02     23740    374300   1045500         0      0.00         0
12:21:49 AM   3646544   3233956     47.00     23748    374308   1045500         0      0.00         0
12:21:50 AM   3647800   3232700     46.98     23756    374316   1045500         0      0.00         0
12:21:51 AM   3648964   3231536     46.97     23764    374324   1045500         0      0.00         0
12:21:52 AM   3650036   3230464     46.95     23772    374328   1045500         0      0.00         0
12:21:53 AM   3651324   3229176     46.93     23780    374332   1045500         0      0.00         0
12:21:54 AM   3652480   3228020     46.92     23788    374336   1045500         0      0.00         0
12:21:55 AM   3653516   3226984     46.90     23796    374348   1045500         0      0.00         0
12:21:56 AM   3654940   3225560     46.88     23804    374360   1045500         0      0.00         0
12:21:57 AM   3656096   3224404     46.86     23812    374368   1045500         0      0.00         0
12:21:58 AM   3656972   3223528     46.85     23820    374376   1045500         0      0.00         0
12:21:59 AM   3657852   3222648     46.84     23828    374388   1045500         0      0.00         0
12:22:00 AM   3658640   3221860     46.83     23836    374392   1045500         0      0.00         0
12:22:01 AM   3659928   3220572     46.81     23844    374420   1045500         0      0.00         0
12:22:02 AM   3661248   3219252     46.79     23852    374420   1045500         0      0.00         0
12:22:03 AM   3662412   3218088     46.77     23860    374432   1045500         0      0.00         0
12:22:04 AM   3663008   3217492     46.76     23868    374436   1045500         0      0.00         0
12:22:05 AM   3664296   3216204     46.74     23876    374444   1045500         0      0.00         0
12:22:06 AM   3665624   3214876     46.72     23884    374452   1045500         0      0.00         0
12:22:07 AM   3666648   3213852     46.71     23892    374456   1045500         0      0.00         0
12:22:08 AM   3667816   3212684     46.69     23900    374460   1045500         0      0.00         0
12:22:09 AM   3669208   3211292     46.67     23908    374468   1045500         0      0.00         0
12:22:10 AM   3672008   3208492     46.63     23916    374468   1045500         0      0.00         0
12:22:11 AM   3673056   3207444     46.62     23924    374476   1045500         0      0.00         0
12:22:12 AM   3674088   3206412     46.60     23932    374476   1045500         0      0.00         0
12:22:13 AM   3675288   3205212     46.58     23940    374488   1045500         0      0.00         0
12:22:14 AM   3676428   3204072     46.57     23948    374480   1045500         0      0.00         0
12:22:15 AM   3677576   3202924     46.55     23956    374496   1045500         0      0.00         0
12:22:16 AM   3678236   3202264     46.54     23964    374504   1045500         0      0.00         0
12:22:17 AM   3679572   3200928     46.52     23972    374504   1045500         0      0.00         0
12:22:18 AM   3680996   3199504     46.50     23980    374508   1045500         0      0.00         0
12:22:19 AM   3681636   3198864     46.49     23988    374500   1045500         0      0.00         0
12:22:20 AM   3682824   3197676     46.47     23996    374516   1045500         0      0.00         0
12:22:21 AM   3683988   3196512     46.46     24004    374528   1045500         0      0.00         0
12:22:22 AM   3685260   3195240     46.44     24012    374528   1045500         0      0.00         0
12:22:23 AM   3686528   3193972     46.42     24020    374536   1045500         0      0.00         0
12:22:24 AM   3687720   3192780     46.40     24028    374536   1045500         0      0.00         0
12:22:25 AM   3690364   3190136     46.36     24036    374532   1045500         0      0.00         0
12:22:26 AM   3691540   3188960     46.35     24044    374548   1045500         0      0.00         0
Average:      3712030   3168470     46.05     22445    362821   1045500         0      0.00         0
