7.83
7.34
14.24
12.32
25.80
28.35
13.30
14.99
16.50
14.83
17.94
21.17
21.19
18.60
19.59
20.57
21.79
16.20
21.17
17.65
20.41
15.35
19.69
19.34
19.17
20.98
25.19
24.17
18.72
21.85
21.17
23.33
21.88
22.96
19.69
22.70
25.51
20.66
27.23
17.83
23.33
21.65
23.45
24.94
21.91
22.31
22.22
26.09
18.77
24.81
22.98
22.05
18.56
22.65
18.39
21.83
22.08
20.67
22.45
18.04
21.37
24.04
21.07
23.04
24.30
21.07
21.83
22.31
21.82
24.11
22.70
26.84
25.19
23.74
24.87
24.55
22.70
19.65
21.57
23.54
25.32
19.39
23.41
20.15
23.92
21.43
24.11
26.15
23.17
20.46
22.62
24.37
26.77
22.47
24.23
20.42
21.08
26.79
21.96
22.28
22.76
22.82
24.55
20.52
21.76
20.57
32.66
26.74
22.51
22.39
21.59
25.26
24.68
21.37
22.77
20.88
22.59
21.45
22.65
18.86
19.23
24.62
23.74
22.65
21.74
21.52
23.51
23.60
20.83
24.04
22.03
17.60
18.09
20.73
20.21
26.60
21.37
24.81
21.76
19.28
23.66
25.77
21.54
20.51
18.56
25.71
23.02
21.61
26.85
21.12
22.11
19.90
22.37
24.68
23.66
23.16
22.31
23.97
23.65
22.45
24.87
21.46
23.91
20.88
27.46
25.06
26.20
24.75
20.87
28.50
24.04
23.27
22.84
25.90
24.81
22.82
26.34
26.09
23.71
22.76
22.70
25.26
22.76
23.92
25.32
29.41
28.97
25.26
26.26
24.30
26.15
24.87
25.94
24.03
24.48
24.29
26.99
24.48
26.87
23.39
29.59
20.10
24.68
23.79
23.71
24.36
25.71
23.65
25.56
22.56
24.37
25.64
21.74
27.69
23.58
26.03
27.32
26.15
28.06
22.82
21.28
25.82
26.74
26.34
26.87
22.73
27.62
22.82
26.21
26.68
24.68
25.32
23.08
23.32
21.99
23.79
24.80
23.65
24.10
25.45
24.04
20.10
22.82
26.53
26.15
24.87
25.06
26.45
26.41
27.23
22.82
24.23
21.01
23.51
25.70
24.09
26.90
25.85
26.41
28.13
24.75
26.42
26.42
25.58
24.55
25.57
25.75
25.84
26.33
24.31
25.25
27.11
27.11
27.48
23.08
26.99
23.33
26.15
21.94
26.21
24.23
22.47
21.88
28.39
25.38
29.95
24.30
26.38
24.30
24.87
21.65
22.22
25.19
25.39
25.00
26.58
22.11
25.00
25.97
27.23
25.58
22.16
17.95
23.85
25.39
25.25
24.16
21.17
22.74
20.57
21.59
26.87
22.25
22.28
20.78
22.19
22.16
20.15
15.52
9.32
8.31
6.30
7.07
6.31
3.76
1.51
1.50
1.00
1.00
1.00
0.75
1.25
0.75
1.00
1.75
1.50
1.74
0.50
1.00
1.25
1.50
1.25
2.24
1.75
1.50
1.25
1.00
0.50
1.50
0.50
1.74
2.00
1.50
1.25
1.50
1.00
1.50
0.75
1.50
1.75
1.50
1.75
1.26
1.49
1.75
0.75
1.25
1.00
1.00
1.25
1.50
2.00
0.75
1.25
1.75
1.00
1.00
1.75
1.50
1.01
1.50
1.25
1.25
1.50
0.75
1.50
2.76
2.00
1.75
1.25
0.75
1.25
1.00
1.25
1.00
0.75
0.75
0.75
1.24
