49.14
49.16
49.23
49.35
49.32
49.32
49.31
49.30
49.28
49.25
49.23
49.20
49.18
49.16
49.17
49.17
49.25
49.23
49.24
49.24
49.22
49.22
49.21
49.21
49.20
49.18
49.17
49.15
49.16
49.15
49.14
49.12
49.11
49.10
49.08
49.06
49.04
49.02
49.00
48.99
48.97
48.95
48.93
48.92
48.89
48.88
48.86
48.84
48.82
48.80
48.78
48.76
48.74
48.72
48.70
48.69
48.68
48.66
48.64
48.62
48.60
48.58
48.56
48.54
48.53
48.51
48.49
48.47
48.45
48.43
48.41
48.37
48.36
48.35
48.32
48.30
48.27
48.25
48.24
48.22
48.20
48.19
48.18
48.15
48.13
48.11
48.09
48.05
48.03
48.02
48.00
47.98
47.96
47.94
47.92
47.90
47.88
47.85
47.84
47.81
47.80
47.78
47.76
47.74
47.73
47.70
47.68
47.66
47.65
47.63
47.61
47.57
47.54
47.53
47.51
47.49
47.48
47.45
47.43
47.45
47.42
47.40
47.38
47.35
47.34
47.32
47.29
47.25
47.24
47.22
47.20
47.19
47.17
47.15
47.13
47.11
47.09
47.07
47.05
47.03
47.01
46.99
46.97
46.95
46.93
46.90
46.88
46.86
46.84
46.83
46.78
46.76
46.74
46.72
46.70
46.68
46.66
46.64
46.62
46.60
46.58
46.55
46.53
46.52
46.49
46.47
46.46
46.45
46.43
46.41
46.39
46.37
46.35
46.33
46.31
46.29
46.27
46.24
46.22
46.20
46.17
46.15
46.13
46.11
46.09
46.06
46.04
46.02
46.00
45.98
45.96
45.95
45.92
45.90
45.87
45.86
45.84
45.81
45.80
45.78
45.75
45.73
45.71
45.69
45.67
45.65
45.64
45.61
45.59
45.57
45.55
45.53
45.51
45.49
45.47
45.45
45.43
45.41
45.39
45.37
45.34
45.32
45.30
45.28
45.27
45.25
45.23
45.20
45.18
45.16
45.14
45.12
45.10
45.08
45.06
45.03
45.01
44.99
44.98
44.96
44.93
44.91
44.89
44.87
44.85
44.83
44.81
44.79
44.78
44.76
44.73
44.71
44.68
44.66
44.65
44.63
44.61
44.58
44.56
44.55
44.52
44.51
44.49
44.47
44.44
44.42
44.39
44.38
44.36
44.33
44.32
44.29
44.27
44.25
44.23
44.21
44.18
44.17
44.15
44.13
44.11
44.09
44.07
44.04
44.02
44.00
43.98
43.96
43.95
43.92
43.91
43.89
43.87
43.84
43.82
43.80
43.78
43.76
43.74
43.72
43.70
43.68
43.65
43.63
43.61
43.59
43.57
43.55
43.52
43.51
43.49
43.46
43.44
43.42
43.40
43.38
43.35
43.33
43.30
43.28
43.25
43.23
43.21
43.18
43.17
43.14
43.12
43.10
43.08
43.06
43.04
43.02
42.99
42.97
42.95
42.93
42.91
42.89
42.87
42.84
42.82
42.80
42.78
42.76
42.73
42.71
42.69
42.67
42.65
42.63
42.61
42.59
42.57
42.54
42.52
42.50
42.48
42.46
42.44
42.41
42.39
42.37
42.35
42.33
42.30
42.28
42.26
42.24
42.22
42.20
42.18
42.15
42.13
42.11
42.09
42.06
42.04
42.02
42.00
41.98
41.96
41.94
41.91
41.89
41.87
41.85
41.83
41.81
41.78
41.76
41.74
41.72
41.70
41.67
41.65
41.63
41.66
41.59
41.61
41.58
