48.74
42.93
16.20
20.61
19.10
18.75
27.11
33.17
33.16
54.64
25.59
23.99
24.93
35.23
36.49
29.84
36.73
35.26
50.13
35.43
39.47
40.68
44.74
49.21
48.05
48.53
48.30
48.67
50.66
58.89
53.68
56.46
57.44
60.11
66.49
63.12
56.41
60.61
61.27
63.99
72.24
67.94
70.38
69.82
74.94
77.04
72.98
77.55
77.84
82.53
80.67
76.44
79.79
80.30
81.86
78.43
82.56
80.10
86.08
81.95
86.72
86.03
87.98
78.46
87.66
91.37
87.69
88.16
80.63
82.81
82.41
84.20
87.66
83.04
87.15
85.60
85.53
85.93
84.01
80.94
88.83
83.04
82.99
85.19
81.49
79.28
80.52
84.73
81.42
81.04
84.10
84.73
84.06
88.27
85.01
87.72
85.19
81.35
80.88
84.24
80.05
77.30
83.33
85.82
87.44
86.15
84.69
83.63
89.77
82.86
88.95
84.55
88.21
85.86
84.10
84.95
85.64
84.18
86.18
87.21
88.32
87.09
88.24
82.91
91.14
89.00
87.76
81.82
85.09
91.58
86.26
85.60
81.87
90.21
86.33
80.51
86.20
88.72
86.82
85.64
87.66
88.04
81.27
81.84
89.70
82.40
86.48
88.83
88.72
88.04
83.12
87.50
86.15
85.90
84.89
81.38
83.67
86.92
89.45
84.83
83.50
81.14
85.13
83.85
85.20
87.37
82.47
90.13
86.41
83.12
82.08
90.10
85.23
88.40
88.04
85.79
86.48
88.75
88.55
84.32
84.28
84.75
81.87
88.14
87.47
84.54
84.02
86.12
86.42
82.73
86.12
80.56
83.85
86.38
88.95
82.98
89.09
86.22
82.51
79.47
78.76
84.36
84.75
78.10
82.51
79.18
85.50
81.35
76.44
82.90
81.79
83.73
84.91
84.73
86.80
86.86
81.84
83.72
84.42
87.24
81.49
81.70
89.74
74.35
82.35
87.59
87.44
86.04
83.98
80.36
82.66
79.43
81.66
82.87
84.40
81.35
79.45
82.53
81.73
84.99
85.35
86.41
81.44
86.08
83.67
82.47
84.50
81.54
82.78
80.15
81.95
79.79
84.40
79.95
82.44
80.46
85.90
81.63
77.10
85.20
79.54
82.77
78.65
76.47
85.38
84.91
79.54
79.37
85.49
85.24
85.35
85.03
82.26
81.07
77.04
78.35
79.59
83.93
80.52
87.66
77.75
85.01
80.52
89.74
79.54
83.76
80.83
82.47
80.05
81.79
81.30
88.75
81.40
83.98
81.51
80.95
75.92
80.36
78.65
76.09
86.48
73.75
79.22
79.90
74.29
76.70
80.00
81.49
78.61
78.44
73.63
77.28
74.35
73.37
74.68
72.52
66.93
68.83
61.40
59.90
57.03
53.93
44.47
39.33
32.22
31.71
25.64
24.74
26.36
24.42
19.90
18.30
17.01
13.30
12.76
9.87
8.67
7.67
7.87
5.84
2.76
2.00
1.26
1.50
1.00
1.25
1.50
1.25
1.50
1.00
0.50
1.74
1.51
3.75
2.00
2.25
1.25
1.50
3.26
1.50
1.75
1.25
1.50
1.25
1.25
2.01
1.24
1.01
1.50
1.50
1.25
1.00
2.24
1.50
2.00
2.00
1.51
1.25
1.25
2.00
1.50
1.50
2.00
1.25
2.01
1.25
1.75
1.50
1.25
1.00
1.50
1.50
1.50
1.00
1.00
1.50
1.75
1.75
1.74
0.75
