83.45
83.48
83.47
83.49
83.50
83.56
83.62
83.62
83.62
83.62
83.64
83.65
83.70
83.78
83.81
83.80
83.82
83.81
83.82
83.83
83.84
83.87
83.88
83.87
83.87
83.87
83.87
83.87
83.86
83.85
83.85
83.84
83.82
83.81
83.81
83.79
83.82
83.85
83.89
83.99
84.20
84.40
84.66
85.10
85.55
85.99
86.45
86.94
87.45
87.95
88.27
88.55
89.06
89.56
90.10
90.63
91.13
91.42
91.72
92.24
92.76
93.25
93.80
94.22
94.52
94.89
95.42
95.95
96.02
96.09
96.13
96.14
96.17
96.19
96.21
96.22
96.23
96.23
96.27
96.31
96.38
96.49
96.50
96.51
96.51
96.50
96.51
96.52
96.51
96.51
96.51
96.50
96.49
96.49
96.48
96.48
96.47
96.48
96.46
96.49
96.51
96.56
96.66
96.80
96.93
97.40
97.40
97.41
97.39
97.40
97.39
97.38
97.39
97.40
97.39
97.38
97.38
97.37
97.36
97.35
97.35
97.34
97.32
97.31
97.31
97.30
97.29
97.28
97.27
97.25
97.24
97.24
97.22
97.21
97.20
97.19
97.18
97.17
97.15
97.15
97.14
97.15
97.18
97.23
97.34
97.34
97.33
97.32
97.32
97.30
97.30
97.31
97.35
97.40
97.41
97.43
97.46
97.53
97.65
97.88
97.89
97.91
97.94
98.01
98.13
98.38
98.39
98.39
98.38
98.37
98.37
98.36
98.36
98.35
98.34
98.33
98.32
98.31
98.30
98.29
98.28
98.27
98.28
98.27
98.29
98.29
98.28
98.26
98.24
98.23
98.22
98.22
98.21
98.20
98.19
98.17
98.16
98.15
98.14
98.15
98.15
98.12
98.11
98.09
98.08
98.07
98.06
98.05
98.03
98.02
98.01
98.00
97.98
97.97
97.96
97.95
97.93
97.92
97.91
97.89
97.89
97.87
97.86
97.85
97.84
97.82
97.81
97.80
97.79
97.77
97.77
97.78
97.81
97.87
97.97
97.97
98.00
98.02
98.02
98.01
98.00
97.99
97.98
97.97
97.96
97.95
97.93
97.92
97.90
97.90
97.89
97.87
97.86
97.85
97.83
97.82
97.81
97.83
97.86
97.89
97.89
97.88
97.87
97.87
97.85
97.84
97.83
97.82
97.80
97.79
97.78
97.77
97.76
97.76
97.78
97.81
97.84
97.89
97.89
97.88
97.87
97.87
97.86
97.86
97.84
97.83
97.82
97.80
97.79
97.79
97.77
97.76
97.75
97.74
97.72
97.71
97.70
97.69
97.67
97.67
97.66
97.65
97.63
97.63
97.61
97.60
97.58
97.58
97.56
97.55
97.54
97.53
97.52
97.51
97.49
97.48
97.47
97.46
97.43
97.42
97.40
97.39
97.37
97.35
97.32
97.29
97.27
97.25
97.24
97.21
97.19
97.17
97.15
97.13
97.12
97.08
97.06
97.05
97.04
97.03
97.01
97.00
97.01
96.98
96.97
96.96
96.94
96.93
96.91
96.90
96.88
96.84
96.83
96.82
96.80
96.79
96.77
96.76
96.74
96.74
96.73
96.71
96.70
96.68
96.67
96.65
96.63
96.62
96.59
96.57
96.56
96.55
96.54
96.53
96.51
96.49
96.48
96.47
96.45
96.44
96.42
96.41
96.39
96.38
96.34
96.33
96.31
96.30
96.30
96.29
96.27
96.25
96.24
96.23
96.21
96.20
96.18
96.17
96.15
96.14
