44.16
45.21
46.71
48.82
50.82
53.40
55.36
55.24
55.22
55.10
54.84
57.53
59.34
60.63
62.24
64.36
66.99
68.04
68.58
68.95
69.34
69.40
69.37
69.54
70.50
71.32
72.20
74.38
76.32
79.86
84.46
86.56
88.27
89.18
90.12
91.13
92.17
92.77
93.46
94.69
95.82
96.40
96.26
96.62
96.11
96.37
96.23
96.39
96.41
96.23
96.59
96.31
96.19
96.44
96.28
96.27
96.27
96.64
96.38
96.56
96.35
96.44
96.37
96.44
96.49
96.59
96.64
96.21
96.26
96.39
96.73
96.30
96.20
96.32
96.56
96.39
96.65
96.19
96.39
96.56
96.66
96.75
96.10
96.08
96.28
96.15
96.33
96.33
96.17
96.17
96.42
96.21
96.13
96.12
96.19
96.26
96.06
96.26
96.55
96.57
96.36
96.13
96.22
96.18
96.32
96.29
96.21
96.31
95.95
95.98
95.95
95.49
95.27
95.00
94.67
94.38
94.10
94.01
94.11
94.22
94.22
94.49
94.47
94.48
94.55
94.66
94.77
94.98
94.90
95.02
95.09
95.21
95.43
95.58
95.72
95.82
95.75
95.97
96.13
96.29
96.04
96.01
96.10
96.32
96.24
96.45
96.21
96.36
96.15
96.32
96.41
96.21
96.20
96.21
96.24
96.19
96.25
96.23
96.18
96.29
96.07
96.19
95.99
96.20
96.22
96.49
96.72
96.80
96.58
96.63
96.70
96.85
96.77
96.61
96.66
96.46
96.45
96.38
96.47
96.34
96.30
95.92
96.13
96.13
96.19
96.27
96.22
96.49
96.19
96.45
96.09
96.06
96.06
96.05
96.08
95.97
96.16
96.14
96.09
96.28
96.24
96.48
96.18
96.09
96.22
96.27
96.19
96.13
96.11
96.27
96.32
96.44
96.26
96.43
96.75
96.10
96.22
96.14
96.26
96.11
96.34
96.15
96.18
96.19
96.09
96.14
96.21
96.19
96.22
96.24
96.28
96.25
96.30
96.18
96.10
96.08
96.05
96.08
95.96
95.95
95.92
95.29
95.06
94.46
94.22
93.92
93.82
93.86
93.84
94.08
94.17
94.17
94.05
94.08
94.19
94.38
94.54
94.74
94.81
94.80
94.81
94.83
94.89
94.99
95.04
95.06
95.09
95.17
95.14
95.18
95.14
95.08
95.12
95.13
95.09
95.20
95.21
95.31
95.33
95.40
95.34
95.26
95.26
95.31
