0
2
3
6
8
10
17
8
6
0
0
0
16
27
21
27
32
30
27
25
26
11
9
9
18
27
26
33
29
34
42
61
71
72
75
84
82
80
81
80
62
60
62
60
57
59
59
64
57
57
58
61
62
55
59
53
51
51
51
49
50
61
59
49
50
48
49
53
45
47
49
49
51
49
54
56
51
60
53
57
55
53
53
55
53
52
50
50
50
46
52
47
52
51
53
53
48
49
48
51
52
52
52
52
51
50
60
63
51
51
52
58
54
53
52
60
60
60
60
71
74
71
74
76
80
80
76
76
79
77
77
76
76
79
80
80
80
77
75
75
75
72
69
71
70
73
74
74
77
76
75
75
58
58
59
58
59
58
61
68
65
64
62
62
59
61
61
59
60
60
60
59
57
55
56
56
57
54
57
55
60
60
61
61
56
58
56
54
51
53
48
50
51
54
49
58
55
57
67
56
