20.46
8.10
10.58
8.82
16.30
15.73
26.58
42.97
16.24
18.56
16.54
23.02
23.06
29.82
29.49
28.57
27.95
20.41
27.18
25.45
29.67
34.43
34.60
29.12
23.79
25.52
27.34
26.41
28.28
28.87
26.79
27.84
29.77
30.48
31.06
27.78
29.44
31.81
35.90
34.69
34.02
36.69
34.86
35.61
38.62
38.72
40.66
40.46
43.97
42.50
44.85
44.36
37.15
34.62
37.95
40.05
36.90
38.14
37.31
35.64
37.44
38.48
37.88
40.55
41.12
43.81
35.20
34.03
39.69
36.76
38.73
40.31
38.46
34.10
38.32
40.51
38.04
37.44
40.51
36.62
36.72
40.10
35.62
38.36
37.08
34.95
38.32
39.90
37.44
33.08
37.47
38.01
40.20
36.60
38.80
38.44
37.08
38.11
39.29
37.85
34.27
38.64
37.82
36.88
35.49
36.10
33.59
38.40
37.12
42.61
42.64
39.74
36.55
36.25
36.43
37.24
35.84
40.87
37.37
34.81
36.60
34.27
37.14
42.45
33.94
38.04
38.76
37.44
32.55
38.46
32.38
36.55
35.58
39.19
36.86
35.75
37.82
35.26
37.60
36.76
40.51
37.50
37.60
34.45
41.67
38.11
38.01
36.41
35.77
36.20
39.04
35.59
38.77
42.54
38.36
39.14
45.06
36.72
36.62
36.76
34.46
35.97
39.19
38.07
37.31
36.79
37.37
34.03
36.18
36.93
36.18
34.46
33.33
35.11
37.15
36.87
37.53
34.62
40.00
36.25
34.52
36.60
35.04
37.08
34.94
41.88
34.73
36.18
32.06
36.27
33.07
34.11
34.81
34.87
34.56
34.46
32.38
35.58
35.62
33.76
36.36
34.60
38.17
32.99
33.68
34.44
35.44
34.61
35.82
37.66
37.28
37.40
35.57
35.34
34.46
32.06
32.81
33.68
34.87
36.25
36.27
33.60
36.95
36.80
35.29
36.36
34.19
34.97
37.40
33.68
32.98
34.11
32.99
34.87
35.55
35.43
35.79
32.90
36.01
38.76
33.68
36.15
34.19
34.29
36.39
34.86
34.82
37.34
32.73
37.43
32.04
31.28
33.85
31.96
33.42
35.94
34.60
32.47
33.94
34.26
31.33
33.33
29.50
32.04
34.46
32.47
36.46
33.42
36.43
33.77
27.70
37.59
36.06
34.43
31.27
32.74
34.44
30.33
35.23
34.61
34.09
31.81
34.02
33.42
32.30
34.28
35.89
34.53
32.63
34.53
34.53
36.10
36.25
34.87
35.40
33.33
35.99
32.72
31.87
33.94
33.77
36.32
32.48
34.81
38.73
36.01
32.99
35.81
37.56
35.16
33.94
36.81
32.73
35.94
34.63
36.01
31.89
30.15
31.70
29.31
31.04
30.20
29.34
25.64
26.22
21.28
21.34
23.65
21.71
21.48
18.07
13.95
15.78
12.24
11.54
9.90
7.11
3.78
3.76
2.51
4.53
3.02
3.26
2.00
3.00
2.76
2.26
2.75
2.00
1.50
1.75
1.51
1.76
2.24
1.25
1.25
0.75
1.00
1.25
1.25
0.75
1.25
4.74
0.75
1.50
1.50
2.24
1.25
1.00
1.75
1.25
1.00
1.50
2.24
0.75
2.24
1.00
1.50
1.25
2.00
2.01
4.76
1.25
1.00
2.00
1.75
1.50
1.25
1.25
1.25
1.25
1.25
1.25
1.00
2.26
2.49
0.75
1.75
1.75
1.75
