Linux 3.11.0-15-generic (client-HVM-domU) 	04/21/2015

12:23:29 AM kbmemfree kbmemused  %memused kbbuffers  kbcached kbswpfree kbswpused  %swpused  kbswpcad
12:23:30 AM   3770248   3110252     45.20     24168    373080   1045500         0      0.00         0
12:23:31 AM   3770192   3110308     45.20     24176    373100   1045500         0      0.00         0
12:23:32 AM   3769368   3111132     45.22     24184    373116   1045500         0      0.00         0
12:23:33 AM   3768156   3112344     45.23     24192    373136   1045500         0      0.00         0
12:23:34 AM   3765032   3115468     45.28     24200    373164   1045500         0      0.00         0
12:23:35 AM   3757832   3122668     45.38     24208    373184   1045500         0      0.00         0
12:23:36 AM   3742956   3137544     45.60     24216    373216   1045500         0      0.00         0
12:23:37 AM   3742792   3137708     45.60     24224    373284   1045500         0      0.00         0
12:23:38 AM   3740200   3140300     45.64     24232    373356   1045500         0      0.00         0
12:23:39 AM   3739160   3141340     45.66     24240    373384   1045500         0      0.00         0
12:23:40 AM   3736136   3144364     45.70     24248    373416   1045500         0      0.00         0
12:23:41 AM   3729268   3151232     45.80     24256    373448   1045500         0      0.00         0
12:23:42 AM   3718220   3162280     45.96     24264    373480   1045500         0      0.00         0
12:23:43 AM   3692344   3188156     46.34     24272    373520   1045500         0      0.00         0
12:23:44 AM   3665184   3215316     46.73     24280    373560   1045500         0      0.00         0
12:23:45 AM   3662000   3218500     46.78     24288    373620   1045500         0      0.00         0
12:23:46 AM   3657120   3223380     46.85     24296    373684   1045500         0      0.00         0
12:23:47 AM   3651804   3228696     46.93     24304    373728   1045500         0      0.00         0
12:23:48 AM   3641684   3238816     47.07     24312    373768   1045500         0      0.00         0
12:23:49 AM   3628296   3252204     47.27     24320    373816   1045500         0      0.00         0
12:23:50 AM   3602768   3277732     47.64     24328    373868   1045500         0      0.00         0
12:23:51 AM   3569336   3311164     48.12     24336    373920   1045500         0      0.00         0
12:23:52 AM   3537020   3343480     48.59     24344    373984   1045500         0      0.00         0
12:23:53 AM   3532672   3347828     48.66     24352    374048   1045500         0      0.00         0
12:23:54 AM   3526996   3353504     48.74     24360    374108   1045500         0      0.00         0
12:23:55 AM   3519036   3361464     48.85     24368    374164   1045500         0      0.00         0
12:23:56 AM   3515324   3365176     48.91     24376    374232   1045500         0      0.00         0
12:23:57 AM   3505220   3375280     49.06     24384    374288   1045500         0      0.00         0
12:23:58 AM   3500096   3380404     49.13     24392    374352   1045500         0      0.00         0
12:23:59 AM   3496416   3384084     49.18     24400    374420   1045500         0      0.00         0
12:24:00 AM   3494844   3385656     49.21     24408    374484   1045500         0      0.00         0
12:24:01 AM   3492940   3387560     49.23     24416    374552   1045500         0      0.00         0
12:24:02 AM   3489972   3390528     49.28     24424    374624   1045500         0      0.00         0
12:24:03 AM   3486688   3393812     49.33     24432    374688   1045500         0      0.00         0
12:24:04 AM   3482308   3398192     49.39     24440    374760   1045500         0      0.00         0
12:24:05 AM   3475632   3404868     49.49     24448    374824   1045500         0      0.00         0
12:24:06 AM   3463664   3416836     49.66     24456    374888   1045500         0      0.00         0
12:24:07 AM   3443952   3436548     49.95     24464    374956   1045500         0      0.00         0
12:24:08 AM   3407632   3472868     50.47     24472    375032   1045500         0      0.00         0
12:24:09 AM   3369704   3510796     51.03     24480    375100   1045500         0      0.00         0
12:24:10 AM   3360576   3519924     51.16     24488    375172   1045500         0      0.00         0
12:24:11 AM   3326192   3554308     51.66     24496    375252   1045500         0      0.00         0
12:24:12 AM   3287184   3593316     52.22     24504    375344   1045500         0      0.00         0
12:24:13 AM   3250456   3630044     52.76     24512    375416   1045500         0      0.00         0
12:24:14 AM   3208072   3672428     53.37     24520    375496   1045500         0      0.00         0
12:24:15 AM   3167156   3713344     53.97     24528    375572   1045500         0      0.00         0
12:24:16 AM   3123100   3757400     54.61     24536    375656   1045500         0      0.00         0
12:24:17 AM   3083392   3797108     55.19     24544    375740   1045500         0      0.00         0
12:24:18 AM   3040712   3839788     55.81     24552    375864   1045500         0      0.00         0
12:24:19 AM   2999044   3881456     56.41     24560    375952   1045500         0      0.00         0
12:24:20 AM   2957108   3923392     57.02     24568    376060   1045500         0      0.00         0
12:24:21 AM   2914796   3965704     57.64     24576    376208   1045500         0      0.00         0
12:24:22 AM   2906476   3974024     57.76     24584    376304   1045500         0      0.00         0
12:24:23 AM   2901624   3978876     57.83     24592    376384   1045500         0      0.00         0
12:24:24 AM   2895020   3985480     57.92     24600    376468   1045500         0      0.00         0
12:24:25 AM   2885224   3995276     58.07     24608    376548   1045500         0      0.00         0
12:24:26 AM   2873520   4006980     58.24     24616    376636   1045500         0      0.00         0
12:24:27 AM   2866600   4013900     58.34     24624    376728   1045500         0      0.00         0
12:24:28 AM   2864364   4016136     58.37     24632    376816   1045500         0      0.00         0
12:24:29 AM   2861360   4019140     58.41     24640    376900   1045500         0      0.00         0
12:24:30 AM   2859208   4021292     58.44     24648    376992   1045500         0      0.00         0
12:24:31 AM   2855296   4025204     58.50     24656    377084   1045500         0      0.00         0
12:24:32 AM   2849224   4031276     58.59     24664    377168   1045500         0      0.00         0
12:24:33 AM   2837092   4043408     58.77     24672    377260   1045500         0      0.00         0
12:24:34 AM   2816880   4063620     59.06     24680    377352   1045500         0      0.00         0
12:24:35 AM   2789820   4090680     59.45     24688    377444   1045500         0      0.00         0
12:24:36 AM   2774940   4105560     59.67     24696    377536   1045500         0      0.00         0
12:24:37 AM   2775032   4105468     59.67     24704    377620   1045500         0      0.00         0
12:24:38 AM   2773888   4106612     59.68     24712    377716   1045500         0      0.00         0
12:24:39 AM   2772492   4108008     59.71     24720    377836   1045500         0      0.00         0
12:24:40 AM   2769196   4111304     59.75     24728    377928   1045500         0      0.00         0
12:24:41 AM   2765560   4114940     59.81     24736    378016   1045500         0      0.00         0
12:24:42 AM   2764536   4115964     59.82     24744    378120   1045500         0      0.00         0
12:24:43 AM   2763036   4117464     59.84     24752    378204   1045500         0      0.00         0
12:24:44 AM   2762788   4117712     59.85     24760    378292   1045500         0      0.00         0
12:24:45 AM   2763048   4117452     59.84     24768    378388   1045500         0      0.00         0
12:24:46 AM   2762068   4118432     59.86     24776    378476   1045500         0      0.00         0
12:24:47 AM   2758680   4121820     59.91     24784    378576   1045500         0      0.00         0
12:24:48 AM   2758620   4121880     59.91     24792    378724   1045500         0      0.00         0
12:24:49 AM   2757880   4122620     59.92     24800    378812   1045500         0      0.00         0
12:24:50 AM   2755288   4125212     59.96     24808    378892   1045500         0      0.00         0
12:24:51 AM   2753076   4127424     59.99     24816    378984   1045500         0      0.00         0
12:24:52 AM   2748276   4132224     60.06     24824    379072   1045500         0      0.00         0
12:24:53 AM   2747656   4132844     60.07     24832    379164   1045500         0      0.00         0
12:24:54 AM   2748344   4132156     60.06     24840    379264   1045500         0      0.00         0
12:24:55 AM   2749068   4131432     60.05     24848    379372   1045500         0      0.00         0
12:24:56 AM   2749320   4131180     60.04     24856    379476   1045500         0      0.00         0
12:24:58 AM   2749604   4130896     60.04     24864    379568   1045500         0      0.00         0
12:24:58 AM   2748416   4132084     60.05     24872    379648   1045500         0      0.00         0
12:24:59 AM   2745736   4134764     60.09     24880    379732   1045500         0      0.00         0
12:25:00 AM   2744564   4135936     60.11     24888    379820   1045500         0      0.00         0
12:25:01 AM   2746032   4134468     60.09     24896    379912   1045500         0      0.00         0
12:25:02 AM   2744416   4136084     60.11     24904    380008   1045500         0      0.00         0
12:25:03 AM   2743896   4136604     60.12     24912    380140   1045500         0      0.00         0
12:25:04 AM   2744812   4135688     60.11     24920    380240   1045500         0      0.00         0
12:25:05 AM   2743756   4136744     60.12     24928    380468   1045500         0      0.00         0
12:25:06 AM   2744076   4136424     60.12     24936    380596   1045500         0      0.00         0
12:25:07 AM   2744896   4135604     60.11     24944    380688   1045500         0      0.00         0
12:25:08 AM   2743000   4137500     60.13     24952    380772   1045500         0      0.00         0
12:25:10 AM   2741468   4139032     60.16     24960    380872   1045500         0      0.00         0
12:25:11 AM   2736468   4144032     60.23     24968    380960   1045500         0      0.00         0
12:25:12 AM   2727168   4153332     60.36     24976    381048   1045500         0      0.00         0
12:25:13 AM   2726304   4154196     60.38     24984    381284   1045500         0      0.00         0
12:25:14 AM   2726640   4153860     60.37     24992    381372   1045500         0      0.00         0
12:25:15 AM   2726652   4153848     60.37     25000    381480   1045500         0      0.00         0
12:25:16 AM   2729288   4151212     60.33     25008    381568   1045500         0      0.00         0
12:25:17 AM   2728180   4152320     60.35     25016    381728   1045500         0      0.00         0
12:25:18 AM   2727088   4153412     60.36     25024    381824   1045500         0      0.00         0
12:25:19 AM   2723956   4156544     60.41     25032    381920   1045500         0      0.00         0
12:25:20 AM   2719024   4161476     60.48     25040    382388   1045500         0      0.00         0
12:25:21 AM   2708756   4171744     60.63     25048    382492   1045500         0      0.00         0
12:25:22 AM   2689896   4190604     60.91     25056    382592   1045500         0      0.00         0
12:25:23 AM   2689360   4191140     60.91     25064    382896   1045500         0      0.00         0
12:25:24 AM   2690276   4190224     60.90     25072    382948   1045500         0      0.00         0
12:25:25 AM   2690652   4189848     60.89     25080    383048   1045500         0      0.00         0
12:25:26 AM   2688948   4191552     60.92     25088    383132   1045500         0      0.00         0
12:25:27 AM   2689736   4190764     60.91     25096    383224   1045500         0      0.00         0
12:25:28 AM   2689584   4190916     60.91     25104    383312   1045500         0      0.00         0
12:25:29 AM   2689784   4190716     60.91     25112    383408   1045500         0      0.00         0
12:25:30 AM   2690912   4189588     60.89     25120    383496   1045500         0      0.00         0
12:25:31 AM   2692380   4188120     60.87     25128    383584   1045500         0      0.00         0
12:25:32 AM   2693412   4187088     60.85     25136    383712   1045500         0      0.00         0
12:25:33 AM   2693696   4186804     60.85     25144    383808   1045500         0      0.00         0
12:25:34 AM   2694980   4185520     60.83     25152    383904   1045500         0      0.00         0
12:25:35 AM   2694960   4185540     60.83     25160    384024   1045500         0      0.00         0
12:25:36 AM   2696036   4184464     60.82     25168    384116   1045500         0      0.00         0
12:25:37 AM   2697148   4183352     60.80     25176    384208   1045500         0      0.00         0
12:25:38 AM   2697536   4182964     60.79     25184    384300   1045500         0      0.00         0
12:25:39 AM   2698452   4182048     60.78     25192    384400   1045500         0      0.00         0
12:25:40 AM   2698964   4181536     60.77     25200    384624   1045500         0      0.00         0
12:25:41 AM   2700132   4180368     60.76     25208    384712   1045500         0      0.00         0
12:25:42 AM   2701236   4179264     60.74     25216    384796   1045500         0      0.00         0
12:25:43 AM   2702368   4178132     60.72     25224    384900   1045500         0      0.00         0
12:25:44 AM   2703408   4177092     60.71     25232    385008   1045500         0      0.00         0
12:25:45 AM   2703700   4176800     60.70     25240    385136   1045500         0      0.00         0
12:25:46 AM   2702168   4178332     60.73     25248    385224   1045500         0      0.00         0
12:25:47 AM   2701920   4178580     60.73     25256    385312   1045500         0      0.00         0
12:25:48 AM   2702380   4178120     60.72     25264    385404   1045500         0      0.00         0
12:25:49 AM   2703300   4177200     60.71     25272    385496   1045500         0      0.00         0
12:25:50 AM   2704404   4176096     60.69     25280    385592   1045500         0      0.00         0
12:25:51 AM   2705476   4175024     60.68     25288    385676   1045500         0      0.00         0
12:25:52 AM   2706360   4174140     60.67     25296    385772   1045500         0      0.00         0
12:25:53 AM   2707028   4173472     60.66     25304    385860   1045500         0      0.00         0
12:25:54 AM   2707944   4172556     60.64     25312    386092   1045500         0      0.00         0
12:25:55 AM   2708700   4171800     60.63     25320    386188   1045500         0      0.00         0
12:25:56 AM   2708032   4172468     60.64     25328    386436   1045500         0      0.00         0
12:25:57 AM   2707176   4173324     60.65     25336    386524   1045500         0      0.00         0
12:25:58 AM   2705424   4175076     60.68     25344    386616   1045500         0      0.00         0
12:25:59 AM   2704972   4175528     60.69     25352    386708   1045500         0      0.00         0
12:26:00 AM   2705804   4174696     60.67     25360    386812   1045500         0      0.00         0
12:26:01 AM   2705404   4175096     60.68     25368    386948   1045500         0      0.00         0
12:26:02 AM   2704372   4176128     60.70     25376    387120   1045500         0      0.00         0
12:26:03 AM   2701680   4178820     60.73     25384    387208   1045500         0      0.00         0
12:26:04 AM   2697452   4183048     60.80     25392    387304   1045500         0      0.00         0
12:26:05 AM   2687768   4192732     60.94     25400    387400   1045500         0      0.00         0
12:26:06 AM   2669584   4210916     61.20     25408    387488   1045500         0      0.00         0
12:26:07 AM   2631080   4249420     61.76     25416    387668   1045500         0      0.00         0
12:26:08 AM   2630968   4249532     61.76     25424    387780   1045500         0      0.00         0
12:26:09 AM   2629984   4250516     61.78     25432    387876   1045500         0      0.00         0
12:26:10 AM   2629636   4250864     61.78     25440    387964   1045500         0      0.00         0
12:26:11 AM   2630356   4250144     61.77     25448    388052   1045500         0      0.00         0
12:26:12 AM   2631400   4249100     61.76     25456    388136   1045500         0      0.00         0
12:26:13 AM   2631044   4249456     61.76     25464    388232   1045500         0      0.00         0
12:26:14 AM   2631440   4249060     61.76     25472    388324   1045500         0      0.00         0
12:26:15 AM   2632132   4248368     61.75     25480    388420   1045500         0      0.00         0
12:26:16 AM   2632476   4248024     61.74     25488    388512   1045500         0      0.00         0
12:26:17 AM   2633420   4247080     61.73     25496    388604   1045500         0      0.00         0
12:26:18 AM   2633216   4247284     61.73     25504    388696   1045500         0      0.00         0
12:26:19 AM   2631444   4249056     61.76     25512    388784   1045500         0      0.00         0
12:26:20 AM   2630980   4249520     61.76     25520    388920   1045500         0      0.00         0
12:26:21 AM   2631820   4248680     61.75     25528    389016   1045500         0      0.00         0
12:26:22 AM   2632364   4248136     61.74     25536    389104   1045500         0      0.00         0
12:26:23 AM   2632912   4247588     61.73     25544    389188   1045500         0      0.00         0
12:26:24 AM   2633984   4246516     61.72     25552    389280   1045500         0      0.00         0
12:26:25 AM   2635976   4244524     61.69     25560    389372   1045500         0      0.00         0
12:26:26 AM   2636060   4244440     61.69     25568    389460   1045500         0      0.00         0
12:26:27 AM   2637476   4243024     61.67     25576    389548   1045500         0      0.00         0
12:26:28 AM   2638360   4242140     61.65     25584    389628   1045500         0      0.00         0
12:26:29 AM   2639276   4241224     61.64     25592    389768   1045500         0      0.00         0
12:26:30 AM   2640036   4240464     61.63     25600    389860   1045500         0      0.00         0
12:26:31 AM   2641476   4239024     61.61     25608    389948   1045500         0      0.00         0
12:26:32 AM   2641992   4238508     61.60     25616    390080   1045500         0      0.00         0
12:26:33 AM   2642936   4237564     61.59     25624    390176   1045500         0      0.00         0
12:26:34 AM   2641820   4238680     61.60     25632    390272   1045500         0      0.00         0
12:26:35 AM   2639040   4241460     61.64     25640    390364   1045500         0      0.00         0
12:26:36 AM   2634792   4245708     61.71     25648    390456   1045500         0      0.00         0
12:26:37 AM   2635540   4244960     61.70     25656    390552   1045500         0      0.00         0
12:26:38 AM   2636292   4244208     61.68     25664    390652   1045500         0      0.00         0
12:26:39 AM   2638696   4241804     61.65     25672    390736   1045500         0      0.00         0
12:26:40 AM   2638972   4241528     61.65     25680    390832   1045500         0      0.00         0
12:26:41 AM   2639636   4240864     61.64     25688    390932   1045500         0      0.00         0
12:26:42 AM   2640532   4239968     61.62     25696    391020   1045500         0      0.00         0
12:26:43 AM   2641700   4238800     61.61     25704    391116   1045500         0      0.00         0
12:26:44 AM   2642928   4237572     61.59     25712    391212   1045500         0      0.00         0
12:26:45 AM   2643528   4236972     61.58     25720    391336   1045500         0      0.00         0
12:26:46 AM   2644700   4235800     61.56     25728    391428   1045500         0      0.00         0
12:26:47 AM   2645584   4234916     61.55     25736    391516   1045500         0      0.00         0
12:26:48 AM   2646720   4233780     61.53     25744    391604   1045500         0      0.00         0
12:26:49 AM   2647452   4233048     61.52     25752    391700   1045500         0      0.00         0
12:26:50 AM   2648548   4231952     61.51     25760    391792   1045500         0      0.00         0
12:26:51 AM   2647404   4233096     61.52     25768    391884   1045500         0      0.00         0
12:26:52 AM   2645824   4234676     61.55     25776    391976   1045500         0      0.00         0
12:26:53 AM   2642504   4237996     61.59     25784    392076   1045500         0      0.00         0
12:26:54 AM   2642036   4238464     61.60     25792    392164   1045500         0      0.00         0
12:26:55 AM   2643100   4237400     61.59     25800    392252   1045500         0      0.00         0
12:26:56 AM   2644132   4236368     61.57     25808    392388   1045500         0      0.00         0
12:26:57 AM   2644920   4235580     61.56     25816    392504   1045500         0      0.00         0
12:26:58 AM   2646072   4234428     61.54     25824    392636   1045500         0      0.00         0
12:26:59 AM   2647260   4233240     61.53     25832    392748   1045500         0      0.00         0
12:27:00 AM   2647864   4232636     61.52     25840    392880   1045500         0      0.00         0
12:27:01 AM   2648536   4231964     61.51     25848    392972   1045500         0      0.00         0
12:27:02 AM   2649696   4230804     61.49     25856    393076   1045500         0      0.00         0
12:27:03 AM   2650196   4230304     61.48     25864    393172   1045500         0      0.00         0
12:27:04 AM   2650836   4229664     61.47     25872    393264   1045500         0      0.00         0
12:27:05 AM   2650376   4230124     61.48     25880    393360   1045500         0      0.00         0
12:27:06 AM   2649692   4230808     61.49     25888    393452   1045500         0      0.00         0
12:27:07 AM   2650748   4229752     61.47     25896    393548   1045500         0      0.00         0
12:27:08 AM   2653164   4227336     61.44     25904    393624   1045500         0      0.00         0
12:27:09 AM   2653488   4227012     61.43     25912    393704   1045500         0      0.00         0
12:27:10 AM   2654436   4226064     61.42     25920    393852   1045500         0      0.00         0
12:27:11 AM   2655316   4225184     61.41     25928    393940   1045500         0      0.00         0
12:27:12 AM   2656316   4224184     61.39     25936    394032   1045500         0      0.00         0
12:27:13 AM   2657236   4223264     61.38     25944    394124   1045500         0      0.00         0
12:27:14 AM   2658460   4222040     61.36     25952    394212   1045500         0      0.00         0
12:27:15 AM   2659376   4221124     61.35     25960    394308   1045500         0      0.00         0
12:27:16 AM   2660404   4220096     61.33     25968    394396   1045500         0      0.00         0
12:27:17 AM   2661096   4219404     61.32     25976    394488   1045500         0      0.00         0
12:27:18 AM   2662148   4218352     61.31     25984    394580   1045500         0      0.00         0
12:27:19 AM   2663348   4217152     61.29     25992    394668   1045500         0      0.00         0
12:27:20 AM   2664872   4215628     61.27     26000    394752   1045500         0      0.00         0
12:27:21 AM   2666016   4214484     61.25     26008    394880   1045500         0      0.00         0
12:27:22 AM   2664556   4215944     61.27     26016    394976   1045500         0      0.00         0
12:27:23 AM   2663468   4217032     61.29     26024    395064   1045500         0      0.00         0
12:27:24 AM   2662404   4218096     61.31     26032    395156   1045500         0      0.00         0
12:27:25 AM   2661308   4219192     61.32     26048    395260   1045500         0      0.00         0
12:27:26 AM   2656124   4224376     61.40     26056    395352   1045500         0      0.00         0
12:27:27 AM   2647920   4232580     61.52     26064    395440   1045500         0      0.00         0
12:27:28 AM   2647552   4232948     61.52     26072    395528   1045500         0      0.00         0
12:27:29 AM   2648664   4231836     61.50     26080    395624   1045500         0      0.00         0
12:27:30 AM   2647880   4232620     61.52     26088    395716   1045500         0      0.00         0
12:27:31 AM   2648628   4231872     61.51     26096    395804   1045500         0      0.00         0
12:27:32 AM   2649412   4231088     61.49     26104    395896   1045500         0      0.00         0
12:27:33 AM   2649100   4231400     61.50     26112    395992   1045500         0      0.00         0
12:27:34 AM   2649880   4230620     61.49     26120    396124   1045500         0      0.00         0
12:27:35 AM   2651500   4229000     61.46     26128    396220   1045500         0      0.00         0
12:27:36 AM   2652820   4227680     61.44     26136    396392   1045500         0      0.00         0
12:27:37 AM   2652980   4227520     61.44     26144    396480   1045500         0      0.00         0
12:27:38 AM   2654268   4226232     61.42     26152    396576   1045500         0      0.00         0
12:27:39 AM   2655436   4225064     61.41     26160    396712   1045500         0      0.00         0
12:27:40 AM   2656232   4224268     61.39     26168    396808   1045500         0      0.00         0
12:27:41 AM   2657216   4223284     61.38     26176    396900   1045500         0      0.00         0
12:27:42 AM   2658376   4222124     61.36     26184    396992   1045500         0      0.00         0
12:27:43 AM   2658992   4221508     61.35     26192    397084   1045500         0      0.00         0
12:27:44 AM   2660108   4220392     61.34     26200    397176   1045500         0      0.00         0
12:27:45 AM   2661292   4219208     61.32     26208    397272   1045500         0      0.00         0
12:27:46 AM   2662328   4218172     61.31     26216    397360   1045500         0      0.00         0
12:27:47 AM   2663420   4217080     61.29     26224    397452   1045500         0      0.00         0
12:27:48 AM   2665808   4214692     61.26     26232    397540   1045500         0      0.00         0
12:27:49 AM   2666196   4214304     61.25     26240    397632   1045500         0      0.00         0
12:27:50 AM   2665908   4214592     61.25     26248    397724   1045500         0      0.00         0
12:27:51 AM   2667224   4213276     61.24     26256    397808   1045500         0      0.00         0
12:27:52 AM   2667892   4212608     61.23     26264    397956   1045500         0      0.00         0
12:27:53 AM   2669208   4211292     61.21     26272    398084   1045500         0      0.00         0
12:27:54 AM   2670212   4210288     61.19     26280    398228   1045500         0      0.00         0
12:27:55 AM   2670980   4209520     61.18     26288    398392   1045500         0      0.00         0
12:27:56 AM   2671884   4208616     61.17     26296    398480   1045500         0      0.00         0
12:27:57 AM   2672564   4207936     61.16     26304    398568   1045500         0      0.00         0
12:27:58 AM   2673776   4206724     61.14     26312    398664   1045500         0      0.00         0
12:27:59 AM   2675000   4205500     61.12     26320    398756   1045500         0      0.00         0
12:28:00 AM   2676480   4204020     61.10     26328    398844   1045500         0      0.00         0
12:28:01 AM   2677372   4203128     61.09     26336    398944   1045500         0      0.00         0
12:28:02 AM   2678528   4201972     61.07     26344    399088   1045500         0      0.00         0
12:28:03 AM   2677208   4203292     61.09     26352    399180   1045500         0      0.00         0
12:28:04 AM   2675736   4204764     61.11     26360    399284   1045500         0      0.00         0
12:28:05 AM   2675128   4205372     61.12     26368    399364   1045500         0      0.00         0
12:28:06 AM   2676728   4203772     61.10     26376    399448   1045500         0      0.00         0
12:28:07 AM   2676212   4204288     61.10     26384    399540   1045500         0      0.00         0
12:28:08 AM   2676616   4203884     61.10     26392    399620   1045500         0      0.00         0
12:28:09 AM   2677800   4202700     61.08     26400    399708   1045500         0      0.00         0
12:28:10 AM   2679032   4201468     61.06     26408    399796   1045500         0      0.00         0
12:28:11 AM   2678424   4202076     61.07     26416    399892   1045500         0      0.00         0
12:28:12 AM   2679456   4201044     61.06     26424    399972   1045500         0      0.00         0
12:28:13 AM   2680492   4200008     61.04     26432    400060   1045500         0      0.00         0
12:28:14 AM   2682056   4198444     61.02     26440    400148   1045500         0      0.00         0
12:28:15 AM   2682860   4197640     61.01     26448    400240   1045500         0      0.00         0
12:28:16 AM   2684956   4195544     60.98     26456    400328   1045500         0      0.00         0
12:28:17 AM   2685708   4194792     60.97     26464    400420   1045500         0      0.00         0
12:28:18 AM   2685688   4194812     60.97     26472    400572   1045500         0      0.00         0
12:28:19 AM   2685288   4195212     60.97     26480    400668   1045500         0      0.00         0
12:28:20 AM   2684624   4195876     60.98     26488    400756   1045500         0      0.00         0
12:28:21 AM   2684228   4196272     60.99     26496    400844   1045500         0      0.00         0
12:28:22 AM   2684944   4195556     60.98     26504    400932   1045500         0      0.00         0
12:28:23 AM   2683908   4196592     60.99     26512    401020   1045500         0      0.00         0
12:28:24 AM   2684512   4195988     60.98     26520    401108   1045500         0      0.00         0
12:28:25 AM   2685576   4194924     60.97     26528    401216   1045500         0      0.00         0
12:28:26 AM   2684620   4195880     60.98     26536    401320   1045500         0      0.00         0
12:28:27 AM   2686524   4193976     60.95     26544    401404   1045500         0      0.00         0
12:28:28 AM   2687160   4193340     60.95     26552    401552   1045500         0      0.00         0
12:28:29 AM   2688420   4192080     60.93     26560    401648   1045500         0      0.00         0
12:28:30 AM   2690500   4190000     60.90     26568    401748   1045500         0      0.00         0
12:28:31 AM   2691260   4189240     60.89     26576    401844   1045500         0      0.00         0
12:28:32 AM   2692048   4188452     60.87     26584    401972   1045500         0      0.00         0
12:28:33 AM   2693496   4187004     60.85     26592    402056   1045500         0      0.00         0
12:28:34 AM   2694252   4186248     60.84     26600    402188   1045500         0      0.00         0
12:28:35 AM   2695388   4185112     60.83     26608    402288   1045500         0      0.00         0
12:28:36 AM   2696332   4184168     60.81     26616    402436   1045500         0      0.00         0
12:28:37 AM   2697408   4183092     60.80     26624    402532   1045500         0      0.00         0
12:28:38 AM   2698348   4182152     60.78     26632    402692   1045500         0      0.00         0
12:28:39 AM   2699828   4180672     60.76     26640    402792   1045500         0      0.00         0
12:28:40 AM   2700776   4179724     60.75     26648    402880   1045500         0      0.00         0
12:28:41 AM   2701660   4178840     60.73     26656    402964   1045500         0      0.00         0
12:28:42 AM   2702732   4177768     60.72     26664    403056   1045500         0      0.00         0
12:28:43 AM   2704140   4176360     60.70     26672    403152   1045500         0      0.00         0
12:28:44 AM   2705400   4175100     60.68     26680    403232   1045500         0      0.00         0
12:28:45 AM   2707216   4173284     60.65     26688    403316   1045500         0      0.00         0
12:28:46 AM   2707508   4172992     60.65     26696    403404   1045500         0      0.00         0
12:28:47 AM   2708860   4171640     60.63     26704    403492   1045500         0      0.00         0
12:28:48 AM   2710088   4170412     60.61     26712    403560   1045500         0      0.00         0
12:28:49 AM   2711220   4169280     60.60     26720    403636   1045500         0      0.00         0
12:28:50 AM   2712576   4167924     60.58     26728    403712   1045500         0      0.00         0
12:28:51 AM   2713080   4167420     60.57     26736    403792   1045500         0      0.00         0
12:28:52 AM   2714192   4166308     60.55     26744    403864   1045500         0      0.00         0
12:28:53 AM   2715772   4164728     60.53     26752    403920   1045500         0      0.00         0
12:28:54 AM   2717256   4163244     60.51     26760    403968   1045500         0      0.00         0
12:28:55 AM   2718804   4161696     60.49     26768    404024   1045500         0      0.00         0
12:28:56 AM   2720096   4160404     60.47     26776    404068   1045500         0      0.00         0
12:28:57 AM   2721708   4158792     60.44     26784    404104   1045500         0      0.00         0
12:28:58 AM   2723064   4157436     60.42     26792    404140   1045500         0      0.00         0
12:28:59 AM   2726176   4154324     60.38     26800    404168   1045500         0      0.00         0
12:29:00 AM   2727644   4152856     60.36     26808    404204   1045500         0      0.00         0
12:29:01 AM   2728724   4151776     60.34     26816    404236   1045500         0      0.00         0
12:29:02 AM   2729960   4150540     60.32     26824    404268   1045500         0      0.00         0
12:29:03 AM   2731344   4149156     60.30     26832    404292   1045500         0      0.00         0
12:29:04 AM   2732604   4147896     60.28     26840    404308   1045500         0      0.00         0
12:29:05 AM   2733708   4146792     60.27     26848    404324   1045500         0      0.00         0
12:29:06 AM   2735060   4145440     60.25     26856    404340   1045500         0      0.00         0
12:29:07 AM   2736408   4144092     60.23     26864    404344   1045500         0      0.00         0
12:29:08 AM   2737376   4143124     60.22     26872    404360   1045500         0      0.00         0
12:29:09 AM   2738168   4142332     60.20     26880    404368   1045500         0      0.00         0
12:29:10 AM   2739788   4140712     60.18     26888    404376   1045500         0      0.00         0
12:29:11 AM   2740912   4139588     60.16     26896    404388   1045500         0      0.00         0
12:29:12 AM   2741948   4138552     60.15     26904    404388   1045500         0      0.00         0
12:29:13 AM   2745672   4134828     60.09     26912    404396   1045500         0      0.00         0
12:29:14 AM   2746100   4134400     60.09     26920    404396   1045500         0      0.00         0
12:29:15 AM   2747484   4133016     60.07     26928    404448   1045500         0      0.00         0
12:29:16 AM   2749176   4131324     60.04     26936    404448   1045500         0      0.00         0
12:29:17 AM   2750236   4130264     60.03     26944    404452   1045500         0      0.00         0
12:29:18 AM   2751248   4129252     60.01     26952    404464   1045500         0      0.00         0
12:29:19 AM   2752504   4127996     60.00     26960    404464   1045500         0      0.00         0
12:29:20 AM   2753672   4126828     59.98     26968    404464   1045500         0      0.00         0
12:29:21 AM   2754996   4125504     59.96     26976    404472   1045500         0      0.00         0
12:29:22 AM   2756152   4124348     59.94     26984    404476   1045500         0      0.00         0
12:29:23 AM   2757392   4123108     59.92     26992    404492   1045500         0      0.00         0
12:29:24 AM   2757700   4122800     59.92     27000    404492   1045500         0      0.00         0
12:29:25 AM   2758756   4121744     59.90     27008    404492   1045500         0      0.00         0
12:29:26 AM   2759920   4120580     59.89     27016    404508   1045500         0      0.00         0
12:29:27 AM   2761196   4119304     59.87     27024    404500   1045500         0      0.00         0
12:29:28 AM   2762352   4118148     59.85     27032    404500   1045500         0      0.00         0
12:29:29 AM   2763388   4117112     59.84     27040    404516   1045500         0      0.00         0
12:29:30 AM   2764684   4115816     59.82     27048    404516   1045500         0      0.00         0
12:29:31 AM   2765592   4114908     59.81     27056    404524   1045500         0      0.00         0
12:29:32 AM   2766768   4113732     59.79     27064    404532   1045500         0      0.00         0
12:29:33 AM   2767924   4112576     59.77     27072    404532   1045500         0      0.00         0
12:29:34 AM   2768976   4111524     59.76     27080    404544   1045500         0      0.00         0
12:29:35 AM   2770640   4109860     59.73     27088    404552   1045500         0      0.00         0
12:29:36 AM   2771644   4108856     59.72     27096    404552   1045500         0      0.00         0
12:29:37 AM   2774280   4106220     59.68     27104    404552   1045500         0      0.00         0
12:29:38 AM   2775572   4104928     59.66     27112    404544   1045500         0      0.00         0
12:29:39 AM   2776148   4104352     59.65     27120    404564   1045500         0      0.00         0
12:29:40 AM   2776928   4103572     59.64     27128    404556   1045500         0      0.00         0
12:29:41 AM   2778208   4102292     59.62     27136    404576   1045500         0      0.00         0
12:29:42 AM   2779512   4100988     59.60     27144    404568   1045500         0      0.00         0
12:29:43 AM   2780924   4099576     59.58     27152    404576   1045500         0      0.00         0
12:29:44 AM   2781956   4098544     59.57     27160    404596   1045500         0      0.00         0
12:29:45 AM   2783160   4097340     59.55     27168    404588   1045500         0      0.00         0
12:29:46 AM   2784076   4096424     59.54     27176    404604   1045500         0      0.00         0
12:29:47 AM   2785724   4094776     59.51     27184    404604   1045500         0      0.00         0
12:29:48 AM   2786604   4093896     59.50     27192    404596   1045500         0      0.00         0
12:29:49 AM   2788012   4092488     59.48     27200    404616   1045500         0      0.00         0
12:29:50 AM   2789208   4091292     59.46     27208    404616   1045500         0      0.00         0
12:29:51 AM   2791204   4089296     59.43     27216    404620   1045500         0      0.00         0
12:29:52 AM   2792404   4088096     59.42     27224    404628   1045500         0      0.00         0
12:29:53 AM   2793692   4086808     59.40     27232    404620   1045500         0      0.00         0
12:29:54 AM   2794724   4085776     59.38     27240    404640   1045500         0      0.00         0
12:29:55 AM   2795768   4084732     59.37     27248    404632   1045500         0      0.00         0
12:29:56 AM   2797064   4083436     59.35     27256    404648   1045500         0      0.00         0
12:29:57 AM   2798448   4082052     59.33     27264    404652   1045500         0      0.00         0
12:29:58 AM   2799476   4081024     59.31     27272    404644   1045500         0      0.00         0
12:29:59 AM   2800648   4079852     59.30     27280    404656   1045500         0      0.00         0
12:30:00 AM   2801300   4079200     59.29     27288    404648   1045500         0      0.00         0
12:30:01 AM   2802724   4077776     59.27     27296    404664   1045500         0      0.00         0
12:30:02 AM   2803896   4076604     59.25     27304    404672   1045500         0      0.00         0
12:30:03 AM   2805052   4075448     59.23     27312    404664   1045500         0      0.00         0
12:30:04 AM   2806236   4074264     59.21     27320    404680   1045500         0      0.00         0
12:30:05 AM   2809280   4071220     59.17     27328    404676   1045500         0      0.00         0
12:30:06 AM   2810188   4070312     59.16     27336    404684   1045500         0      0.00         0
12:30:07 AM   2811476   4069024     59.14     27344    404692   1045500         0      0.00         0
12:30:08 AM   2812640   4067860     59.12     27352    404696   1045500         0      0.00         0
12:30:09 AM   2813804   4066696     59.10     27360    404688   1045500         0      0.00         0
12:30:10 AM   2814304   4066196     59.10     27368    404704   1045500         0      0.00         0
Average:      2812069   4068431     59.13     25767    391007   1045500         0      0.00         0
