Linux 3.11.0-15-generic (client-HVM-domU) 	04/21/2015

01:04:56 AM kbmemfree kbmemused  %memused kbbuffers  kbcached kbswpfree kbswpused  %swpused  kbswpcad
01:04:57 AM    299808   6580692     95.64      6600     75512    139132    906368     86.69    252908
01:04:58 AM    292960   6587540     95.74      6616     75936    140204    905296     86.59    255040
01:04:59 AM    284744   6595756     95.86      6632     76208    141596    903904     86.46    257864
01:05:00 AM    273548   6606952     96.02      6648     76664    143352    902148     86.29    261552
01:05:01 AM    259572   6620928     96.23      6664     77120    145300    900200     86.10    265516
01:05:02 AM    243420   6637080     96.46      6680     77732    146872    898628     85.95    268492
01:05:03 AM    225880   6654620     96.72      6696     78100    149096    896404     85.74    273156
01:05:04 AM    210784   6669716     96.94      6712     79036    151568    893932     85.50    277920
01:05:05 AM    194792   6685708     97.17      6728     79348    154180    891320     85.25    283288
01:05:06 AM    175148   6705352     97.45      6744     79580    156544    888956     85.03    288940
01:05:07 AM    154988   6725512     97.75      6760     79912    159108    886392     84.78    294692
01:05:08 AM    134912   6745588     98.04      6776     80144    162252    883248     84.48    299808
01:05:09 AM    121392   6759108     98.24      6516     70168    165028    880472     84.22    304972
01:05:11 AM     95904   6784596     98.61      3284     48112    166628    878872     84.06    312100
01:05:26 AM    203708   6676792     97.04       396     26460    165428    880072     84.18    201536
01:05:35 AM    197456   6683044     97.13       332     26932    163592    881908     84.35    142820
01:05:45 AM    159736   6720764     97.68       340     30828    162124    883376     84.49    142320
01:05:51 AM    138780   6741720     97.98       340     32912    160272    885228     84.67    142008
01:06:00 AM     96208   6784292     98.60       356     35872    156340    889160     85.05    137484
01:06:10 AM     95936   6784564     98.61       356     35396    151284    894216     85.53    129444
01:07:26 AM    158416   6722084     97.70       196     33664    119596    925904     88.56    112456
01:07:33 AM    107564   6772936     98.44       208     33396    116848    928652     88.82    113292
01:07:52 AM     99248   6781252     98.56       212     32236    108292    937208     89.64    113348
01:08:34 AM     98732   6781768     98.57       140     24064     88708    956792     91.52    112220
01:08:52 AM     96280   6784220     98.60       284     22816     77976    967524     92.54    104584
01:09:38 AM     95644   6784856     98.61       696     20096     40000   1005500     96.17    108272
01:09:53 AM    150448   6730052     97.81       428     14524        36   1045464    100.00     34152
01:11:19 AM    141060   6739440     97.95       252     14816       736   1044764     99.93     37664
01:11:20 AM    122508   6757992     98.22       412     19404      1208   1044292     99.88     39284
01:11:21 AM    297220   6583280     95.68       224     10412      3128   1042372     99.70     47512
01:12:54 AM    236440   6644060     96.56       556     12084     11580   1033920     98.89     92380
01:13:04 AM    223304   6657196     96.75       544     15396     14056   1031444     98.66     98460
01:13:16 AM    216112   6664388     96.86       964     14876     12796   1032704     98.78    105372
01:14:10 AM    161584   6718916     97.65      2192     17776      4120   1041380     99.61    115512
01:14:57 AM    301196   6579304     95.62      1812     27300      1136   1044364     99.89    121852
01:14:58 AM    286348   6594152     95.84      2364     29460      4660   1040840     99.55    123712
01:14:59 AM    236816   6643684     96.56      3060     34896      5112   1040388     99.51    124640
01:15:00 AM    290600   6589900     95.78      4416     42208      6768   1038732     99.35    124328
01:15:01 AM    278524   6601976     95.95      4736     50592      6876   1038624     99.34    124368
Average:       191224   6689276     97.22      2971     43897     94962    950538     90.92    170391
