44.47
28.83
13.28
16.03
22.61
18.71
27.39
32.27
41.67
40.53
29.08
27.11
26.85
33.42
27.88
27.39
28.95
39.53
35.29
31.19
33.94
34.64
39.47
42.05
37.83
44.42
45.34
43.04
45.01
50.26
46.02
46.60
47.31
52.16
52.84
49.74
47.95
49.10
50.89
53.92
57.00
59.80
60.25
58.82
61.64
66.93
63.32
64.43
62.31
74.75
67.77
67.35
65.47
68.02
69.31
67.27
74.43
66.24
74.69
69.49
70.08
73.10
75.19
79.90
70.92
82.10
66.50
68.22
72.68
71.32
69.58
75.52
70.92
75.45
67.01
74.18
69.69
71.03
65.30
69.35
70.63
75.06
72.85
75.06
73.72
67.88
76.03
70.37
70.26
72.06
72.61
76.42
72.51
75.85
69.43
75.38
73.04
69.07
75.32
73.47
73.16
72.85
74.23
74.05
71.68
73.25
70.23
71.28
70.67
71.91
71.43
72.18
73.86
72.52
69.97
69.11
75.51
70.80
69.87
68.89
74.10
72.28
69.77
71.43
73.85
74.23
73.26
70.47
67.62
74.81
67.10
74.48
73.33
75.13
72.59
68.10
71.13
70.51
65.25
76.30
73.66
69.72
70.39
69.57
71.94
67.28
70.15
68.59
71.43
74.35
73.59
75.06
63.93
68.22
71.24
70.91
71.47
70.18
74.10
66.04
69.25
71.28
73.92
68.89
73.42
73.11
73.28
66.41
69.27
70.88
69.33
71.39
68.97
72.80
67.97
69.43
65.65
70.71
70.98
70.31
68.99
70.65
68.85
72.28
70.65
67.28
69.82
68.31
69.33
69.92
68.32
63.14
66.40
73.61
73.89
70.69
67.28
72.47
66.24
68.99
72.99
73.66
68.11
69.61
68.81
65.38
69.17
70.51
68.81
71.47
67.89
73.74
67.35
66.58
73.40
69.53
69.27
62.18
67.35
74.37
68.38
73.18
67.68
70.33
63.47
66.41
70.30
68.56
70.83
65.89
73.16
69.05
71.39
64.27
67.36
72.47
70.47
67.10
69.35
71.99
68.30
70.50
68.27
72.06
68.88
67.47
67.28
63.05
74.21
65.44
67.97
69.74
71.35
65.69
67.72
66.15
66.67
72.28
63.08
69.58
68.05
64.06
67.72
70.03
66.49
66.76
66.75
66.40
72.05
67.19
69.19
64.54
67.20
66.14
65.71
62.69
64.78
62.70
63.40
64.42
65.03
61.11
71.21
64.17
63.61
63.57
63.99
65.18
66.32
65.03
63.19
66.50
63.95
59.47
66.58
65.80
67.77
65.30
65.53
66.41
64.16
66.06
66.49
69.67
63.97
62.24
67.77
61.58
64.03
66.49
60.94
63.66
60.10
59.07
63.71
58.06
58.91
52.97
48.96
45.81
46.75
41.04
38.10
31.38
28.39
29.67
27.59
25.06
21.97
25.13
23.00
21.03
15.36
9.51
10.97
6.89
10.71
9.16
4.29
3.78
2.25
3.00
1.50
1.50
1.50
1.25
1.25
1.50
1.00
1.75
0.75
2.00
1.50
2.00
1.25
1.00
1.00
1.25
1.50
1.25
1.00
1.25
1.25
1.50
1.75
1.50
1.25
1.25
1.50
1.00
1.50
1.50
1.00
1.25
1.00
1.50
1.75
0.50
1.75
1.25
2.49
1.25
1.50
1.25
1.75
1.00
2.24
1.01
1.75
1.00
1.50
2.00
1.25
1.00
1.50
1.00
1.75
1.25
1.25
1.25
