Linux 3.11.0-15-generic (client-HVM-domU) 	03/31/2015

07:54:22 PM kbmemfree kbmemused  %memused kbbuffers  kbcached kbswpfree kbswpused  %swpused  kbswpcad
07:54:23 PM   2190776   5721912     72.31     34144    483520   1045500         0      0.00         0
07:54:24 PM   2188372   5724316     72.34     34152    483772   1045500         0      0.00         0
07:54:25 PM   2187992   5724696     72.35     34160    483856   1045500         0      0.00         0
07:54:26 PM   2186596   5726092     72.37     34168    483888   1045500         0      0.00         0
07:54:27 PM   2182892   5729796     72.41     34176    483924   1045500         0      0.00         0
07:54:28 PM   2174808   5737880     72.51     34184    483956   1045500         0      0.00         0
07:54:29 PM   2177152   5735536     72.49     34192    483992   1045500         0      0.00         0
07:54:30 PM   2177660   5735028     72.48     34200    484072   1045500         0      0.00         0
07:54:31 PM   2177504   5735184     72.48     34208    484120   1045500         0      0.00         0
07:54:32 PM   2177016   5735672     72.49     34216    484280   1045500         0      0.00         0
07:54:33 PM   2176880   5735808     72.49     34224    484380   1045500         0      0.00         0
07:54:34 PM   2175556   5737132     72.51     34232    484432   1045500         0      0.00         0
07:54:35 PM   2169940   5742748     72.58     34240    484488   1045500         0      0.00         0
07:54:36 PM   2166660   5746028     72.62     34248    484548   1045500         0      0.00         0
07:54:37 PM   2166940   5745748     72.61     34256    484628   1045500         0      0.00         0
07:54:38 PM   2166888   5745800     72.62     34264    484704   1045500         0      0.00         0
07:54:39 PM   2167068   5745620     72.61     34272    484768   1045500         0      0.00         0
07:54:40 PM   2166320   5746368     72.62     34280    484848   1045500         0      0.00         0
07:54:41 PM   2165904   5746784     72.63     34288    484980   1045500         0      0.00         0
07:54:42 PM   2165008   5747680     72.64     34296    485076   1045500         0      0.00         0
07:54:43 PM   2162840   5749848     72.67     34304    485168   1045500         0      0.00         0
07:54:44 PM   2161648   5751040     72.68     34312    485252   1045500         0      0.00         0
07:54:45 PM   2161932   5750756     72.68     34320    485352   1045500         0      0.00         0
07:54:46 PM   2162272   5750416     72.67     34328    485456   1045500         0      0.00         0
07:54:47 PM   2162404   5750284     72.67     34336    485560   1045500         0      0.00         0
07:54:48 PM   2162160   5750528     72.67     34344    485656   1045500         0      0.00         0
07:54:49 PM   2162040   5750648     72.68     34352    485760   1045500         0      0.00         0
07:54:50 PM   2162072   5750616     72.68     34360    485872   1045500         0      0.00         0
07:54:51 PM   2160216   5752472     72.70     34368    485988   1045500         0      0.00         0
07:54:52 PM   2160072   5752616     72.70     34376    486096   1045500         0      0.00         0
07:54:53 PM   2160924   5751764     72.69     34384    486224   1045500         0      0.00         0
07:54:54 PM   2161172   5751516     72.69     34392    486348   1045500         0      0.00         0
07:54:55 PM   2162212   5750476     72.67     34400    486460   1045500         0      0.00         0
07:54:56 PM   2163184   5749504     72.66     34408    486580   1045500         0      0.00         0
07:54:57 PM   2163132   5749556     72.66     34416    486708   1045500         0      0.00         0
07:54:58 PM   2164024   5748664     72.65     34424    486836   1045500         0      0.00         0
07:54:59 PM   2162372   5750316     72.67     34432    486952   1045500         0      0.00         0
07:55:00 PM   2159712   5752976     72.71     34440    487076   1045500         0      0.00         0
07:55:01 PM   2155252   5757436     72.76     34448    487204   1045500         0      0.00         0
07:55:02 PM   2146564   5766124     72.87     34456    487324   1045500         0      0.00         0
07:55:03 PM   2128604   5784084     73.10     34464    487452   1045500         0      0.00         0
07:55:04 PM   2097568   5815120     73.49     34472    487580   1045500         0      0.00         0
07:55:05 PM   2064140   5848548     73.91     34480    487716   1045500         0      0.00         0
07:55:06 PM   2032796   5879892     74.31     34488    487848   1045500         0      0.00         0
07:55:07 PM   1997796   5914892     74.75     34496    487984   1045500         0      0.00         0
07:55:08 PM   1963616   5949072     75.18     34504    488116   1045500         0      0.00         0
07:55:09 PM   1925868   5986820     75.66     34512    488252   1045500         0      0.00         0
07:55:10 PM   1886324   6026364     76.16     34520    488380   1045500         0      0.00         0
07:55:11 PM   1855972   6056716     76.54     34528    488524   1045500         0      0.00         0
07:55:12 PM   1835840   6076848     76.80     34536    488668   1045500         0      0.00         0
07:55:13 PM   1795096   6117592     77.31     34544    488804   1045500         0      0.00         0
07:55:14 PM   1753480   6159208     77.84     34552    488952   1045500         0      0.00         0
07:55:15 PM   1714760   6197928     78.33     34560    489096   1045500         0      0.00         0
07:55:16 PM   1672520   6240168     78.86     34568    489232   1045500         0      0.00         0
07:55:17 PM   1629020   6283668     79.41     34576    489376   1045500         0      0.00         0
07:55:18 PM   1588644   6324044     79.92     34584    489524   1045500         0      0.00         0
07:55:19 PM   1551144   6361544     80.40     34592    489672   1045500         0      0.00         0
07:55:20 PM   1516968   6395720     80.83     34600    489816   1045500         0      0.00         0
07:55:21 PM   1502968   6409720     81.01     34608    489964   1045500         0      0.00         0
07:55:22 PM   1459240   6453448     81.56     34616    490116   1045500         0      0.00         0
07:55:23 PM   1415500   6497188     82.11     34624    490256   1045500         0      0.00         0
07:55:24 PM   1370824   6541864     82.68     34632    490408   1045500         0      0.00         0
07:55:25 PM   1330136   6582552     83.19     34640    490564   1045500         0      0.00         0
07:55:26 PM   1288344   6624344     83.72     34648    490732   1045500         0      0.00         0
07:55:27 PM   1246972   6665716     84.24     34656    490896   1045500         0      0.00         0
07:55:28 PM   1207136   6705552     84.74     34664    491044   1045500         0      0.00         0
07:55:29 PM   1201664   6711024     84.81     34672    491212   1045500         0      0.00         0
07:55:30 PM   1197692   6714996     84.86     34680    491360   1045500         0      0.00         0
07:55:31 PM   1193036   6719652     84.92     34688    491508   1045500         0      0.00         0
07:55:32 PM   1190268   6722420     84.96     34696    491680   1045500         0      0.00         0
07:55:33 PM   1188112   6724576     84.98     34704    491840   1045500         0      0.00         0
07:55:34 PM   1186000   6726688     85.01     34712    491980   1045500         0      0.00         0
07:55:35 PM   1185152   6727536     85.02     34720    492144   1045500         0      0.00         0
07:55:36 PM   1183172   6729516     85.05     34728    492296   1045500         0      0.00         0
07:55:37 PM   1181460   6731228     85.07     34736    492452   1045500         0      0.00         0
07:55:38 PM   1181536   6731152     85.07     34744    492604   1045500         0      0.00         0
07:55:39 PM   1181408   6731280     85.07     34752    492768   1045500         0      0.00         0
07:55:40 PM   1179156   6733532     85.10     34760    492920   1045500         0      0.00         0
07:55:41 PM   1177232   6735456     85.12     34768    493076   1045500         0      0.00         0
07:55:42 PM   1175800   6736888     85.14     34776    493216   1045500         0      0.00         0
07:55:43 PM   1173200   6739488     85.17     34784    493364   1045500         0      0.00         0
07:55:44 PM   1171844   6740844     85.19     34792    493524   1045500         0      0.00         0
07:55:45 PM   1172400   6740288     85.18     34800    493680   1045500         0      0.00         0
07:55:46 PM   1173560   6739128     85.17     34808    493884   1045500         0      0.00         0
07:55:47 PM   1174032   6738656     85.16     34816    494048   1045500         0      0.00         0
07:55:48 PM   1173880   6738808     85.16     34824    494196   1045500         0      0.00         0
07:55:49 PM   1173812   6738876     85.17     34832    494344   1045500         0      0.00         0
07:55:50 PM   1173624   6739064     85.17     34840    494512   1045500         0      0.00         0
07:55:51 PM   1174424   6738264     85.16     34848    494660   1045500         0      0.00         0
07:55:52 PM   1172912   6739776     85.18     34856    494812   1045500         0      0.00         0
07:55:53 PM   1174912   6737776     85.15     34864    494960   1045500         0      0.00         0
07:55:54 PM   1174596   6738092     85.16     34872    495108   1045500         0      0.00         0
07:55:55 PM   1175316   6737372     85.15     34880    495264   1045500         0      0.00         0
07:55:56 PM   1175936   6736752     85.14     34888    495416   1045500         0      0.00         0
07:55:57 PM   1176688   6736000     85.13     34896    495592   1045500         0      0.00         0
07:55:58 PM   1177000   6735688     85.13     34904    495740   1045500         0      0.00         0
07:55:59 PM   1175668   6737020     85.14     34912    495896   1045500         0      0.00         0
07:56:00 PM   1173532   6739156     85.17     34920    496056   1045500         0      0.00         0
07:56:01 PM   1169164   6743524     85.22     34928    496288   1045500         0      0.00         0
07:56:02 PM   1159652   6753036     85.34     34936    496512   1045500         0      0.00         0
07:56:03 PM   1140812   6771876     85.58     34944    496660   1045500         0      0.00         0
07:56:04 PM   1141044   6771644     85.58     34952    496852   1045500         0      0.00         0
07:56:05 PM   1139100   6773588     85.60     34960    497012   1045500         0      0.00         0
07:56:06 PM   1135520   6777168     85.65     34968    497164   1045500         0      0.00         0
07:56:07 PM   1129988   6782700     85.72     34976    497544   1045500         0      0.00         0
07:56:08 PM   1119904   6792784     85.85     34984    497612   1045500         0      0.00         0
07:56:09 PM   1120612   6792076     85.84     34992    497776   1045500         0      0.00         0
07:56:10 PM   1120576   6792112     85.84     35000    497924   1045500         0      0.00         0
07:56:11 PM   1121140   6791548     85.83     35008    498080   1045500         0      0.00         0
07:56:12 PM   1121644   6791044     85.82     35016    498232   1045500         0      0.00         0
07:56:13 PM   1122440   6790248     85.81     35024    498384   1045500         0      0.00         0
07:56:14 PM   1122468   6790220     85.81     35032    498544   1045500         0      0.00         0
07:56:15 PM   1123820   6788868     85.80     35040    498696   1045500         0      0.00         0
07:56:16 PM   1123952   6788736     85.80     35048    498860   1045500         0      0.00         0
07:56:17 PM   1124744   6787944     85.79     35056    499016   1045500         0      0.00         0
07:56:18 PM   1125632   6787056     85.77     35064    499164   1045500         0      0.00         0
07:56:19 PM   1126492   6786196     85.76     35072    499316   1045500         0      0.00         0
07:56:20 PM   1127308   6785380     85.75     35080    499476   1045500         0      0.00         0
07:56:21 PM   1125852   6786836     85.77     35088    499632   1045500         0      0.00         0
07:56:22 PM   1125868   6786820     85.77     35096    499776   1045500         0      0.00         0
07:56:23 PM   1126392   6786296     85.76     35104    499924   1045500         0      0.00         0
07:56:24 PM   1126696   6785992     85.76     35112    500080   1045500         0      0.00         0
07:56:25 PM   1128060   6784628     85.74     35120    500228   1045500         0      0.00         0
07:56:26 PM   1128700   6783988     85.74     35128    500388   1045500         0      0.00         0
07:56:27 PM   1129272   6783416     85.73     35136    500540   1045500         0      0.00         0
07:56:28 PM   1130364   6782324     85.71     35144    500688   1045500         0      0.00         0
07:56:29 PM   1130908   6781780     85.71     35152    500844   1045500         0      0.00         0
07:56:30 PM   1132200   6780488     85.69     35160    501000   1045500         0      0.00         0
07:56:31 PM   1133120   6779568     85.68     35168    501148   1045500         0      0.00         0
07:56:32 PM   1133984   6778704     85.67     35176    501296   1045500         0      0.00         0
07:56:33 PM   1134884   6777804     85.66     35184    501452   1045500         0      0.00         0
07:56:34 PM   1135780   6776908     85.65     35192    501592   1045500         0      0.00         0
07:56:35 PM   1136840   6775848     85.63     35200    501740   1045500         0      0.00         0
07:56:36 PM   1137612   6775076     85.62     35208    501892   1045500         0      0.00         0
07:56:37 PM   1138596   6774092     85.61     35216    502060   1045500         0      0.00         0
07:56:38 PM   1139200   6773488     85.60     35224    502216   1045500         0      0.00         0
07:56:39 PM   1138288   6774400     85.61     35232    502588   1045500         0      0.00         0
07:56:40 PM   1138048   6774640     85.62     35240    502740   1045500         0      0.00         0
07:56:41 PM   1136104   6776584     85.64     35248    502900   1045500         0      0.00         0
07:56:42 PM   1134252   6778436     85.67     35256    503044   1045500         0      0.00         0
07:56:43 PM   1134076   6778612     85.67     35264    503204   1045500         0      0.00         0
07:56:44 PM   1135912   6776776     85.64     35272    503364   1045500         0      0.00         0
07:56:45 PM   1135976   6776712     85.64     35280    503524   1045500         0      0.00         0
07:56:46 PM   1136876   6775812     85.63     35288    503676   1045500         0      0.00         0
07:56:47 PM   1137280   6775408     85.63     35296    503832   1045500         0      0.00         0
07:56:48 PM   1135968   6776720     85.64     35304    503992   1045500         0      0.00         0
07:56:49 PM   1134876   6777812     85.66     35312    504144   1045500         0      0.00         0
07:56:50 PM   1135536   6777152     85.65     35320    504292   1045500         0      0.00         0
07:56:51 PM   1134996   6777692     85.66     35328    504444   1045500         0      0.00         0
07:56:52 PM   1135048   6777640     85.66     35336    504604   1045500         0      0.00         0
07:56:53 PM   1136080   6776608     85.64     35344    504764   1045500         0      0.00         0
07:56:54 PM   1134640   6778048     85.66     35352    504924   1045500         0      0.00         0
07:56:55 PM   1135376   6777312     85.65     35360    505084   1045500         0      0.00         0
07:56:56 PM   1136292   6776396     85.64     35368    505236   1045500         0      0.00         0
07:56:57 PM   1135020   6777668     85.66     35376    505388   1045500         0      0.00         0
07:56:58 PM   1132572   6780116     85.69     35384    505540   1045500         0      0.00         0
07:56:59 PM   1128016   6784672     85.74     35392    505696   1045500         0      0.00         0
07:57:00 PM   1118752   6793936     85.86     35400    505848   1045500         0      0.00         0
07:57:01 PM   1101228   6811460     86.08     35408    506012   1045500         0      0.00         0
07:57:02 PM   1101880   6810808     86.07     35416    506176   1045500         0      0.00         0
07:57:03 PM   1099656   6813032     86.10     35424    506328   1045500         0      0.00         0
07:57:04 PM   1096632   6816056     86.14     35432    506536   1045500         0      0.00         0
07:57:05 PM   1091880   6820808     86.20     35440    506696   1045500         0      0.00         0
07:57:06 PM   1081768   6830920     86.33     35448    506848   1045500         0      0.00         0
07:57:07 PM   1064044   6848644     86.55     35456    507000   1045500         0      0.00         0
07:57:08 PM   1063120   6849568     86.56     35464    507156   1045500         0      0.00         0
07:57:09 PM   1063812   6848876     86.56     35472    507320   1045500         0      0.00         0
07:57:10 PM   1063136   6849552     86.56     35480    507520   1045500         0      0.00         0
07:57:11 PM   1063404   6849284     86.56     35488    507668   1045500         0      0.00         0
07:57:12 PM   1064400   6848288     86.55     35496    507836   1045500         0      0.00         0
07:57:13 PM   1065044   6847644     86.54     35504    507992   1045500         0      0.00         0
07:57:14 PM   1064644   6848044     86.55     35512    508152   1045500         0      0.00         0
07:57:15 PM   1064584   6848104     86.55     35520    508312   1045500         0      0.00         0
07:57:16 PM   1065536   6847152     86.53     35528    508468   1045500         0      0.00         0
07:57:17 PM   1066544   6846144     86.52     35536    508660   1045500         0      0.00         0
07:57:18 PM   1067396   6845292     86.51     35544    508816   1045500         0      0.00         0
07:57:19 PM   1068652   6844036     86.49     35552    508976   1045500         0      0.00         0
07:57:20 PM   1069336   6843352     86.49     35560    509128   1045500         0      0.00         0
07:57:21 PM   1069940   6842748     86.48     35568    509320   1045500         0      0.00         0
07:57:22 PM   1070988   6841700     86.46     35576    509480   1045500         0      0.00         0
07:57:23 PM   1070832   6841856     86.47     35584    509636   1045500         0      0.00         0
07:57:24 PM   1071572   6841116     86.46     35592    509792   1045500         0      0.00         0
07:57:25 PM   1072528   6840160     86.45     35600    509952   1045500         0      0.00         0
07:57:26 PM   1073400   6839288     86.43     35608    510108   1045500         0      0.00         0
07:57:27 PM   1074396   6838292     86.42     35616    510264   1045500         0      0.00         0
07:57:28 PM   1075020   6837668     86.41     35624    510424   1045500         0      0.00         0
07:57:29 PM   1075716   6836972     86.41     35632    510568   1045500         0      0.00         0
07:57:30 PM   1076932   6835756     86.39     35640    510732   1045500         0      0.00         0
07:57:31 PM   1076768   6835920     86.39     35648    510884   1045500         0      0.00         0
07:57:32 PM   1077320   6835368     86.38     35656    511040   1045500         0      0.00         0
07:57:33 PM   1078536   6834152     86.37     35664    511228   1045500         0      0.00         0
07:57:34 PM   1078492   6834196     86.37     35672    511392   1045500         0      0.00         0
07:57:35 PM   1079108   6833580     86.36     35680    511540   1045500         0      0.00         0
07:57:36 PM   1079784   6832904     86.35     35688    511692   1045500         0      0.00         0
07:57:37 PM   1080832   6831856     86.34     35696    511852   1045500         0      0.00         0
07:57:38 PM   1081784   6830904     86.33     35704    512008   1045500         0      0.00         0
07:57:39 PM   1082700   6829988     86.32     35712    512160   1045500         0      0.00         0
07:57:40 PM   1083636   6829052     86.31     35720    512396   1045500         0      0.00         0
07:57:41 PM   1084400   6828288     86.30     35728    512552   1045500         0      0.00         0
07:57:42 PM   1085600   6827088     86.28     35736    512692   1045500         0      0.00         0
07:57:43 PM   1086356   6826332     86.27     35744    512856   1045500         0      0.00         0
07:57:44 PM   1087508   6825180     86.26     35752    513012   1045500         0      0.00         0
07:57:45 PM   1088512   6824176     86.24     35760    513168   1045500         0      0.00         0
07:57:46 PM   1089256   6823432     86.23     35768    513360   1045500         0      0.00         0
07:57:47 PM   1090276   6822412     86.22     35776    513516   1045500         0      0.00         0
07:57:48 PM   1091856   6820832     86.20     35784    513664   1045500         0      0.00         0
07:57:49 PM   1092620   6820068     86.19     35792    513812   1045500         0      0.00         0
07:57:50 PM   1093160   6819528     86.18     35800    513964   1045500         0      0.00         0
07:57:51 PM   1094472   6818216     86.17     35808    514120   1045500         0      0.00         0
07:57:52 PM   1095456   6817232     86.16     35816    514272   1045500         0      0.00         0
07:57:53 PM   1096724   6815964     86.14     35824    514436   1045500         0      0.00         0
07:57:54 PM   1097324   6815364     86.13     35832    514588   1045500         0      0.00         0
07:57:55 PM   1098240   6814448     86.12     35840    514740   1045500         0      0.00         0
07:57:56 PM   1099316   6813372     86.11     35848    514892   1045500         0      0.00         0
07:57:57 PM   1100368   6812320     86.09     35856    515036   1045500         0      0.00         0
07:57:58 PM   1101256   6811432     86.08     35864    515192   1045500         0      0.00         0
07:57:59 PM   1102556   6810132     86.07     35872    515340   1045500         0      0.00         0
07:58:00 PM   1103628   6809060     86.05     35880    515500   1045500         0      0.00         0
07:58:01 PM   1104344   6808344     86.04     35888    515636   1045500         0      0.00         0
07:58:02 PM   1105424   6807264     86.03     35896    515788   1045500         0      0.00         0
07:58:03 PM   1106520   6806168     86.02     35904    515948   1045500         0      0.00         0
07:58:04 PM   1107100   6805588     86.01     35912    516100   1045500         0      0.00         0
07:58:05 PM   1108260   6804428     85.99     35920    516248   1045500         0      0.00         0
07:58:06 PM   1109252   6803436     85.98     35928    516408   1045500         0      0.00         0
07:58:07 PM   1110532   6802156     85.97     35936    516560   1045500         0      0.00         0
07:58:08 PM   1108792   6803896     85.99     35944    516708   1045500         0      0.00         0
07:58:09 PM   1110056   6802632     85.97     35952    516860   1045500         0      0.00         0
07:58:10 PM   1111012   6801676     85.96     35960    517016   1045500         0      0.00         0
07:58:11 PM   1109752   6802936     85.98     35968    517172   1045500         0      0.00         0
07:58:12 PM   1108112   6804576     86.00     35976    517332   1045500         0      0.00         0
07:58:13 PM   1103744   6808944     86.05     35984    517488   1045500         0      0.00         0
07:58:14 PM   1095332   6817356     86.16     35992    517648   1045500         0      0.00         0
07:58:15 PM   1077908   6834780     86.38     36000    517800   1045500         0      0.00         0
07:58:16 PM   1076704   6835984     86.39     36008    517956   1045500         0      0.00         0
07:58:17 PM   1076888   6835800     86.39     36016    518108   1045500         0      0.00         0
07:58:18 PM   1077936   6834752     86.38     36024    518264   1045500         0      0.00         0
07:58:19 PM   1076412   6836276     86.40     36032    518412   1045500         0      0.00         0
07:58:20 PM   1073248   6839440     86.44     36040    518580   1045500         0      0.00         0
07:58:21 PM   1073728   6838960     86.43     36048    518732   1045500         0      0.00         0
07:58:22 PM   1074972   6837716     86.41     36056    518884   1045500         0      0.00         0
07:58:23 PM   1075812   6836876     86.40     36064    519032   1045500         0      0.00         0
07:58:24 PM   1076848   6835840     86.39     36072    519180   1045500         0      0.00         0
07:58:25 PM   1077372   6835316     86.38     36080    519332   1045500         0      0.00         0
07:58:26 PM   1078772   6833916     86.37     36088    519528   1045500         0      0.00         0
07:58:27 PM   1078924   6833764     86.36     36096    519680   1045500         0      0.00         0
07:58:28 PM   1079856   6832832     86.35     36104    519824   1045500         0      0.00         0
07:58:29 PM   1080472   6832216     86.35     36112    520016   1045500         0      0.00         0
07:58:30 PM   1081808   6830880     86.33     36120    520168   1045500         0      0.00         0
07:58:31 PM   1082532   6830156     86.32     36128    520324   1045500         0      0.00         0
07:58:32 PM   1083456   6829232     86.31     36136    520472   1045500         0      0.00         0
07:58:33 PM   1084644   6828044     86.29     36144    520624   1045500         0      0.00         0
07:58:34 PM   1085796   6826892     86.28     36152    520772   1045500         0      0.00         0
07:58:35 PM   1086088   6826600     86.27     36160    520924   1045500         0      0.00         0
07:58:36 PM   1087056   6825632     86.26     36168    521080   1045500         0      0.00         0
07:58:37 PM   1088560   6824128     86.24     36176    521236   1045500         0      0.00         0
07:58:38 PM   1088724   6823964     86.24     36184    521392   1045500         0      0.00         0
07:58:39 PM   1089944   6822744     86.23     36192    521556   1045500         0      0.00         0
07:58:40 PM   1089644   6823044     86.23     36200    521756   1045500         0      0.00         0
07:58:41 PM   1087516   6825172     86.26     36208    521908   1045500         0      0.00         0
07:58:42 PM   1083556   6829132     86.31     36216    522064   1045500         0      0.00         0
07:58:43 PM   1076068   6836620     86.40     36224    522220   1045500         0      0.00         0
07:58:44 PM   1074544   6838144     86.42     36232    522384   1045500         0      0.00         0
07:58:45 PM   1073968   6838720     86.43     36240    522544   1045500         0      0.00         0
07:58:46 PM   1074252   6838436     86.42     36248    522688   1045500         0      0.00         0
07:58:47 PM   1075644   6837044     86.41     36256    522836   1045500         0      0.00         0
07:58:48 PM   1076560   6836128     86.39     36264    522988   1045500         0      0.00         0
07:58:49 PM   1076308   6836380     86.40     36272    523140   1045500         0      0.00         0
07:58:50 PM   1077104   6835584     86.39     36280    523292   1045500         0      0.00         0
07:58:51 PM   1077604   6835084     86.38     36288    523448   1045500         0      0.00         0
07:58:52 PM   1078608   6834080     86.37     36296    523600   1045500         0      0.00         0
07:58:53 PM   1079608   6833080     86.36     36304    523752   1045500         0      0.00         0
07:58:54 PM   1080804   6831884     86.34     36312    523952   1045500         0      0.00         0
07:58:55 PM   1081540   6831148     86.33     36320    524100   1045500         0      0.00         0
07:58:56 PM   1082548   6830140     86.32     36328    524252   1045500         0      0.00         0
07:58:57 PM   1083340   6829348     86.31     36336    524412   1045500         0      0.00         0
07:58:58 PM   1084376   6828312     86.30     36344    524564   1045500         0      0.00         0
07:58:59 PM   1085316   6827372     86.28     36352    524712   1045500         0      0.00         0
07:59:00 PM   1086292   6826396     86.27     36360    524868   1045500         0      0.00         0
07:59:01 PM   1087620   6825068     86.25     36368    525016   1045500         0      0.00         0
07:59:02 PM   1088228   6824460     86.25     36376    525176   1045500         0      0.00         0
07:59:03 PM   1089152   6823536     86.24     36384    525328   1045500         0      0.00         0
07:59:04 PM   1090100   6822588     86.22     36392    525476   1045500         0      0.00         0
07:59:05 PM   1091396   6821292     86.21     36400    525624   1045500         0      0.00         0
07:59:06 PM   1092272   6820416     86.20     36408    525780   1045500         0      0.00         0
07:59:07 PM   1093348   6819340     86.18     36416    525932   1045500         0      0.00         0
07:59:08 PM   1094568   6818120     86.17     36424    526080   1045500         0      0.00         0
07:59:09 PM   1095336   6817352     86.16     36432    526224   1045500         0      0.00         0
07:59:10 PM   1096184   6816504     86.15     36440    526384   1045500         0      0.00         0
07:59:11 PM   1097284   6815404     86.13     36448    526576   1045500         0      0.00         0
07:59:12 PM   1098068   6814620     86.12     36456    526780   1045500         0      0.00         0
07:59:13 PM   1098788   6813900     86.11     36464    526940   1045500         0      0.00         0
07:59:14 PM   1099788   6812900     86.10     36472    527132   1045500         0      0.00         0
07:59:15 PM   1101100   6811588     86.08     36480    527284   1045500         0      0.00         0
07:59:16 PM   1101832   6810856     86.08     36488    527436   1045500         0      0.00         0
07:59:17 PM   1102856   6809832     86.06     36496    527588   1045500         0      0.00         0
07:59:18 PM   1104044   6808644     86.05     36504    527744   1045500         0      0.00         0
07:59:19 PM   1104880   6807808     86.04     36512    527896   1045500         0      0.00         0
07:59:20 PM   1106036   6806652     86.02     36520    528052   1045500         0      0.00         0
07:59:21 PM   1106920   6805768     86.01     36528    528200   1045500         0      0.00         0
07:59:22 PM   1107936   6804752     86.00     36536    528368   1045500         0      0.00         0
07:59:23 PM   1108968   6803720     85.98     36544    528524   1045500         0      0.00         0
07:59:24 PM   1109960   6802728     85.97     36552    528680   1045500         0      0.00         0
07:59:25 PM   1110808   6801880     85.96     36560    528856   1045500         0      0.00         0
07:59:26 PM   1112076   6800612     85.95     36568    529012   1045500         0      0.00         0
07:59:27 PM   1113344   6799344     85.93     36576    529168   1045500         0      0.00         0
07:59:28 PM   1114112   6798576     85.92     36584    529324   1045500         0      0.00         0
07:59:29 PM   1115044   6797644     85.91     36592    529488   1045500         0      0.00         0
07:59:30 PM   1115932   6796756     85.90     36600    529648   1045500         0      0.00         0
07:59:31 PM   1117060   6795628     85.88     36608    529800   1045500         0      0.00         0
07:59:32 PM   1118024   6794664     85.87     36616    529952   1045500         0      0.00         0
07:59:33 PM   1118812   6793876     85.86     36624    530112   1045500         0      0.00         0
07:59:34 PM   1119968   6792720     85.85     36632    530260   1045500         0      0.00         0
07:59:35 PM   1120936   6791752     85.83     36640    530488   1045500         0      0.00         0
07:59:36 PM   1122060   6790628     85.82     36648    530636   1045500         0      0.00         0
07:59:37 PM   1122976   6789712     85.81     36656    530788   1045500         0      0.00         0
07:59:38 PM   1123680   6789008     85.80     36664    530928   1045500         0      0.00         0
07:59:39 PM   1124888   6787800     85.78     36672    531068   1045500         0      0.00         0
07:59:40 PM   1126156   6786532     85.77     36680    531204   1045500         0      0.00         0
07:59:41 PM   1127172   6785516     85.75     36688    531336   1045500         0      0.00         0
07:59:42 PM   1128204   6784484     85.74     36696    531460   1045500         0      0.00         0
07:59:43 PM   1129684   6783004     85.72     36704    531580   1045500         0      0.00         0
07:59:44 PM   1131356   6781332     85.70     36712    531692   1045500         0      0.00         0
07:59:45 PM   1132840   6779848     85.68     36720    531796   1045500         0      0.00         0
07:59:46 PM   1134412   6778276     85.66     36728    531880   1045500         0      0.00         0
07:59:47 PM   1136196   6776492     85.64     36736    531960   1045500         0      0.00         0
07:59:48 PM   1137748   6774940     85.62     36744    532068   1045500         0      0.00         0
07:59:49 PM   1139580   6773108     85.60     36752    532128   1045500         0      0.00         0
07:59:50 PM   1141416   6771272     85.57     36760    532180   1045500         0      0.00         0
07:59:51 PM   1143016   6769672     85.55     36768    532232   1045500         0      0.00         0
07:59:52 PM   1144480   6768208     85.54     36776    532272   1045500         0      0.00         0
07:59:53 PM   1146112   6766576     85.52     36784    532324   1045500         0      0.00         0
07:59:54 PM   1147884   6764804     85.49     36792    532356   1045500         0      0.00         0
07:59:55 PM   1149380   6763308     85.47     36800    532380   1045500         0      0.00         0
07:59:56 PM   1150292   6762396     85.46     36808    532400   1045500         0      0.00         0
07:59:57 PM   1151968   6760720     85.44     36816    532412   1045500         0      0.00         0
07:59:58 PM   1153640   6759048     85.42     36824    532428   1045500         0      0.00         0
07:59:59 PM   1155064   6757624     85.40     36832    532440   1045500         0      0.00         0
08:00:00 PM   1156196   6756492     85.39     36840    532452   1045500         0      0.00         0
08:00:01 PM   1157500   6755188     85.37     36848    532468   1045500         0      0.00         0
08:00:02 PM   1158544   6754144     85.36     36856    532476   1045500         0      0.00         0
08:00:03 PM   1159776   6752912     85.34     36864    532488   1045500         0      0.00         0
08:00:04 PM   1160836   6751852     85.33     36872    532480   1045500         0      0.00         0
08:00:05 PM   1161876   6750812     85.32     36880    532496   1045500         0      0.00         0
08:00:06 PM   1163404   6749284     85.30     36888    532500   1045500         0      0.00         0
08:00:07 PM   1164520   6748168     85.28     36896    532504   1045500         0      0.00         0
08:00:08 PM   1165712   6746976     85.27     36904    532496   1045500         0      0.00         0
08:00:09 PM   1166836   6745852     85.25     36912    532516   1045500         0      0.00         0
08:00:10 PM   1167876   6744812     85.24     36920    532508   1045500         0      0.00         0
08:00:11 PM   1169000   6743688     85.23     36928    532524   1045500         0      0.00         0
08:00:12 PM   1170268   6742420     85.21     36936    532516   1045500         0      0.00         0
08:00:13 PM   1171668   6741020     85.19     36944    532532   1045500         0      0.00         0
08:00:14 PM   1172840   6739848     85.18     36952    532540   1045500         0      0.00         0
08:00:15 PM   1173876   6738812     85.16     36960    532532   1045500         0      0.00         0
08:00:16 PM   1175072   6737616     85.15     36968    532548   1045500         0      0.00         0
08:00:17 PM   1176360   6736328     85.13     36976    532540   1045500         0      0.00         0
08:00:18 PM   1177656   6735032     85.12     36984    532556   1045500         0      0.00         0
08:00:19 PM   1178584   6734104     85.11     36992    532548   1045500         0      0.00         0
08:00:20 PM   1179976   6732712     85.09     37000    532564   1045500         0      0.00         0
08:00:21 PM   1181112   6731576     85.07     37008    532556   1045500         0      0.00         0
08:00:22 PM   1182320   6730368     85.06     37016    532572   1045500         0      0.00         0
08:00:23 PM   1183468   6729220     85.04     37024    532564   1045500         0      0.00         0
08:00:24 PM   1184780   6727908     85.03     37032    532580   1045500         0      0.00         0
08:00:25 PM   1185820   6726868     85.01     37040    532572   1045500         0      0.00         0
08:00:26 PM   1187008   6725680     85.00     37048    532592   1045500         0      0.00         0
08:00:27 PM   1188248   6724440     84.98     37056    532596   1045500         0      0.00         0
08:00:28 PM   1189396   6723292     84.97     37064    532588   1045500         0      0.00         0
08:00:29 PM   1190416   6722272     84.96     37072    532604   1045500         0      0.00         0
08:00:30 PM   1191704   6720984     84.94     37080    532596   1045500         0      0.00         0
08:00:31 PM   1192868   6719820     84.92     37088    532612   1045500         0      0.00         0
08:00:32 PM   1194308   6718380     84.91     37096    532616   1045500         0      0.00         0
08:00:33 PM   1195476   6717212     84.89     37104    532608   1045500         0      0.00         0
08:00:34 PM   1196888   6715800     84.87     37112    532624   1045500         0      0.00         0
08:00:35 PM   1197932   6714756     84.86     37120    532616   1045500         0      0.00         0
08:00:36 PM   1199216   6713472     84.84     37128    532636   1045500         0      0.00         0
08:00:37 PM   1200252   6712436     84.83     37136    532628   1045500         0      0.00         0
08:00:38 PM   1201424   6711264     84.82     37144    532648   1045500         0      0.00         0
08:00:39 PM   1202468   6710220     84.80     37152    532640   1045500         0      0.00         0
08:00:40 PM   1203876   6708812     84.79     37160    532656   1045500         0      0.00         0
08:00:41 PM   1204756   6707932     84.77     37168    532660   1045500         0      0.00         0
08:00:42 PM   1206188   6706500     84.76     37176    532652   1045500         0      0.00         0
08:00:43 PM   1207588   6705100     84.74     37184    532668   1045500         0      0.00         0
08:00:44 PM   1208752   6703936     84.72     37192    532672   1045500         0      0.00         0
08:00:45 PM   1209828   6702860     84.71     37200    532664   1045500         0      0.00         0
08:00:46 PM   1210984   6701704     84.70     37208    532684   1045500         0      0.00         0
08:00:47 PM   1211872   6700816     84.68     37216    532676   1045500         0      0.00         0
08:00:48 PM   1213564   6699124     84.66     37224    532692   1045500         0      0.00         0
08:00:49 PM   1214592   6698096     84.65     37232    532684   1045500         0      0.00         0
08:00:50 PM   1215764   6696924     84.64     37240    532700   1045500         0      0.00         0
08:00:51 PM   1216920   6695768     84.62     37248    532704   1045500         0      0.00         0
08:00:52 PM   1218220   6694468     84.60     37256    532708   1045500         0      0.00         0
08:00:53 PM   1219248   6693440     84.59     37264    532700   1045500         0      0.00         0
08:00:54 PM   1220528   6692160     84.58     37272    532716   1045500         0      0.00         0
08:00:55 PM   1221804   6690884     84.56     37280    532708   1045500         0      0.00         0
08:00:56 PM   1223112   6689576     84.54     37288    532724   1045500         0      0.00         0
08:00:57 PM   1224156   6688532     84.53     37296    532716   1045500         0      0.00         0
08:00:58 PM   1225316   6687372     84.51     37304    532736   1045500         0      0.00         0
08:00:59 PM   1226252   6686436     84.50     37312    532728   1045500         0      0.00         0
08:01:00 PM   1227864   6684824     84.48     37320    532744   1045500         0      0.00         0
08:01:01 PM   1229052   6683636     84.47     37328    532748   1045500         0      0.00         0
08:01:02 PM   1230224   6682464     84.45     37336    532740   1045500         0      0.00         0
Average:      1268614   6644074     83.97     35740    511613   1045500         0      0.00         0
