Linux 3.13.0-24-generic (janaka-HP-430-Notebook-PC) 	2015-07-22 	_x86_64_	(4 CPU)

14:46:48    kbmemfree kbmemused  %memused kbbuffers  kbcached  kbcommit   %commit  kbactive   kbinact   kbdirty
14:46:49      2176380   1721480     44.16    106112   1327032   1106572     28.39    653468    924472         0
14:46:50      2135468   1762392     45.21    106116   1338120   1199652     30.78    683236    933936         0
14:46:51      2077320   1820540     46.71    106116   1345476   2999244     76.95    728444    940328         0
14:46:52      1994868   1902992     48.82    106116   1357184   2980140     76.46    794876    950696         0
14:46:53      1916932   1980928     50.82    106128   1360512   3143760     80.65    857808    954164         0
14:46:54      1816328   2081532     53.40    106128   1364784   2941216     75.46    935296    957432      1816
14:46:55      1740192   2157668     55.36    106128   1364916   2722524     69.85   1011132    957480      1840
14:46:56      1744772   2153088     55.24    106520   1365436   2511244     64.43   1005328    957692      1860
14:46:57      1745500   2152360     55.22    106828   1365912   2437388     62.53   1002732    957544      1864
14:46:58      1750188   2147672     55.10    106832   1366880   2416092     61.99   1011096    945196      1864
14:46:59      1760376   2137484     54.84    106836   1369368   2385944     61.21   1000596    946568      1912
14:47:00      1655288   2242572     57.53    106836   1369428   3011052     77.25   1105476    946284      1924
14:47:01      1584828   2313032     59.34    106836   1369564   3082952     79.09   1174700    946400      1936
14:47:02      1534496   2363364     60.63    106836   1371660   3080556     79.03   1219260    948164      4032
14:47:03      1471952   2425908     62.24    106844   1375216   3179396     81.57   1272504    951480      7824
14:47:04      1389068   2508792     64.36    106844   1375672   3347088     85.87   1349644    951948      8156
14:47:05      1286496   2611364     66.99    106844   1375676   3534608     90.68   1446552    951948      8164
14:47:06      1245932   2651928     68.04    106844   1375676   3550748     91.09   1486548    951948      8164
14:47:07      1224548   2673312     68.58    106844   1375676   3557484     91.27   1508416    951948      8164
14:47:08      1210348   2687512     68.95    106852   1376572   3567124     91.51   1520332    952624      8728
14:47:09      1194944   2702916     69.34    106852   1376536   3450844     88.53   1535332    952748      8744
14:47:10      1192576   2705284     69.40    106852   1376544   3399764     87.22   1536836    952752      8752
14:47:11      1193776   2704084     69.37    106852   1376544   3382136     86.77   1536528    952748      8752
14:47:12      1187208   2710652     69.54    106852   1376544   3425372     87.88   1545388    952744      8752
14:47:13      1149724   2748136     70.50    106860   1376580   3812352     97.81   1600816    934696      8576
14:47:14      1118064   2779796     71.32    106860   1376684   5705164    146.37   1628352    934112      8664
14:47:15      1083520   2814340     72.20    106860   1376688   6119508    157.00   1660060    934116      8668
14:47:16       998456   2899404     74.38    106860   1377508   7175976    184.10   1737860    934812      9488
14:47:17       923060   2974800     76.32    106860   1378848   7317764    187.74   1806632    936060     10884
14:47:18       784896   3112964     79.86    106860   1380072   8568960    219.84   1929792    937316     12136
14:47:19       605592   3292268     84.46    106868   1380072  11323988    290.52   2081700    937324     12140
14:47:20       523684   3374176     86.56    106868   1380076  13364492    342.87   2157400    937324     12144
14:47:22       457352   3440508     88.27    106868   1380892  15316092    392.94   2216464    938200     12972
14:47:23       421656   3476204     89.18    106868   1383292  16357528    419.65   2247152    940152     15400
14:47:24       384996   3512864     90.12    106868   1384352  16399148    420.72   2281984    941216     16036
14:47:25       345748   3552112     91.13    106876   1386076  17446444    447.59   2317000    942932     17748
14:47:26       305196   3592664     92.17    106876   1387652  18376252    471.44   2351532    944472     19348
14:47:27       281720   3616140     92.77    106876   1391960  18387840    471.74   2371276    948916     23692
14:47:28       255000   3642860     93.46    106876   1394904  18419028    472.54   2394432    951400     26680
14:47:29       207016   3690844     94.69    106876   1402056  18013116    462.13   2434268    958056      3928
14:47:30       162972   3734888     95.82    106884   1407880  17959444    460.75   2473532    963440      9904
14:47:31       140140   3757720     96.40    106864   1402216  18507704    474.82   2501540    957744     12104
14:47:32       145896   3751964     96.26    106840   1364312  18908884    485.11   2529960    919836     15120
14:47:33       131788   3766072     96.62    106792   1342056  18405788    472.20   2569208    896852     16196
14:47:34       151768   3746092     96.11    106624   1302756  19291468    494.92   2586632    857008     16524
14:47:35       141456   3756404     96.37    106500   1281500  19151676    491.34   2619100    835332     17380
14:47:36       146792   3751068     96.23    106260   1255612  19295936    495.04   2638896    809216     18704
14:47:37       140636   3757224     96.39    105860   1236396  21052748    540.11   2659972    789516     20540
14:47:38       140068   3757792     96.41    105692   1205268  23355716    599.19   2685516    757904     22056
14:47:39       147008   3750852     96.23    104388   1175292  25176828    645.91   2702236    726224     23712
14:47:40       133104   3764756     96.59    104396   1175744  26136900    670.54   2714748    726632     24304
14:47:41       143932   3753928     96.31    102984   1153020  26867068    689.28   2725848    702416     25880
14:47:42       148456   3749404     96.19    102764   1135152  28389292    728.33   2734048    683912     28872
14:47:43       138644   3759216     96.44    102360   1120856  30715768    788.02   2752180    669480     32384
14:47:44       144876   3752984     96.28    101040   1103912  32118432    824.00   2760764    650296     34916
14:47:45       145284   3752576     96.27    100512   1078800  33999644    872.26   2780496    624508     37588
14:47:46       145568   3752292     96.27    100272   1049832  35462176    909.79   2804264    595596     38112
14:47:47       130992   3766868     96.64    100272   1049976  36229544    929.47   2818144    595632     38236
14:47:48       141164   3756696     96.38     96424   1020892  37279192    956.40   2832308    565684     38912
14:47:49       134112   3763748     96.56     95852   1009220  37201948    954.42   2846212    557572     39420
14:47:50       142104   3755756     96.35     94588    991044  37027996    949.96   2855516    541428     39436
14:47:51       138616   3759244     96.44     94000    983904  36953352    948.04   2861644    537896     39444
14:47:52       141644   3756216     96.37     92464    969704  36876828    946.08   2865936    529800     39456
14:47:53       138884   3758976     96.44     92464    969772  36205160    928.85   2867896    529508     39492
14:47:54       136904   3760956     96.49     92452    968176  35880372    920.51   2870208    528800     26056
14:47:55       132800   3765060     96.59     92464    968504  36266848    930.43   2875432    528688     26096
14:47:56       130804   3767056     96.64     92464    968808  36374600    933.19   2878084    528696     26184
14:47:57       147916   3749944     96.21     89780    939804  36180252    928.21   2877376    511524     26796
14:47:58       145808   3752052     96.26     89132    937700  35595244    913.20   2880188    510636     29456
14:47:59       140580   3757280     96.39     88196    933716  35414564    908.56   2888132    508516      1484
14:48:00       127616   3770244     96.73     88204    934424  36290024    931.02   2901308    509040      1868
14:48:01       144164   3753696     96.30     86172    908080  36287104    930.95   2897556    496152      2868
14:48:02       148176   3749684     96.20     85772    900548  36161720    927.73   2896512    492380      3952
14:48:03       143520   3754340     96.32     85772    898272  36321364    931.83   2901836    491148      4756
14:48:04       134088   3763772     96.56     85772    898632  36402600    933.91   2912708    491532      5228
14:48:05       140848   3757012     96.39     85088    879048  36394156    933.70   2914488    481232      6436
14:48:06       130528   3767332     96.65     84252    862596  37890704    972.09   2930972    472820      8660
14:48:07       148316   3749544     96.19     83520    840832  37510328    962.33   2924384    460904     10184
14:48:08       140892   3756968     96.39     83520    841008  37518692    962.55   2933844    460104     10364
14:48:09       134124   3763736     96.56     83364    831784  38222252    980.60   2940616    456648     12084
14:48:10       130272   3767588     96.66     83372    830632  39082740   1002.67   2944580    456496     14264
14:48:11       126704   3771156     96.75     82720    813888  40747952   1045.39   2951336    447852     16872
14:48:12       151900   3745960     96.10     78020    780616  40874036   1048.63   2945356    427968     18460
14:48:13       152916   3744944     96.08     77612    781280  40432560   1037.30   2944196    428020     19224
14:48:14       145124   3752736     96.28     73104    781364  41868280   1074.14   2952076    426072     20664
14:48:15       149928   3747932     96.15     67828    775772  41798772   1072.35   2951264    420676     22460
14:48:16       142900   3754960     96.33     67828    777524  41723548   1070.42   2957628    422464     24084
14:48:17       142896   3754964     96.33     64944    768780  41339212   1060.56   2964208    416016     25700
14:48:18       149272   3748588     96.17     64944    770240  40662652   1043.20   2955772    416948     27340
14:48:19       149192   3748668     96.17     64944    773164  40517956   1039.49   2954400    419764     30292
14:48:20       139724   3758136     96.42     64952    774976  40393872   1036.31   2963464    421728     32008
14:48:21       147580   3750280     96.21     63012    766468  39730732   1019.30   2963420    413704     33220
14:48:22       150696   3747164     96.13     62548    750140  39276560   1007.64   2969968    405252     33324
14:48:23       151172   3746688     96.12     62548    751640  39029008   1001.29   2968376    406424     34896
14:48:24       148396   3749464     96.19     62548    753004  38450964    986.46   2970176    407820     26404
14:48:25       145884   3751976     96.26     62556    753976  36999472    949.23   2975236    408572     27288
14:48:26       153692   3744168     96.06     62556    755044  36068368    925.34   2968868    409536     28268
14:48:27       145724   3752136     96.26     62380    754040  35291888    905.42   2979260    407980     30916
14:48:28       134380   3763480     96.55     62312    757768  34938412    896.35   2986916    411472     36580
14:48:29       133808   3764052     96.57     61488    746924  33979252    871.74   2997060    404052     36372
14:48:30       142020   3755840     96.36     61148    734476  33497640    859.39   2999172    396532     38364
14:48:31       150828   3747032     96.13     58976    724156  33161556    850.76   2995736    390820      2356
14:48:32       147176   3750684     96.22     58980    725524  32829656    842.25   2999032    392092      3840
14:48:33       148920   3748940     96.18     58980    726088  32143360    824.64   2997708    392504      4368
14:48:34       143264   3754596     96.32     58980    727780  31423796    806.18   3005744    393672      6028
14:48:35       144736   3753124     96.29     56476    724560  31026856    796.00   3008636    389388      6360
14:48:36       147684   3750176     96.21     56284    721264  30816132    790.59   3006912    387848      7376
14:48:37       143752   3754108     96.31     56276    720512  30819972    790.69   3012056    387428      8588
14:48:38       157784   3740076     95.95     41328    714244  30698884    787.58   3009516    376504     10040
14:48:39       156588   3741272     95.98     41328    715488  30471012    781.74   3011132    377712     11096
14:48:40       157928   3739932     95.95     41336    716548  28638460    734.72   3010712    378600     12148
14:48:41       175796   3722064     95.49     41336    719376  23341044    598.82   3003272    381236     15008
14:48:42       184356   3713504     95.27     41336    720880  21464136    550.66   2999204    382680     16568
14:48:43       194920   3702940     95.00     41336    721256  19220544    493.11   2994620    383272     16956
14:48:44       207788   3690072     94.67     41336    724896  16200944    415.64   2986100    386432     20632
14:48:45       219004   3678856     94.38     41344    728028  14747288    378.34   2978552    389548     23788
14:48:46       229976   3667884     94.10     41344    728484  13307876    341.41   2973248    389940     23924
14:48:47       233456   3664404     94.01     41344    728716  12508412    320.90   2975240    390088     23972
14:48:48       229736   3668124     94.11     41344    728716  12329212    316.31   2979784    390056     23996
14:48:49       225464   3672396     94.22     41344    728728  12263848    314.63   2986688    390032     24012
14:48:50       225220   3672640     94.22     41352    728744  11611300    297.89   2989816    390052     24040
14:48:51       214584   3683276     94.49     41352    729448  11561596    296.61   3000296    390772     24652
14:48:52       215588   3682272     94.47     41352    731376  11535620    295.95   2998180    392360     26592
14:48:53       215040   3682820     94.48     41352    732096  11670340    299.40   2997500    393132     27324
14:48:54       212520   3685340     94.55     41352    732116  11670340    299.40   3000776    393144     27348
14:48:55       208152   3689708     94.66     41360    733788  11642972    298.70   3002112    394828     29464
14:48:56       203916   3693944     94.77     41360    736520  11635288    298.50   3004268    397404     26032
14:48:57       195844   3702016     94.98     41360    738260  11639116    298.60   3010472    399112     27916
14:48:58       198732   3699128     94.90     41360    739036  11612496    297.92   3007204    399728     28572
14:48:59       194212   3703648     95.02     41360    741136  11597128    297.53   3010640    401640     30732
14:49:00       191192   3706668     95.09     41368    743544  11549992    296.32   3011264    403956     33336
14:49:01       186600   3711260     95.21     41368    744676  11525164    295.68   3014680    404980      1316
14:49:02       178048   3719812     95.43     41368    747120  11522392    295.61   3021140    407308      3816
14:49:03       172392   3725468     95.58     41368    748608  11512660    295.36   3025524    408936      5360
14:49:04       166928   3730932     95.72     41368    751628  11508356    295.25   3027276    411688      8436
14:49:05       163064   3734796     95.82     41376    754520  11363388    291.53   3028536    414612     11612
14:49:06       165808   3732052     95.75     41376    757036  11343420    291.02   3023540    416784     13944
14:49:07       157112   3740748     95.97     41376    760828  11552528    296.38   3028008    420488     18000
14:49:08       150904   3746956     96.13     41376    765144  11648832    298.85   3031432    424600     22160
14:49:09       144464   3753396     96.29     41376    767332  11647036    298.81   3035844    426892     24392
14:49:10       154164   3743696     96.04     41384    767608  11573532    296.92   3026892    426872     24712
14:49:11       155568   3742292     96.01     41384    767652  11463656    294.10   3026900    426896     24764
14:49:12       151936   3745924     96.10     41384    767880  11440092    293.50   3030160    426904     24992
14:49:13       143380   3754480     96.32     41384    770148  11421896    293.03   3035932    429136     27204
14:49:14       146672   3751188     96.24     40032    762212  11395396    292.35   3042508    419692     28736
14:49:15       138340   3759520     96.45     40040    763828  11348644    291.15   3049360    421284     30364
14:49:16       147824   3750036     96.21     39148    753832  11308440    290.12   3050372    410608     32080
14:49:17       141852   3756008     96.36     39148    754696  11271052    289.16   3056904    411284     32956
14:49:18       149952   3747908     96.15     36288    750096  11242356    288.42   3056308    403824     34268
14:49:19       143476   3754384     96.32     36288    751724  11883828    304.88   3061036    405460     35916
14:49:20       139864   3757996     96.41     36296    752944  11909184    305.53   3064840    406636     37136
14:49:21       147676   3750184     96.21     31312    746992  11895944    305.19   3067884    395496     32216
14:49:22       148244   3749616     96.20     31312    748044  11814292    303.10   3065092    396316     33496
14:49:23       147724   3750136     96.21     31172    747928  11945700    306.47   3063676    397748     37332
14:49:24       146664   3751196     96.24     29372    749284  11888088    304.99   3066192    396712     33416
14:49:25       148652   3749208     96.19     29276    747460  11824056    303.35   3069128    393316     35656
14:49:26       146324   3751536     96.25     29276    748096  11664488    299.25   3071520    393976     36568
14:49:27       146836   3751024     96.23     29276    748176  11483928    294.62   3071076    394036     36548
14:49:28       148912   3748948     96.18     29276    749100  12214488    313.36   3067408    394768     37484
14:49:29       144752   3753108     96.29     29276    749832  12383536    317.70   3071760    395448       544
14:49:30       152992   3744868     96.07     28960    739436  12640692    324.30   3072396    384976       552
14:49:31       148344   3749516     96.19     28840    737320  14530640    372.79   3075876    383732      1156
14:49:32       156488   3741372     95.99     28336    732156  14617988    375.03   3070268    381676      1912
14:49:33       148008   3749852     96.20     28336    734104  14561988    373.59   3075268    383400      3840
14:49:34       147492   3750368     96.22     27300    733272  15379284    394.56   3076288    381720      6544
14:49:35       136764   3761096     96.49     27308    735096  15960700    409.47   3085040    383260      8160
14:49:36       127724   3770136     96.72     27308    737348  16504964    423.44   3090256    385332     10492
14:49:37       124684   3773176     96.80     27308    738180  17731548    454.90   3089392    386280     11212
14:49:38       133160   3764700     96.58     27064    727660  17710032    454.35   3090796    376396     11576
14:49:39       131544   3766316     96.63     27064    727936  17694152    453.95   3092464    376560     11812
14:49:40       128476   3769384     96.70     27072    728824  18603760    477.28   3092416    377308     12280
14:49:41       122748   3775112     96.85     27096    730972  19308136    495.35   3093388    379300     14252
14:49:42       126004   3771856     96.77     26856    723412  19268700    494.34   3093740    375568     18888
14:49:43       132084   3765776     96.61     26836    718580  19317876    495.60   3089580    372792     24988
14:49:44       130296   3767564     96.66     26828    718092  19286964    494.81   3092272    372584     26848
14:49:45       138096   3759764     96.46     26836    718304  19108020    490.22   3084252    372736     27412
14:49:46       138536   3759324     96.45     26836    718320  19336228    496.07   3086104    372720     27432
14:49:47       141152   3756708     96.38     26836    718340  19799320    507.95   3081000    372688     27456
14:49:48       137400   3760460     96.47     26836    717860  19974772    512.45   3083584    371908     27956
14:49:49       142788   3755072     96.34     26836    710172  20545436    527.10   3081688    367736     29620
14:49:50       144292   3753568     96.30     26844    710808  20335172    521.70   3079212    368516     30264
14:49:51       159188   3738672     95.92     26828    689984  20358408    522.30   3077804    356180     30668
14:49:52       150784   3747076     96.13     26828    690788  20870144    535.43   3084708    356952     31524
14:49:53       150672   3747188     96.13     26828    691340  21451804    550.35   3082652    357196     32088
14:49:54       148660   3749200     96.19     25852    684480  22372316    573.96   3085416    353908     27552
14:49:55       145240   3752620     96.27     25860    682372  23127968    593.35   3086300    354204     28284
14:49:56       147380   3750480     96.22     25852    676224  24186532    620.51   3084996    349916     29728
14:49:57       136636   3761224     96.49     25852    673828  26165896    671.29   3093740    348212     31428
14:49:58       148464   3749396     96.19     23536    657052  27533092    706.36   3086756    339320     29044
14:49:59       138516   3759344     96.45     23536    659648  27720316    711.17   3093216    341732     31588
14:50:00       152304   3745556     96.09     21544    642308  27646044    709.26   3089240    330732      2816
14:50:01       153700   3744160     96.06     21544    645000  27727748    711.36   3085484    333296      5168
14:50:02       153400   3744460     96.06     21672    646832  27565632    707.20   3085440    334940      6964
14:50:03       154120   3743740     96.05     21672    648548  27340004    701.41   3082592    336788      8612
14:50:04       152816   3745044     96.08     21672    650372  27185848    697.46   3081772    338484     10240
14:50:05       157240   3740620     95.97     21756    653460  26653548    683.80   3075744    341080     13604
14:50:06       149828   3748032     96.16     21756    656024  27002692    692.76   3082224    343668     16168
14:50:07       150600   3747260     96.14     21804    648888  27844704    714.36   3085856    336816     19140
14:50:08       152368   3745492     96.09     21804    650224  27405524    703.09   3083072    338292     20532
14:50:09       144996   3752864     96.28     21808    651948  29442496    755.35   3084404    339664     22168
14:50:10       146684   3751176     96.24     21556    639720  32089596    823.26   3086192    329400     22928
14:50:11       137348   3760512     96.48     21556    639880  33761340    866.15   3091552    329840     23332
14:50:12       148984   3748876     96.18     18640    616348  35645908    914.50   3088704    316768     24204
14:50:13       152220   3745640     96.09     18624    616236  37123752    952.41   3079268    316940     25692
14:50:14       147276   3750584     96.22     17836    607476  39379068   1010.27   3082520    312228     26604
14:50:15       145500   3752360     96.27     17836    599708  40125672   1029.43   3087652    306576     28624
14:50:16       148620   3749240     96.19     17612    594968  39785012   1020.69   3085472    305632     26664
14:50:17       151036   3746824     96.13     17612    597484  39412872   1011.14   3081952    307356     29140
14:50:18       151660   3746200     96.11     17732    598648  39272292   1007.53   3080228    308524     25632
14:50:19       145520   3752340     96.27     17732    598916  39161916   1004.70   3087144    309088     25804
14:50:20       143296   3754564     96.32     17748    600552  39049740   1001.83   3086460    310428     27500
14:50:21       138616   3759244     96.44     17744    602596  39033704   1001.41   3090688    312392       336
14:50:22       145748   3752112     96.26     16912    591880  39005544   1000.69   3091620    303660      1124
14:50:23       139288   3758572     96.43     16912    592988  39885464   1023.27   3094944    304684      2304
14:50:24       126752   3771108     96.75     16912    595508  41111824   1054.73   3101664    307040      4780
14:50:25       151852   3746008     96.10     14412    564432  42549468   1091.61   3092036    288644      5580
14:50:26       147408   3750452     96.22     14412    559872  43680656   1120.63   3096172    286420      6260
14:50:27       150480   3747380     96.14     14380    540880  44987360   1154.16   3098816    276620      9028
14:50:28       145952   3751908     96.26     14360    543760  46268124   1187.01   3096004    279032     13568
14:50:29       151508   3746352     96.11     14240    533564  47478448   1218.06   3089540    276180     16184
14:50:30       142476   3755384     96.34     14236    530748  48974184   1256.44   3094556    275500     19328
14:50:31       150184   3747676     96.15     14360    526652  49721644   1275.61   3088224    271244     22720
14:50:32       148796   3749064     96.18     14472    527316  49635336   1273.40   3089056    272236     23240
14:50:33       148456   3749404     96.19     14608    527748  49256568   1263.68   3089124    272484     23472
14:50:34       152352   3745508     96.09     14608    528960  49128028   1260.38   3085232    273896     24992
14:50:35       150484   3747376     96.14     14616    528232  48983332   1256.67   3087100    273368     21144
14:50:36       147576   3750284     96.21     14616    529036  48959000   1256.05   3090596    274200     22028
14:50:37       148496   3749364     96.19     14620    525704  48908044   1254.74   3090500    272552     23544
14:50:38       147524   3750336     96.22     14620    525936  48882432   1254.08   3091496    272852     23916
14:50:39       146368   3751492     96.24     14760    526164  48703664   1249.50   3091904    273100     23920
14:50:40       144912   3752948     96.28     14908    527352  48561332   1245.85   3093704    274344       688
14:50:41       146348   3751512     96.25     14912    528444  48215320   1236.97   3089688    275452      1976
14:50:42       144064   3753796     96.30     14912    530200  48836176   1252.90   3089928    277056      3700
14:50:43       148976   3748884     96.18     14912    531912  46925492   1203.88   3086892    278316      4832
14:50:44       151932   3745928     96.10     14912    533500  45916696   1178.00   3084492    279668      5884
14:50:45       152924   3744936     96.08     14920    534624  45776092   1174.39   3083344    280760      6552
14:50:46       153904   3743956     96.05     14924    535508  45382172   1164.28   3081856    281460      7184
14:50:47       152788   3745072     96.08     14924    536272  44989020   1154.20   3082460    282156      7860
14:50:48       157288   3740572     95.96     14924    536368  44176624   1133.36   3078844    282304      7908
14:50:49       158000   3739860     95.95     14924    537704  45027472   1155.18   3076624    283500      8376
14:50:50       158844   3739016     95.92     14932    539280  43643196   1119.67   3076668    284792     10000
14:50:51       183704   3714156     95.29     14932    541568  37399892    959.50   3062680    287048     12340
14:50:52       192456   3705404     95.06     14932    543368  33831304    867.95   3058564    288916     14200
14:50:53       215992   3681868     94.46     14932    545988  29026652    744.68   3043528    291444     17092
14:50:54       225188   3672672     94.22     14932    547956  26373964    676.63   3039532    292996     18888
14:50:55       236912   3660948     93.92     14948    548868  23082284    592.18   3036024    294112     19412
14:50:56       240804   3657056     93.82     14948    551724  24058908    617.23   3028660    296928     22000
14:50:57       239360   3658500     93.86     14948    555348  24964072    640.46   3028040    300132     25672
14:50:58       240028   3657832     93.84     14948    557172  26748964    686.25   3025048    301968     27440
14:50:59       230684   3667176     94.08     14948    557152  28858920    740.38   3031652    302044     27444
14:51:00       227068   3670792     94.17     14956    557268  28735468    737.21   3036092    302156     27444
14:51:01       227284   3670576     94.17     14956    557292  28737772    737.27   3034364    302176     27468
14:51:02       231856   3666004     94.05     14956    557308  28567708    732.91   3029128    302180     27484
14:51:03       230892   3666968     94.08     14956    557348  29850896    765.83   3029236    302196     27528
14:51:04       226348   3671512     94.19     14956    557352  31177880    799.87   3033192    302196     27532
14:51:05       219012   3678848     94.38     14964    557468  32532012    834.61   3038092    302308     26472
14:51:06       212824   3685036     94.54     14964    558000  34116144    875.25   3039592    302600     27148
14:51:07       205092   3692768     94.74     14964    558092  35551212    912.07   3044060    302896     27268
14:51:08       202180   3695680     94.81     14964    558220  35974844    922.94   3045996    303008     27272
14:51:09       202516   3695344     94.80     14964    558292  36097792    926.09   3044272    303064     27292
14:51:10       202200   3695660     94.81     14972    558296  35818376    918.92   3045004    303060        92
14:51:11       201328   3696532     94.83     14972    558432  35694668    915.75   3045256    303192         0
14:51:12       199280   3698580     94.89     14972    558448  35827084    919.15   3049464    303200         0
14:51:13       195332   3702528     94.99     14972    558452  36230736    929.50   3052924    303196         8
14:51:14       193300   3704560     95.04     14972    558460  36058620    925.09   3054832    303204        20
14:51:15       192600   3705260     95.06     14980    558852  35932092    921.84   3055244    303668       656
14:51:16       191464   3706396     95.09     14980    559540  35989464    923.31   3055488    304160      1232
14:51:17       188136   3709724     95.17     14980    561532  35973584    922.91   3056512    306012      3036
14:51:18       189372   3708488     95.14     14980    562256  35857320    919.92   3054604    306588      3996
14:51:19       187900   3709960     95.18     14980    562580  35899340    921.00   3056128    306916      4060
14:51:20       189604   3708256     95.14     14944    551804  35997188    923.51   3064652    295916      4860
14:51:21       191660   3706200     95.08     14944    554188  35597900    913.27   3059560    298348      6784
14:51:22       190088   3707772     95.12     14944    555404  35523880    911.37   3059520    299452      7760
14:51:23       189716   3708144     95.13     14944    555392  35532844    911.60   3060392    299504      7760
14:51:24       191288   3706572     95.09     14944    551464  36501524    936.45   3062432    296380      7768
14:51:25       187016   3710844     95.20     14952    552048  36477704    935.84   3066356    296940      8376
14:51:26       186800   3711060     95.21     14952    552080  36455164    935.26   3066156    296944      8440
14:51:27       182936   3714924     95.31     14952    552080  36386960    933.51   3070468    296940      8444
14:51:28       181904   3715956     95.33     14952    552116  36386960    933.51   3071256    296968      8456
14:51:29       179208   3718652     95.40     14952    552116  36377740    933.27   3073816    296968      8456
14:51:30       181712   3716148     95.34     14960    552300  36003024    923.66   3071104    297096      8468
14:51:31       184932   3712928     95.26     14960    552300  35945652    922.19   3067392    297028      8496
14:51:32       184900   3712960     95.26     14960    552344  35837568    919.42   3068000    297056      8548
14:51:33       182888   3714972     95.31     14960    553900  35689528    915.62   3067320    298336     10112
14:51:34       205260   3692600     94.73     15108    556272  36906964    946.85   3073572    300780     12072
