12.05,1
12.125,1
12.125,1
12.35,1
20.9,1
35.775,1
36.1,1
30.34,2
31.1,2
30.5,2
30.3625,1
26.2625,1
31.28,1
33.35,2
34.3375,2
34.275,2
35.25,2
34.9125,2
34.625,3
25.875,3
29.858334,3
32.725,3
32.808334,2
32.633335,2
33.955555,2
36.85,2
36.775,2
27.791666,3
27.908333,3
27.933332,3
27.908333,3
27.8,2
27.916666,2
35.5375,2
35.5375,2
32.833332,3
33.875,3
34.108334,3
34.408333,3
33.916668,2
33.408333,2
30.244444,3
27.575,3
28.266666,3
28.3,2
28.308332,2
36.4875,2
36.4125,2
32.4,3
27.741667,3
27.691668,3
12.2,3
29.227272,3
27.991667,2
28.05,2
32.07143,4
20.264706,5
21.51,5
21.545,5
21.58,4
21.835,3
28.5875,2
30.553846,2
36.825,2
28.733334,3
27.783333,3
31.183332,3
25.5,4
24.55,4
24.6875,3
24.8,2
30.733334,2
33.533333,1
31.45,1
30.46,1
36.05,1
33.9,3
27.8,5
25.44,5
25.43,5
24.935,4
21.525,3
