0.0,1
0.0,1
0.0,1
0.0,1
0.0,1
11.0,1
23.25,1
26.75,2
0.0,2
0.0,2
0.0,1
13.0,1
14.0,1
0.0,2
0.0,2
0.0,2
0.0,2
0.0,2
0.0,3
0.0,3
0.0,3
0.0,3
0.0,2
0.0,2
7.5,2
3.0,2
0.0,2
0.0,3
0.0,3
0.0,3
0.0,3
0.0,2
0.0,2
0.0,2
36.0,2
15.0,3
0.0,3
0.0,3
0.0,3
0.0,2
8.25,2
0.0,3
0.0,3
0.0,3
0.0,2
0.0,2
0.0,2
0.0,2
0.0,3
0.0,3
0.0,3
0.0,3
0.0,3
0.0,2
0.0,2
0.0,4
0.0,5
0.0,5
0.0,5
0.0,4
0.0,3
0.0,2
0.0,2
0.0,2
0.0,3
0.0,3
0.0,3
0.0,4
0.0,4
0.0,3
0.0,2
0.0,2
0.0,1
131.5,1
338.5,1
421.25,1
0.0,3
0.0,5
0.0,5
0.0,5
0.0,4
0.0,3
