Linux 3.11.0-15-generic (client-HVM-domU) 	04/01/2015

05:49:39 PM kbmemfree kbmemused  %memused kbbuffers  kbcached kbswpfree kbswpused  %swpused  kbswpcad
05:49:40 PM   3647796   2200516     37.63     20636    349008   1045500         0      0.00         0
05:49:41 PM   3647044   2201268     37.64     20644    349020   1045500         0      0.00         0
05:49:42 PM   3645748   2202564     37.66     20652    349036   1045500         0      0.00         0
05:49:43 PM   3642084   2206228     37.72     20660    349048   1045500         0      0.00         0
05:49:44 PM   3634016   2214296     37.86     20668    349064   1045500         0      0.00         0
05:49:45 PM   3616972   2231340     38.15     20676    349080   1045500         0      0.00         0
05:49:46 PM   3617700   2230612     38.14     20684    349096   1045500         0      0.00         0
05:49:47 PM   3616568   2231744     38.16     20692    349124   1045500         0      0.00         0
05:49:48 PM   3614116   2234196     38.20     20700    349196   1045500         0      0.00         0
05:49:49 PM   3612124   2236188     38.24     20708    349216   1045500         0      0.00         0
05:49:50 PM   3608952   2239360     38.29     20716    349240   1045500         0      0.00         0
05:49:51 PM   3594972   2253340     38.53     20724    349260   1045500         0      0.00         0
05:49:52 PM   3567796   2280516     38.99     20732    349280   1045500         0      0.00         0
05:49:53 PM   3542828   2305484     39.42     20740    349308   1045500         0      0.00         0
05:49:54 PM   3537132   2311180     39.52     20748    349344   1045500         0      0.00         0
05:49:55 PM   3532220   2316092     39.60     20756    349384   1045500         0      0.00         0
05:49:56 PM   3528216   2320096     39.67     20764    349428   1045500         0      0.00         0
05:49:57 PM   3522048   2326264     39.78     20772    349456   1045500         0      0.00         0
05:49:58 PM   3514180   2334132     39.91     20780    349488   1045500         0      0.00         0
05:49:59 PM   3500836   2347476     40.14     20788    349520   1045500         0      0.00         0
05:50:00 PM   3486132   2362180     40.39     20796    349556   1045500         0      0.00         0
05:50:01 PM   3457200   2391112     40.89     20804    349596   1045500         0      0.00         0
05:50:02 PM   3426216   2422096     41.42     20812    349640   1045500         0      0.00         0
05:50:03 PM   3419168   2429144     41.54     20820    349684   1045500         0      0.00         0
05:50:04 PM   3413820   2434492     41.63     20828    349720   1045500         0      0.00         0
05:50:05 PM   3406144   2442168     41.76     20836    349760   1045500         0      0.00         0
05:50:06 PM   3397364   2450948     41.91     20844    349804   1045500         0      0.00         0
05:50:07 PM   3390800   2457512     42.02     20852    349848   1045500         0      0.00         0
05:50:08 PM   3385920   2462392     42.10     20860    349896   1045500         0      0.00         0
05:50:09 PM   3381940   2466372     42.17     20868    349944   1045500         0      0.00         0
05:50:10 PM   3377548   2470764     42.25     20876    349988   1045500         0      0.00         0
05:50:11 PM   3372016   2476296     42.34     20884    350040   1045500         0      0.00         0
05:50:12 PM   3368324   2479988     42.41     20892    350084   1045500         0      0.00         0
05:50:13 PM   3362664   2485648     42.50     20900    350128   1045500         0      0.00         0
05:50:14 PM   3349404   2498908     42.73     20908    350176   1045500         0      0.00         0
05:50:15 PM   3330552   2517760     43.05     20916    350224   1045500         0      0.00         0
05:50:16 PM   3293112   2555200     43.69     20924    350276   1045500         0      0.00         0
05:50:17 PM   3259888   2588424     44.26     20932    350328   1045500         0      0.00         0
05:50:18 PM   3220924   2627388     44.93     20940    350372   1045500         0      0.00         0
05:50:19 PM   3187792   2660520     45.49     20948    350428   1045500         0      0.00         0
05:50:20 PM   3146912   2701400     46.19     20956    350488   1045500         0      0.00         0
05:50:21 PM   3104956   2743356     46.91     20964    350552   1045500         0      0.00         0
05:50:22 PM   3064000   2784312     47.61     20972    350616   1045500         0      0.00         0
05:50:23 PM   3020916   2827396     48.35     20980    350680   1045500         0      0.00         0
05:50:24 PM   2982268   2866044     49.01     20988    350740   1045500         0      0.00         0
05:50:25 PM   2940516   2907796     49.72     20996    350800   1045500         0      0.00         0
05:50:26 PM   2930216   2918096     49.90     21004    350860   1045500         0      0.00         0
05:50:27 PM   2924228   2924084     50.00     21012    350920   1045500         0      0.00         0
05:50:28 PM   2917028   2931284     50.12     21020    351008   1045500         0      0.00         0
05:50:29 PM   2912268   2936044     50.20     21028    351072   1045500         0      0.00         0
05:50:30 PM   2905944   2942368     50.31     21036    351128   1045500         0      0.00         0
05:50:31 PM   2902896   2945416     50.36     21044    351192   1045500         0      0.00         0
05:50:32 PM   2899708   2948604     50.42     21052    351312   1045500         0      0.00         0
05:50:33 PM   2895848   2952464     50.48     21060    351376   1045500         0      0.00         0
05:50:34 PM   2891848   2956464     50.55     21068    351436   1045500         0      0.00         0
05:50:35 PM   2885796   2962516     50.66     21076    351504   1045500         0      0.00         0
05:50:36 PM   2875424   2972888     50.83     21084    351564   1045500         0      0.00         0
05:50:37 PM   2854364   2993948     51.19     21092    351624   1045500         0      0.00         0
05:50:38 PM   2815776   3032536     51.85     21100    351692   1045500         0      0.00         0
05:50:39 PM   2774568   3073744     52.56     21108    351764   1045500         0      0.00         0
05:50:40 PM   2762048   3086264     52.77     21116    351832   1045500         0      0.00         0
05:50:41 PM   2729784   3118528     53.32     21124    351892   1045500         0      0.00         0
05:50:42 PM   2728768   3119544     53.34     21132    351964   1045500         0      0.00         0
05:50:43 PM   2726000   3122312     53.39     21140    352032   1045500         0      0.00         0
05:50:44 PM   2722916   3125396     53.44     21148    352100   1045500         0      0.00         0
05:50:45 PM   2719756   3128556     53.50     21156    352204   1045500         0      0.00         0
05:50:46 PM   2715096   3133216     53.57     21164    352272   1045500         0      0.00         0
05:50:47 PM   2708520   3139792     53.69     21172    352340   1045500         0      0.00         0
05:50:48 PM   2697152   3151160     53.88     21180    352408   1045500         0      0.00         0
05:50:49 PM   2676964   3171348     54.23     21188    352472   1045500         0      0.00         0
05:50:50 PM   2638288   3210024     54.89     21196    352540   1045500         0      0.00         0
05:50:51 PM   2637728   3210584     54.90     21204    352612   1045500         0      0.00         0
05:50:52 PM   2636528   3211784     54.92     21212    352676   1045500         0      0.00         0
05:50:53 PM   2636148   3212164     54.92     21220    352776   1045500         0      0.00         0
05:50:54 PM   2636244   3212068     54.92     21228    352852   1045500         0      0.00         0
05:50:55 PM   2636508   3211804     54.92     21236    352932   1045500         0      0.00         0
05:50:56 PM   2635524   3212788     54.94     21244    353000   1045500         0      0.00         0
05:50:57 PM   2634412   3213900     54.95     21252    353072   1045500         0      0.00         0
05:50:58 PM   2633496   3214816     54.97     21260    353140   1045500         0      0.00         0
05:50:59 PM   2634120   3214192     54.96     21268    353208   1045500         0      0.00         0
05:51:00 PM   2634284   3214028     54.96     21276    353384   1045500         0      0.00         0
05:51:01 PM   2634468   3213844     54.95     21284    353500   1045500         0      0.00         0
05:51:02 PM   2634540   3213772     54.95     21292    353632   1045500         0      0.00         0
05:51:03 PM   2635648   3212664     54.93     21300    353704   1045500         0      0.00         0
05:51:04 PM   2635292   3213020     54.94     21308    353796   1045500         0      0.00         0
05:51:05 PM   2635988   3212324     54.93     21316    353876   1045500         0      0.00         0
05:51:06 PM   2637328   3210984     54.90     21324    353948   1045500         0      0.00         0
05:51:07 PM   2637900   3210412     54.89     21332    354028   1045500         0      0.00         0
05:51:08 PM   2637580   3210732     54.90     21340    354100   1045500         0      0.00         0
05:51:09 PM   2638552   3209760     54.88     21348    354168   1045500         0      0.00         0
05:51:10 PM   2638116   3210196     54.89     21356    354240   1045500         0      0.00         0
05:51:11 PM   2638864   3209448     54.88     21364    354316   1045500         0      0.00         0
05:51:12 PM   2639164   3209148     54.87     21372    354384   1045500         0      0.00         0
05:51:13 PM   2639648   3208664     54.86     21380    354492   1045500         0      0.00         0
05:51:14 PM   2640564   3207748     54.85     21388    354568   1045500         0      0.00         0
05:51:15 PM   2641540   3206772     54.83     21396    354644   1045500         0      0.00         0
05:51:16 PM   2642304   3206008     54.82     21404    354736   1045500         0      0.00         0
05:51:17 PM   2641524   3206788     54.83     21412    354804   1045500         0      0.00         0
05:51:18 PM   2639056   3209256     54.87     21420    354920   1045500         0      0.00         0
05:51:19 PM   2635708   3212604     54.93     21428    354992   1045500         0      0.00         0
05:51:20 PM   2635732   3212580     54.93     21436    355080   1045500         0      0.00         0
05:51:21 PM   2634740   3213572     54.95     21444    355212   1045500         0      0.00         0
05:51:22 PM   2632268   3216044     54.99     21452    355300   1045500         0      0.00         0
05:51:23 PM   2631184   3217128     55.01     21460    355364   1045500         0      0.00         0
05:51:24 PM   2630108   3218204     55.03     21468    355428   1045500         0      0.00         0
05:51:25 PM   2629872   3218440     55.03     21476    355536   1045500         0      0.00         0
05:51:26 PM   2627916   3220396     55.07     21484    355608   1045500         0      0.00         0
05:51:27 PM   2624968   3223344     55.12     21492    355676   1045500         0      0.00         0
05:51:28 PM   2625404   3222908     55.11     21500    355744   1045500         0      0.00         0
05:51:29 PM   2626208   3222104     55.09     21508    355820   1045500         0      0.00         0
05:51:30 PM   2624920   3223392     55.12     21516    355888   1045500         0      0.00         0
05:51:31 PM   2623124   3225188     55.15     21524    355964   1045500         0      0.00         0
05:51:32 PM   2618072   3230240     55.23     21532    356132   1045500         0      0.00         0
05:51:33 PM   2608424   3239888     55.40     21540    356208   1045500         0      0.00         0
05:51:34 PM   2609000   3239312     55.39     21548    356280   1045500         0      0.00         0
05:51:35 PM   2608112   3240200     55.40     21556    356356   1045500         0      0.00         0
05:51:36 PM   2607944   3240368     55.41     21564    356436   1045500         0      0.00         0
05:51:37 PM   2606624   3241688     55.43     21572    356600   1045500         0      0.00         0
05:51:38 PM   2607576   3240736     55.41     21580    356664   1045500         0      0.00         0
05:51:39 PM   2609128   3239184     55.39     21588    356740   1045500         0      0.00         0
05:51:40 PM   2608944   3239368     55.39     21596    356812   1045500         0      0.00         0
05:51:41 PM   2609420   3238892     55.38     21604    356884   1045500         0      0.00         0
05:51:42 PM   2610020   3238292     55.37     21612    357144   1045500         0      0.00         0
05:51:43 PM   2610244   3238068     55.37     21620    357148   1045500         0      0.00         0
05:51:44 PM   2612216   3236096     55.33     21628    357228   1045500         0      0.00         0
05:51:45 PM   2611332   3236980     55.35     21636    357344   1045500         0      0.00         0
05:51:46 PM   2611596   3236716     55.34     21644    357424   1045500         0      0.00         0
05:51:47 PM   2613016   3235296     55.32     21652    357488   1045500         0      0.00         0
05:51:48 PM   2614108   3234204     55.30     21660    357556   1045500         0      0.00         0
05:51:49 PM   2615036   3233276     55.29     21668    357716   1045500         0      0.00         0
05:51:50 PM   2616280   3232032     55.26     21676    357792   1045500         0      0.00         0
05:51:51 PM   2616744   3231568     55.26     21684    357868   1045500         0      0.00         0
05:51:52 PM   2617868   3230444     55.24     21692    357988   1045500         0      0.00         0
05:51:53 PM   2619184   3229128     55.21     21700    358060   1045500         0      0.00         0
05:51:54 PM   2618960   3229352     55.22     21708    358152   1045500         0      0.00         0
05:51:55 PM   2618516   3229796     55.23     21716    358220   1045500         0      0.00         0
05:51:56 PM   2617148   3231164     55.25     21724    358284   1045500         0      0.00         0
05:51:57 PM   2612648   3235664     55.33     21732    358348   1045500         0      0.00         0
05:51:58 PM   2604740   3243572     55.46     21740    358420   1045500         0      0.00         0
05:51:59 PM   2585000   3263312     55.80     21748    358496   1045500         0      0.00         0
05:52:00 PM   2584132   3264180     55.81     21756    358612   1045500         0      0.00         0
05:52:01 PM   2584468   3263844     55.81     21764    358688   1045500         0      0.00         0
05:52:02 PM   2584844   3263468     55.80     21772    358764   1045500         0      0.00         0
05:52:03 PM   2585848   3262464     55.78     21780    358828   1045500         0      0.00         0
05:52:04 PM   2585728   3262584     55.79     21788    358896   1045500         0      0.00         0
05:52:05 PM   2586336   3261976     55.78     21796    358996   1045500         0      0.00         0
05:52:06 PM   2586740   3261572     55.77     21804    359080   1045500         0      0.00         0
05:52:07 PM   2585904   3262408     55.78     21812    359144   1045500         0      0.00         0
05:52:08 PM   2586360   3261952     55.78     21820    359216   1045500         0      0.00         0
05:52:09 PM   2586336   3261976     55.78     21828    359284   1045500         0      0.00         0
05:52:10 PM   2585388   3262924     55.79     21836    359360   1045500         0      0.00         0
05:52:11 PM   2583384   3264928     55.83     21844    359436   1045500         0      0.00         0
05:52:12 PM   2577692   3270620     55.92     21852    359512   1045500         0      0.00         0
05:52:13 PM   2578648   3269664     55.91     21860    359576   1045500         0      0.00         0
05:52:14 PM   2577068   3271244     55.93     21868    359656   1045500         0      0.00         0
05:52:15 PM   2576820   3271492     55.94     21876    359724   1045500         0      0.00         0
05:52:16 PM   2576264   3272048     55.95     21884    359800   1045500         0      0.00         0
05:52:17 PM   2577212   3271100     55.93     21892    359916   1045500         0      0.00         0
05:52:18 PM   2578532   3269780     55.91     21900    359996   1045500         0      0.00         0
05:52:19 PM   2578556   3269756     55.91     21908    360060   1045500         0      0.00         0
05:52:20 PM   2579636   3268676     55.89     21916    360100   1045500         0      0.00         0
05:52:21 PM   2580620   3267692     55.87     21924    360136   1045500         0      0.00         0
05:52:22 PM   2581268   3267044     55.86     21932    360176   1045500         0      0.00         0
05:52:23 PM   2581812   3266500     55.85     21940    360216   1045500         0      0.00         0
05:52:24 PM   2582468   3265844     55.84     21948    360300   1045500         0      0.00         0
05:52:25 PM   2583780   3264532     55.82     21956    360340   1045500         0      0.00         0
05:52:26 PM   2584988   3263324     55.80     21964    360372   1045500         0      0.00         0
05:52:27 PM   2585968   3262344     55.78     21972    360452   1045500         0      0.00         0
05:52:28 PM   2587116   3261196     55.76     21980    360496   1045500         0      0.00         0
05:52:29 PM   2588312   3260000     55.74     21988    360532   1045500         0      0.00         0
05:52:30 PM   2589420   3258892     55.72     21996    360580   1045500         0      0.00         0
05:52:31 PM   2590516   3257796     55.70     22004    360616   1045500         0      0.00         0
05:52:32 PM   2591600   3256712     55.69     22012    360660   1045500         0      0.00         0
05:52:33 PM   2592792   3255520     55.67     22020    360700   1045500         0      0.00         0
05:52:34 PM   2593980   3254332     55.65     22028    360740   1045500         0      0.00         0
05:52:35 PM   2595020   3253292     55.63     22036    361000   1045500         0      0.00         0
05:52:36 PM   2595868   3252444     55.61     22044    361032   1045500         0      0.00         0
05:52:37 PM   2597000   3251312     55.59     22052    361068   1045500         0      0.00         0
05:52:38 PM   2598280   3250032     55.57     22060    361104   1045500         0      0.00         0
05:52:39 PM   2599188   3249124     55.56     22068    361148   1045500         0      0.00         0
05:52:40 PM   2600304   3248008     55.54     22076    361196   1045500         0      0.00         0
05:52:41 PM   2601636   3246676     55.51     22084    361232   1045500         0      0.00         0
05:52:42 PM   2602256   3246056     55.50     22092    361264   1045500         0      0.00         0
05:52:43 PM   2603588   3244724     55.48     22100    361492   1045500         0      0.00         0
05:52:44 PM   2604800   3243512     55.46     22108    361484   1045500         0      0.00         0
05:52:45 PM   2605948   3242364     55.44     22116    361520   1045500         0      0.00         0
05:52:46 PM   2607100   3241212     55.42     22124    361556   1045500         0      0.00         0
05:52:47 PM   2608496   3239816     55.40     22132    361668   1045500         0      0.00         0
05:52:48 PM   2609620   3238692     55.38     22140    361704   1045500         0      0.00         0
05:52:49 PM   2610868   3237444     55.36     22148    361744   1045500         0      0.00         0
05:52:50 PM   2611832   3236480     55.34     22156    361784   1045500         0      0.00         0
05:52:51 PM   2612904   3235408     55.32     22164    361824   1045500         0      0.00         0
05:52:52 PM   2613944   3234368     55.30     22172    361860   1045500         0      0.00         0
05:52:53 PM   2615108   3233204     55.28     22180    361900   1045500         0      0.00         0
05:52:54 PM   2616200   3232112     55.27     22188    361936   1045500         0      0.00         0
05:52:55 PM   2617376   3230936     55.25     22196    361976   1045500         0      0.00         0
05:52:56 PM   2618620   3229692     55.22     22204    362012   1045500         0      0.00         0
05:52:57 PM   2619888   3228424     55.20     22212    362048   1045500         0      0.00         0
05:52:58 PM   2621144   3227168     55.18     22220    362188   1045500         0      0.00         0
05:52:59 PM   2622372   3225940     55.16     22228    362228   1045500         0      0.00         0
05:53:00 PM   2623564   3224748     55.14     22236    362260   1045500         0      0.00         0
05:53:01 PM   2624792   3223520     55.12     22244    362296   1045500         0      0.00         0
05:53:02 PM   2625724   3222588     55.10     22252    362340   1045500         0      0.00         0
05:53:03 PM   2626856   3221456     55.08     22260    362380   1045500         0      0.00         0
05:53:04 PM   2628036   3220276     55.06     22268    362412   1045500         0      0.00         0
05:53:05 PM   2629248   3219064     55.04     22276    362448   1045500         0      0.00         0
05:53:06 PM   2630240   3218072     55.03     22284    362500   1045500         0      0.00         0
05:53:07 PM   2632048   3216264     54.99     22292    362536   1045500         0      0.00         0
05:53:08 PM   2633128   3215184     54.98     22300    362568   1045500         0      0.00         0
05:53:09 PM   2633772   3214540     54.97     22308    362616   1045500         0      0.00         0
05:53:10 PM   2635088   3213224     54.94     22316    362656   1045500         0      0.00         0
05:53:11 PM   2636016   3212296     54.93     22324    362688   1045500         0      0.00         0
05:53:12 PM   2637116   3211196     54.91     22332    362728   1045500         0      0.00         0
05:53:13 PM   2638644   3209668     54.88     22340    362760   1045500         0      0.00         0
05:53:14 PM   2639772   3208540     54.86     22348    362800   1045500         0      0.00         0
05:53:15 PM   2640644   3207668     54.85     22356    362848   1045500         0      0.00         0
05:53:16 PM   2641728   3206584     54.83     22364    362888   1045500         0      0.00         0
05:53:17 PM   2642792   3205520     54.81     22372    362932   1045500         0      0.00         0
05:53:18 PM   2644088   3204224     54.79     22380    362968   1045500         0      0.00         0
05:53:19 PM   2645512   3202800     54.76     22388    363008   1045500         0      0.00         0
05:53:20 PM   2646632   3201680     54.75     22396    363044   1045500         0      0.00         0
05:53:21 PM   2647536   3200776     54.73     22404    363076   1045500         0      0.00         0
05:53:22 PM   2648624   3199688     54.71     22412    363116   1045500         0      0.00         0
05:53:23 PM   2649968   3198344     54.69     22420    363152   1045500         0      0.00         0
05:53:24 PM   2650916   3197396     54.67     22428    363192   1045500         0      0.00         0
05:53:25 PM   2652120   3196192     54.65     22436    363224   1045500         0      0.00         0
05:53:26 PM   2653088   3195224     54.63     22444    363256   1045500         0      0.00         0
05:53:27 PM   2654264   3194048     54.61     22452    363296   1045500         0      0.00         0
05:53:28 PM   2655540   3192772     54.59     22460    363332   1045500         0      0.00         0
05:53:29 PM   2656676   3191636     54.57     22468    363368   1045500         0      0.00         0
05:53:30 PM   2657976   3190336     54.55     22476    363444   1045500         0      0.00         0
05:53:31 PM   2659004   3189308     54.53     22484    363480   1045500         0      0.00         0
05:53:32 PM   2660192   3188120     54.51     22492    363524   1045500         0      0.00         0
05:53:33 PM   2661540   3186772     54.49     22500    363576   1045500         0      0.00         0
05:53:34 PM   2662600   3185712     54.47     22508    363624   1045500         0      0.00         0
05:53:35 PM   2663808   3184504     54.45     22516    363656   1045500         0      0.00         0
05:53:36 PM   2664680   3183632     54.44     22524    363696   1045500         0      0.00         0
05:53:37 PM   2666004   3182308     54.41     22532    363728   1045500         0      0.00         0
05:53:38 PM   2667132   3181180     54.39     22540    363992   1045500         0      0.00         0
05:53:39 PM   2668256   3180056     54.38     22548    364048   1045500         0      0.00         0
05:53:40 PM   2669188   3179124     54.36     22556    364116   1045500         0      0.00         0
05:53:41 PM   2670768   3177544     54.33     22564    364204   1045500         0      0.00         0
05:53:42 PM   2671808   3176504     54.31     22572    364232   1045500         0      0.00         0
05:53:43 PM   2673080   3175232     54.29     22580    364268   1045500         0      0.00         0
05:53:44 PM   2673840   3174472     54.28     22588    364308   1045500         0      0.00         0
05:53:45 PM   2675132   3173180     54.26     22596    364344   1045500         0      0.00         0
05:53:46 PM   2676276   3172036     54.24     22604    364380   1045500         0      0.00         0
05:53:47 PM   2677576   3170736     54.22     22612    364424   1045500         0      0.00         0
05:53:48 PM   2678728   3169584     54.20     22620    364460   1045500         0      0.00         0
05:53:49 PM   2679956   3168356     54.18     22628    364492   1045500         0      0.00         0
05:53:50 PM   2680872   3167440     54.16     22636    364528   1045500         0      0.00         0
05:53:51 PM   2682116   3166196     54.14     22644    364560   1045500         0      0.00         0
05:53:52 PM   2683184   3165128     54.12     22652    364600   1045500         0      0.00         0
05:53:53 PM   2684932   3163380     54.09     22660    364640   1045500         0      0.00         0
05:53:54 PM   2686104   3162208     54.07     22668    364672   1045500         0      0.00         0
05:53:55 PM   2687300   3161012     54.05     22676    364716   1045500         0      0.00         0
05:53:56 PM   2688136   3160176     54.04     22684    364788   1045500         0      0.00         0
05:53:57 PM   2689936   3158376     54.00     22692    364824   1045500         0      0.00         0
05:53:58 PM   2690496   3157816     54.00     22700    364864   1045500         0      0.00         0
05:53:59 PM   2691800   3156512     53.97     22708    364900   1045500         0      0.00         0
05:54:00 PM   2693056   3155256     53.95     22716    364936   1045500         0      0.00         0
05:54:01 PM   2694352   3153960     53.93     22724    364976   1045500         0      0.00         0
05:54:02 PM   2695168   3153144     53.92     22732    365016   1045500         0      0.00         0
05:54:03 PM   2696424   3151888     53.89     22740    365048   1045500         0      0.00         0
05:54:04 PM   2697512   3150800     53.88     22748    365084   1045500         0      0.00         0
05:54:05 PM   2698536   3149776     53.86     22756    365164   1045500         0      0.00         0
05:54:06 PM   2699476   3148836     53.84     22764    365204   1045500         0      0.00         0
05:54:07 PM   2700848   3147464     53.82     22772    365236   1045500         0      0.00         0
05:54:08 PM   2702104   3146208     53.80     22780    365272   1045500         0      0.00         0
05:54:09 PM   2703580   3144732     53.77     22788    365308   1045500         0      0.00         0
05:54:10 PM   2704632   3143680     53.75     22796    365528   1045500         0      0.00         0
05:54:11 PM   2706004   3142308     53.73     22804    365568   1045500         0      0.00         0
05:54:12 PM   2706796   3141516     53.72     22812    365604   1045500         0      0.00         0
05:54:13 PM   2707992   3140320     53.70     22820    365640   1045500         0      0.00         0
05:54:14 PM   2709220   3139092     53.68     22828    365744   1045500         0      0.00         0
05:54:15 PM   2710468   3137844     53.65     22836    365784   1045500         0      0.00         0
05:54:16 PM   2711932   3136380     53.63     22844    365828   1045500         0      0.00         0
05:54:17 PM   2713156   3135156     53.61     22852    365864   1045500         0      0.00         0
05:54:18 PM   2714800   3133512     53.58     22860    365900   1045500         0      0.00         0
05:54:19 PM   2716208   3132104     53.56     22868    365940   1045500         0      0.00         0
05:54:20 PM   2716628   3131684     53.55     22876    365972   1045500         0      0.00         0
05:54:21 PM   2718112   3130200     53.52     22884    366008   1045500         0      0.00         0
05:54:22 PM   2719524   3128788     53.50     22892    366048   1045500         0      0.00         0
05:54:23 PM   2720812   3127500     53.48     22900    366084   1045500         0      0.00         0
05:54:24 PM   2722764   3125548     53.44     22908    366124   1045500         0      0.00         0
05:54:25 PM   2723036   3125276     53.44     22916    366156   1045500         0      0.00         0
05:54:26 PM   2724244   3124068     53.42     22924    366196   1045500         0      0.00         0
05:54:27 PM   2725464   3122848     53.40     22932    366240   1045500         0      0.00         0
05:54:28 PM   2726996   3121316     53.37     22940    366276   1045500         0      0.00         0
05:54:29 PM   2728084   3120228     53.35     22948    366316   1045500         0      0.00         0
05:54:30 PM   2729312   3119000     53.33     22956    366356   1045500         0      0.00         0
05:54:31 PM   2730736   3117576     53.31     22964    366416   1045500         0      0.00         0
05:54:32 PM   2731812   3116500     53.29     22972    366452   1045500         0      0.00         0
05:54:33 PM   2733244   3115068     53.26     22980    366492   1045500         0      0.00         0
05:54:34 PM   2734044   3114268     53.25     22988    366532   1045500         0      0.00         0
05:54:35 PM   2735344   3112968     53.23     22996    366568   1045500         0      0.00         0
05:54:36 PM   2736560   3111752     53.21     23004    366632   1045500         0      0.00         0
05:54:37 PM   2737844   3110468     53.19     23012    366668   1045500         0      0.00         0
05:54:38 PM   2739096   3109216     53.16     23020    366712   1045500         0      0.00         0
05:54:39 PM   2739796   3108516     53.15     23028    366748   1045500         0      0.00         0
05:54:40 PM   2741248   3107064     53.13     23036    366784   1045500         0      0.00         0
05:54:41 PM   2740336   3107976     53.14     23044    366816   1045500         0      0.00         0
05:54:42 PM   2743220   3105092     53.09     23052    366852   1045500         0      0.00         0
05:54:43 PM   2742100   3106212     53.11     23060    366888   1045500         0      0.00         0
05:54:44 PM   2743364   3104948     53.09     23068    366924   1045500         0      0.00         0
05:54:45 PM   2746112   3102200     53.04     23076    366964   1045500         0      0.00         0
05:54:46 PM   2747180   3101132     53.03     23084    367000   1045500         0      0.00         0
05:54:47 PM   2748408   3099904     53.01     23092    367036   1045500         0      0.00         0
05:54:48 PM   2749792   3098520     52.98     23100    367076   1045500         0      0.00         0
05:54:49 PM   2750988   3097324     52.96     23108    367124   1045500         0      0.00         0
05:54:50 PM   2751996   3096316     52.94     23116    367160   1045500         0      0.00         0
05:54:51 PM   2753144   3095168     52.92     23124    367196   1045500         0      0.00         0
05:54:52 PM   2754528   3093784     52.90     23132    367228   1045500         0      0.00         0
05:54:53 PM   2755772   3092540     52.88     23140    367260   1045500         0      0.00         0
05:54:54 PM   2756936   3091376     52.86     23148    367300   1045500         0      0.00         0
05:54:55 PM   2758320   3089992     52.84     23156    367328   1045500         0      0.00         0
05:54:56 PM   2759392   3088920     52.82     23164    367364   1045500         0      0.00         0
05:54:57 PM   2760368   3087944     52.80     23172    367452   1045500         0      0.00         0
05:54:58 PM   2761692   3086620     52.78     23180    367552   1045500         0      0.00         0
05:54:59 PM   2763356   3084956     52.75     23188    367592   1045500         0      0.00         0
05:55:00 PM   2764556   3083756     52.73     23196    367620   1045500         0      0.00         0
05:55:01 PM   2766188   3082124     52.70     23204    367648   1045500         0      0.00         0
05:55:02 PM   2767572   3080740     52.68     23212    367672   1045500         0      0.00         0
05:55:03 PM   2768460   3079852     52.66     23220    367692   1045500         0      0.00         0
05:55:04 PM   2769908   3078404     52.64     23228    367708   1045500         0      0.00         0
05:55:05 PM   2771228   3077084     52.61     23236    367728   1045500         0      0.00         0
05:55:06 PM   2772332   3075980     52.60     23244    367748   1045500         0      0.00         0
05:55:07 PM   2773952   3074360     52.57     23252    367760   1045500         0      0.00         0
05:55:08 PM   2775256   3073056     52.55     23260    367780   1045500         0      0.00         0
05:55:09 PM   2776328   3071984     52.53     23268    367792   1045500         0      0.00         0
05:55:10 PM   2777744   3070568     52.50     23276    367812   1045500         0      0.00         0
05:55:11 PM   2779112   3069200     52.48     23284    367824   1045500         0      0.00         0
05:55:12 PM   2780988   3067324     52.45     23292    367832   1045500         0      0.00         0
05:55:13 PM   2781780   3066532     52.43     23300    367916   1045500         0      0.00         0
05:55:14 PM   2783040   3065272     52.41     23308    367928   1045500         0      0.00         0
05:55:15 PM   2783924   3064388     52.40     23316    367936   1045500         0      0.00         0
05:55:16 PM   2785212   3063100     52.38     23324    367940   1045500         0      0.00         0
05:55:17 PM   2786500   3061812     52.35     23332    367944   1045500         0      0.00         0
05:55:18 PM   2787696   3060616     52.33     23340    367952   1045500         0      0.00         0
05:55:19 PM   2788696   3059616     52.32     23348    367968   1045500         0      0.00         0
05:55:20 PM   2790148   3058164     52.29     23356    367968   1045500         0      0.00         0
05:55:21 PM   2791384   3056928     52.27     23364    367980   1045500         0      0.00         0
05:55:22 PM   2792676   3055636     52.25     23372    367984   1045500         0      0.00         0
05:55:23 PM   2793760   3054552     52.23     23380    367988   1045500         0      0.00         0
05:55:24 PM   2795004   3053308     52.21     23388    368000   1045500         0      0.00         0
05:55:25 PM   2796048   3052264     52.19     23396    368004   1045500         0      0.00         0
05:55:26 PM   2797332   3050980     52.17     23404    368012   1045500         0      0.00         0
05:55:27 PM   2798496   3049816     52.15     23412    368016   1045500         0      0.00         0
05:55:28 PM   2799868   3048444     52.13     23420    368016   1045500         0      0.00         0
05:55:29 PM   2801048   3047264     52.11     23428    368028   1045500         0      0.00         0
05:55:30 PM   2802344   3045968     52.08     23436    368028   1045500         0      0.00         0
05:55:31 PM   2803680   3044632     52.06     23444    368040   1045500         0      0.00         0
05:55:32 PM   2804936   3043376     52.04     23452    368044   1045500         0      0.00         0
05:55:33 PM   2806012   3042300     52.02     23460    368052   1045500         0      0.00         0
05:55:34 PM   2807476   3040836     52.00     23468    368052   1045500         0      0.00         0
05:55:35 PM   2808660   3039652     51.97     23476    368052   1045500         0      0.00         0
05:55:36 PM   2809996   3038316     51.95     23484    368060   1045500         0      0.00         0
05:55:37 PM   2811276   3037036     51.93     23492    368068   1045500         0      0.00         0
05:55:38 PM   2812532   3035780     51.91     23500    368068   1045500         0      0.00         0
05:55:39 PM   2813568   3034744     51.89     23508    368064   1045500         0      0.00         0
05:55:40 PM   2814964   3033348     51.87     23516    368072   1045500         0      0.00         0
05:55:41 PM   2815956   3032356     51.85     23524    368072   1045500         0      0.00         0
05:55:42 PM   2817328   3030984     51.83     23532    368080   1045500         0      0.00         0
05:55:43 PM   2818232   3030080     51.81     23540    368084   1045500         0      0.00         0
05:55:44 PM   2819892   3028420     51.78     23548    368100   1045500         0      0.00         0
05:55:45 PM   2821052   3027260     51.76     23556    368108   1045500         0      0.00         0
05:55:46 PM   2822460   3025852     51.74     23564    368112   1045500         0      0.00         0
05:55:47 PM   2823488   3024824     51.72     23572    368108   1045500         0      0.00         0
05:55:48 PM   2824788   3023524     51.70     23580    368116   1045500         0      0.00         0
05:55:49 PM   2825964   3022348     51.68     23588    368116   1045500         0      0.00         0
05:55:50 PM   2827236   3021076     51.66     23596    368128   1045500         0      0.00         0
05:55:51 PM   2828372   3019940     51.64     23604    368132   1045500         0      0.00         0
05:55:52 PM   2829408   3018904     51.62     23612    368124   1045500         0      0.00         0
05:55:53 PM   2830436   3017876     51.60     23620    368144   1045500         0      0.00         0
05:55:54 PM   2831680   3016632     51.58     23628    368136   1045500         0      0.00         0
05:55:55 PM   2833148   3015164     51.56     23636    368152   1045500         0      0.00         0
05:55:56 PM   2834236   3014076     51.54     23644    368156   1045500         0      0.00         0
05:55:57 PM   2835480   3012832     51.52     23652    368160   1045500         0      0.00         0
05:55:58 PM   2836700   3011612     51.50     23660    368152   1045500         0      0.00         0
05:55:59 PM   2838088   3010224     51.47     23668    368168   1045500         0      0.00         0
05:56:00 PM   2839436   3008876     51.45     23676    368172   1045500         0      0.00         0
05:56:01 PM   2840724   3007588     51.43     23684    368176   1045500         0      0.00         0
05:56:02 PM   2841892   3006420     51.41     23692    368172   1045500         0      0.00         0
05:56:03 PM   2843376   3004936     51.38     23700    368188   1045500         0      0.00         0
05:56:04 PM   2844420   3003892     51.36     23708    368184   1045500         0      0.00         0
05:56:05 PM   2845828   3002484     51.34     23716    368196   1045500         0      0.00         0
05:56:06 PM   2847116   3001196     51.32     23724    368200   1045500         0      0.00         0
05:56:07 PM   2848732   2999580     51.29     23732    368204   1045500         0      0.00         0
05:56:08 PM   2850188   2998124     51.26     23740    368204   1045500         0      0.00         0
05:56:09 PM   2850712   2997600     51.26     23748    368212   1045500         0      0.00         0
05:56:10 PM   2851996   2996316     51.23     23756    368212   1045500         0      0.00         0
05:56:11 PM   2853296   2995016     51.21     23764    368220   1045500         0      0.00         0
05:56:12 PM   2854576   2993736     51.19     23772    368220   1045500         0      0.00         0
05:56:13 PM   2855620   2992692     51.17     23780    368228   1045500         0      0.00         0
05:56:14 PM   2857296   2991016     51.14     23788    368228   1045500         0      0.00         0
05:56:15 PM   2858788   2989524     51.12     23796    368240   1045500         0      0.00         0
05:56:16 PM   2860084   2988228     51.10     23804    368240   1045500         0      0.00         0
05:56:17 PM   2861168   2987144     51.08     23812    368240   1045500         0      0.00         0
05:56:18 PM   2862452   2985860     51.06     23820    368232   1045500         0      0.00         0
05:56:19 PM   2863532   2984780     51.04     23828    368260   1045500         0      0.00         0
Average:      2781404   3066908     52.44     22232    360700   1045500         0      0.00         0
