93.60
94.12
94.72
95.28
95.62
95.89
96.15
96.99
97.80
97.12
97.50
98.11
97.22
96.90
97.64
95.94
98.11
97.61
97.39
97.63
96.43
97.20
97.47
97.69
97.59
98.13
96.40
97.94
97.06
94.88
92.71
92.51
91.90
93.52
93.79
96.88
97.13
96.23
97.86
97.46
93.91
93.84
95.54
96.22
96.88
98.18
97.99
97.57
96.87
96.88
97.02
97.54
97.88
98.09
97.30
97.43
97.58
97.75
97.89
98.02
98.07
98.03
98.02
98.04
97.14
97.15
97.11
97.12
97.13
97.16
97.18
97.02
96.99
97.02
97.06
97.05
96.96
96.94
96.95
96.93
96.95
96.95
96.94
96.91
96.97
97.10
97.08
97.17
97.12
97.28
97.40
97.44
97.58
97.63
96.21
96.38
96.62
96.74
95.65
95.52
95.73
96.12
96.27
94.71
95.11
94.85
94.90
