Linux 3.11.0-15-generic (client-HVM-domU) 	03/31/2015

07:15:39 PM kbmemfree kbmemused  %memused kbbuffers  kbcached kbswpfree kbswpused  %swpused  kbswpcad
07:15:40 PM   6479008   1433680     18.12     17576    327676   1045500         0      0.00         0
07:15:41 PM   6457600   1455088     18.39     17584    327692   1045500         0      0.00         0
07:15:42 PM   6432720   1479968     18.70     17592    327712   1045500         0      0.00         0
07:15:43 PM   6414976   1497712     18.93     17600    327740   1045500         0      0.00         0
07:15:44 PM   6409904   1502784     18.99     17608    327760   1045500         0      0.00         0
07:15:45 PM   6403968   1508720     19.07     17616    327784   1045500         0      0.00         0
07:15:46 PM   6397348   1515340     19.15     17624    327800   1045500         0      0.00         0
07:15:47 PM   6385904   1526784     19.30     17632    327820   1045500         0      0.00         0
07:15:48 PM   6365672   1547016     19.55     17640    327848   1045500         0      0.00         0
07:15:49 PM   6352560   1560128     19.72     17648    327868   1045500         0      0.00         0
07:15:50 PM   6336256   1576432     19.92     17656    327900   1045500         0      0.00         0
07:15:51 PM   6312120   1600568     20.23     17664    327928   1045500         0      0.00         0
07:15:52 PM   6275636   1637052     20.69     17672    327956   1045500         0      0.00         0
07:15:53 PM   6235336   1677352     21.20     17680    327988   1045500         0      0.00         0
07:15:54 PM   6191956   1720732     21.75     17688    328020   1045500         0      0.00         0
07:15:55 PM   6154712   1757976     22.22     17696    328048   1045500         0      0.00         0
07:15:56 PM   6140904   1771784     22.39     17704    328076   1045500         0      0.00         0
07:15:57 PM   6128560   1784128     22.55     17712    328104   1045500         0      0.00         0
07:15:58 PM   6118040   1794648     22.68     17720    328128   1045500         0      0.00         0
07:15:59 PM   6098172   1814516     22.93     17728    328152   1045500         0      0.00         0
07:16:00 PM   6082700   1829988     23.13     17736    328192   1045500         0      0.00         0
07:16:01 PM   6060544   1852144     23.41     17744    328228   1045500         0      0.00         0
07:16:02 PM   6050768   1861920     23.53     17752    328260   1045500         0      0.00         0
07:16:03 PM   6042188   1870500     23.64     17760    328296   1045500         0      0.00         0
07:16:04 PM   6033448   1879240     23.75     17768    328328   1045500         0      0.00         0
07:16:05 PM   6026180   1886508     23.84     17776    328364   1045500         0      0.00         0
07:16:06 PM   6020528   1892160     23.91     17784    328396   1045500         0      0.00         0
07:16:07 PM   6016124   1896564     23.97     17792    328428   1045500         0      0.00         0
07:16:08 PM   6000420   1912268     24.17     17800    328468   1045500         0      0.00         0
07:16:09 PM   5987768   1924920     24.33     17808    328496   1045500         0      0.00         0
07:16:10 PM   5966416   1946272     24.60     17816    328544   1045500         0      0.00         0
07:16:11 PM   5929248   1983440     25.07     17824    328592   1045500         0      0.00         0
07:16:12 PM   5889508   2023180     25.57     17832    328648   1045500         0      0.00         0
07:16:13 PM   5850432   2062256     26.06     17840    328700   1045500         0      0.00         0
07:16:14 PM   5811508   2101180     26.55     17848    328740   1045500         0      0.00         0
07:16:15 PM   5805656   2107032     26.63     17856    328776   1045500         0      0.00         0
07:16:16 PM   5803052   2109636     26.66     17864    328816   1045500         0      0.00         0
07:16:17 PM   5796528   2116160     26.74     17872    328872   1045500         0      0.00         0
07:16:18 PM   5792408   2120280     26.80     17880    328896   1045500         0      0.00         0
07:16:19 PM   5788956   2123732     26.84     17888    328960   1045500         0      0.00         0
07:16:20 PM   5785208   2127480     26.89     17896    329000   1045500         0      0.00         0
07:16:21 PM   5780888   2131800     26.94     17904    329044   1045500         0      0.00         0
07:16:22 PM   5779176   2133512     26.96     17912    329284   1045500         0      0.00         0
07:16:23 PM   5775676   2137012     27.01     17920    329396   1045500         0      0.00         0
07:16:24 PM   5772512   2140176     27.05     17928    329440   1045500         0      0.00         0
07:16:25 PM   5766460   2146228     27.12     17936    329480   1045500         0      0.00         0
07:16:26 PM   5755840   2156848     27.26     17944    329536   1045500         0      0.00         0
07:16:27 PM   5736020   2176668     27.51     17952    329576   1045500         0      0.00         0
07:16:28 PM   5697452   2215236     28.00     17960    329620   1045500         0      0.00         0
07:16:29 PM   5663312   2249376     28.43     17968    329688   1045500         0      0.00         0
07:16:30 PM   5658660   2254028     28.49     17976    329732   1045500         0      0.00         0
07:16:31 PM   5656452   2256236     28.51     17984    329792   1045500         0      0.00         0
07:16:32 PM   5654024   2258664     28.54     17992    329852   1045500         0      0.00         0
07:16:33 PM   5649740   2262948     28.60     18000    329916   1045500         0      0.00         0
07:16:34 PM   5644064   2268624     28.67     18008    329968   1045500         0      0.00         0
07:16:35 PM   5641780   2270908     28.70     18016    330020   1045500         0      0.00         0
07:16:36 PM   5641348   2271340     28.71     18024    330108   1045500         0      0.00         0
07:16:37 PM   5639468   2273220     28.73     18032    330164   1045500         0      0.00         0
07:16:38 PM   5638796   2273892     28.74     18076    330224   1045500         0      0.00         0
07:16:39 PM   5638184   2274504     28.75     18084    330400   1045500         0      0.00         0
07:16:40 PM   5638360   2274328     28.74     18092    330440   1045500         0      0.00         0
07:16:41 PM   5637744   2274944     28.75     18100    330484   1045500         0      0.00         0
07:16:42 PM   5638028   2274660     28.75     18108    330532   1045500         0      0.00         0
07:16:43 PM   5638720   2273968     28.74     18116    330596   1045500         0      0.00         0
07:16:44 PM   5638812   2273876     28.74     18124    330704   1045500         0      0.00         0
07:16:45 PM   5638220   2274468     28.74     18132    330772   1045500         0      0.00         0
07:16:46 PM   5637228   2275460     28.76     18140    330828   1045500         0      0.00         0
07:16:47 PM   5636024   2276664     28.77     18148    330928   1045500         0      0.00         0
07:16:48 PM   5633928   2278760     28.80     18156    330980   1045500         0      0.00         0
07:16:49 PM   5631368   2281320     28.83     18164    331024   1045500         0      0.00         0
07:16:50 PM   5628372   2284316     28.87     18172    331084   1045500         0      0.00         0
07:16:51 PM   5627260   2285428     28.88     18180    331144   1045500         0      0.00         0
07:16:52 PM   5624448   2288240     28.92     18188    331188   1045500         0      0.00         0
07:16:53 PM   5625408   2287280     28.91     18196    331628   1045500         0      0.00         0
07:16:54 PM   5624796   2287892     28.91     18204    331688   1045500         0      0.00         0
07:16:55 PM   5625728   2286960     28.90     18212    331740   1045500         0      0.00         0
07:16:56 PM   5625208   2287480     28.91     18220    331780   1045500         0      0.00         0
07:16:57 PM   5625580   2287108     28.90     18228    331832   1045500         0      0.00         0
07:16:58 PM   5626892   2285796     28.89     18236    331876   1045500         0      0.00         0
07:16:59 PM   5627304   2285384     28.88     18244    331936   1045500         0      0.00         0
07:17:00 PM   5628336   2284352     28.87     18252    331984   1045500         0      0.00         0
07:17:01 PM   5628468   2284220     28.87     18260    332052   1045500         0      0.00         0
07:17:02 PM   5629236   2283452     28.86     18272    332100   1045500         0      0.00         0
07:17:03 PM   5630112   2282576     28.85     18280    332232   1045500         0      0.00         0
07:17:04 PM   5631120   2281568     28.83     18288    332288   1045500         0      0.00         0
07:17:05 PM   5631944   2280744     28.82     18296    332404   1045500         0      0.00         0
07:17:06 PM   5633108   2279580     28.81     18304    332504   1045500         0      0.00         0
07:17:07 PM   5634272   2278416     28.79     18312    332552   1045500         0      0.00         0
07:17:08 PM   5632280   2280408     28.82     18320    332600   1045500         0      0.00         0
07:17:09 PM   5629936   2282752     28.85     18328    332652   1045500         0      0.00         0
07:17:10 PM   5626488   2286200     28.89     18336    332708   1045500         0      0.00         0
07:17:11 PM   5616976   2295712     29.01     18344    332764   1045500         0      0.00         0
07:17:12 PM   5598304   2314384     29.25     18352    332832   1045500         0      0.00         0
07:17:13 PM   5561476   2351212     29.71     18360    332892   1045500         0      0.00         0
07:17:14 PM   5560920   2351768     29.72     18368    332940   1045500         0      0.00         0
07:17:15 PM   5561176   2351512     29.72     18376    332988   1045500         0      0.00         0
07:17:16 PM   5561340   2351348     29.72     18384    333192   1045500         0      0.00         0
07:17:17 PM   5562092   2350596     29.71     18392    333240   1045500         0      0.00         0
07:17:18 PM   5561792   2350896     29.71     18400    333440   1045500         0      0.00         0
07:17:19 PM   5562328   2350360     29.70     18408    333492   1045500         0      0.00         0
07:17:20 PM   5562476   2350212     29.70     18416    333592   1045500         0      0.00         0
07:17:21 PM   5563104   2349584     29.69     18424    333668   1045500         0      0.00         0
07:17:22 PM   5563516   2349172     29.69     18432    333724   1045500         0      0.00         0
07:17:23 PM   5563928   2348760     29.68     18440    333772   1045500         0      0.00         0
07:17:24 PM   5563564   2349124     29.69     18448    333832   1045500         0      0.00         0
07:17:25 PM   5564348   2348340     29.68     18456    333912   1045500         0      0.00         0
07:17:26 PM   5564768   2347920     29.67     18464    334060   1045500         0      0.00         0
07:17:27 PM   5565560   2347128     29.66     18472    334108   1045500         0      0.00         0
07:17:28 PM   5566428   2346260     29.65     18480    334180   1045500         0      0.00         0
07:17:29 PM   5567252   2345436     29.64     18488    334224   1045500         0      0.00         0
07:17:30 PM   5568540   2344148     29.63     18496    334292   1045500         0      0.00         0
07:17:31 PM   5569068   2343620     29.62     18504    334356   1045500         0      0.00         0
07:17:32 PM   5569828   2342860     29.61     18512    334500   1045500         0      0.00         0
07:17:33 PM   5570620   2342068     29.60     18520    334668   1045500         0      0.00         0
07:17:34 PM   5571784   2340904     29.58     18528    334736   1045500         0      0.00         0
07:17:35 PM   5573040   2339648     29.57     18536    334840   1045500         0      0.00         0
07:17:36 PM   5573848   2338840     29.56     18544    334940   1045500         0      0.00         0
07:17:37 PM   5574764   2337924     29.55     18552    335008   1045500         0      0.00         0
07:17:38 PM   5575680   2337008     29.53     18560    335060   1045500         0      0.00         0
07:17:39 PM   5576720   2335968     29.52     18568    335112   1045500         0      0.00         0
07:17:40 PM   5577760   2334928     29.51     18576    335240   1045500         0      0.00         0
07:17:41 PM   5578520   2334168     29.50     18584    335292   1045500         0      0.00         0
07:17:42 PM   5580088   2332600     29.48     18592    335340   1045500         0      0.00         0
07:17:43 PM   5580928   2331760     29.47     18600    335392   1045500         0      0.00         0
07:17:44 PM   5581936   2330752     29.46     18608    335524   1045500         0      0.00         0
07:17:45 PM   5582884   2329804     29.44     18616    335568   1045500         0      0.00         0
07:17:46 PM   5584420   2328268     29.42     18624    335636   1045500         0      0.00         0
07:17:47 PM   5585212   2327476     29.41     18632    335692   1045500         0      0.00         0
07:17:48 PM   5586128   2326560     29.40     18640    335744   1045500         0      0.00         0
07:17:49 PM   5587168   2325520     29.39     18648    335792   1045500         0      0.00         0
07:17:50 PM   5588208   2324480     29.38     18656    335840   1045500         0      0.00         0
07:17:51 PM   5589248   2323440     29.36     18664    335896   1045500         0      0.00         0
07:17:52 PM   5590256   2322432     29.35     18672    336136   1045500         0      0.00         0
07:17:53 PM   5588856   2323832     29.37     18680    336180   1045500         0      0.00         0
07:17:54 PM   5588408   2324280     29.37     18688    336232   1045500         0      0.00         0
07:17:55 PM   5583948   2328740     29.43     18696    336288   1045500         0      0.00         0
07:17:56 PM   5575804   2336884     29.53     18704    336348   1045500         0      0.00         0
07:17:57 PM   5557204   2355484     29.77     18712    336396   1045500         0      0.00         0
07:17:58 PM   5556648   2356040     29.78     18720    336464   1045500         0      0.00         0
07:17:59 PM   5557308   2355380     29.77     18728    336784   1045500         0      0.00         0
07:18:00 PM   5555720   2356968     29.79     18736    336840   1045500         0      0.00         0
07:18:01 PM   5553248   2359440     29.82     18744    336900   1045500         0      0.00         0
07:18:02 PM   5548328   2364360     29.88     18752    336960   1045500         0      0.00         0
07:18:03 PM   5539384   2373304     29.99     18760    337052   1045500         0      0.00         0
07:18:04 PM   5519944   2392744     30.24     18768    337132   1045500         0      0.00         0
07:18:05 PM   5519432   2393256     30.25     18776    337268   1045500         0      0.00         0
07:18:06 PM   5520184   2392504     30.24     18784    337320   1045500         0      0.00         0
07:18:07 PM   5520876   2391812     30.23     18792    337376   1045500         0      0.00         0
07:18:08 PM   5521364   2391324     30.22     18800    337440   1045500         0      0.00         0
07:18:09 PM   5522336   2390352     30.21     18808    337528   1045500         0      0.00         0
07:18:10 PM   5523360   2389328     30.20     18816    337648   1045500         0      0.00         0
07:18:11 PM   5523632   2389056     30.19     18824    337760   1045500         0      0.00         0
07:18:12 PM   5524044   2388644     30.19     18832    337808   1045500         0      0.00         0
07:18:13 PM   5524664   2388024     30.18     18840    337904   1045500         0      0.00         0
07:18:14 PM   5525952   2386736     30.16     18848    337968   1045500         0      0.00         0
07:18:15 PM   5526372   2386316     30.16     18856    338028   1045500         0      0.00         0
07:18:16 PM   5527396   2385292     30.15     18864    338092   1045500         0      0.00         0
07:18:17 PM   5528312   2384376     30.13     18872    338144   1045500         0      0.00         0
07:18:18 PM   5528980   2383708     30.13     18880    338188   1045500         0      0.00         0
07:18:19 PM   5530020   2382668     30.11     18888    338264   1045500         0      0.00         0
07:18:20 PM   5530564   2382124     30.11     18896    338324   1045500         0      0.00         0
07:18:21 PM   5531604   2381084     30.09     18904    338388   1045500         0      0.00         0
07:18:22 PM   5532860   2379828     30.08     18912    338476   1045500         0      0.00         0
07:18:23 PM   5531616   2381072     30.09     18920    338572   1045500         0      0.00         0
07:18:24 PM   5532520   2380168     30.08     18928    338620   1045500         0      0.00         0
07:18:25 PM   5532148   2380540     30.09     18936    338672   1045500         0      0.00         0
07:18:26 PM   5529960   2382728     30.11     18944    338716   1045500         0      0.00         0
07:18:27 PM   5530488   2382200     30.11     18952    338812   1045500         0      0.00         0
07:18:28 PM   5531396   2381292     30.09     18960    338868   1045500         0      0.00         0
07:18:29 PM   5532032   2380656     30.09     18968    338924   1045500         0      0.00         0
07:18:30 PM   5533032   2379656     30.07     18976    338984   1045500         0      0.00         0
07:18:31 PM   5533732   2378956     30.07     18984    339108   1045500         0      0.00         0
07:18:32 PM   5534864   2377824     30.05     18992    339388   1045500         0      0.00         0
07:18:33 PM   5535860   2376828     30.04     19000    339424   1045500         0      0.00         0
07:18:34 PM   5535836   2376852     30.04     19008    339472   1045500         0      0.00         0
07:18:35 PM   5536744   2375944     30.03     19016    339568   1045500         0      0.00         0
07:18:36 PM   5537568   2375120     30.02     19024    339628   1045500         0      0.00         0
07:18:37 PM   5538048   2374640     30.01     19032    339680   1045500         0      0.00         0
07:18:38 PM   5539152   2373536     30.00     19040    339728   1045500         0      0.00         0
07:18:39 PM   5540284   2372404     29.98     19048    339776   1045500         0      0.00         0
07:18:40 PM   5541356   2371332     29.97     19056    339828   1045500         0      0.00         0
07:18:41 PM   5542488   2370200     29.95     19064    339904   1045500         0      0.00         0
07:18:42 PM   5543652   2369036     29.94     19072    339948   1045500         0      0.00         0
07:18:43 PM   5544724   2367964     29.93     19080    339996   1045500         0      0.00         0
07:18:44 PM   5545732   2366956     29.91     19088    340044   1045500         0      0.00         0
07:18:45 PM   5546804   2365884     29.90     19096    340144   1045500         0      0.00         0
07:18:46 PM   5547844   2364844     29.89     19104    340348   1045500         0      0.00         0
07:18:47 PM   5548512   2364176     29.88     19112    340392   1045500         0      0.00         0
07:18:48 PM   5549924   2362764     29.86     19120    340448   1045500         0      0.00         0
07:18:49 PM   5550840   2361848     29.85     19128    340496   1045500         0      0.00         0
07:18:50 PM   5551972   2360716     29.83     19136    340576   1045500         0      0.00         0
07:18:51 PM   5553044   2359644     29.82     19144    340968   1045500         0      0.00         0
07:18:52 PM   5553712   2358976     29.81     19152    341036   1045500         0      0.00         0
07:18:53 PM   5554876   2357812     29.80     19160    341112   1045500         0      0.00         0
07:18:54 PM   5556256   2356432     29.78     19168    341172   1045500         0      0.00         0
07:18:55 PM   5557204   2355484     29.77     19176    341352   1045500         0      0.00         0
07:18:56 PM   5558260   2354428     29.76     19184    341516   1045500         0      0.00         0
07:18:57 PM   5558268   2354420     29.75     19192    341608   1045500         0      0.00         0
07:18:58 PM   5557080   2355608     29.77     19200    341708   1045500         0      0.00         0
07:18:59 PM   5556320   2356368     29.78     19208    341772   1045500         0      0.00         0
07:19:00 PM   5556600   2356088     29.78     19216    341820   1045500         0      0.00         0
07:19:01 PM   5557352   2355336     29.77     19224    341916   1045500         0      0.00         0
07:19:02 PM   5559012   2353676     29.75     19232    341972   1045500         0      0.00         0
07:19:03 PM   5557712   2354976     29.76     19240    342024   1045500         0      0.00         0
07:19:04 PM   5557308   2355380     29.77     19248    342084   1045500         0      0.00         0
07:19:05 PM   5558456   2354232     29.75     19256    342128   1045500         0      0.00         0
07:19:06 PM   5559496   2353192     29.74     19264    342220   1045500         0      0.00         0
07:19:07 PM   5560380   2352308     29.73     19272    342268   1045500         0      0.00         0
07:19:08 PM   5559620   2353068     29.74     19280    342320   1045500         0      0.00         0
07:19:09 PM   5557680   2355008     29.76     19288    342376   1045500         0      0.00         0
07:19:10 PM   5553848   2358840     29.81     19296    342428   1045500         0      0.00         0
07:19:11 PM   5554004   2358684     29.81     19304    342476   1045500         0      0.00         0
07:19:12 PM   5552884   2359804     29.82     19312    342524   1045500         0      0.00         0
07:19:13 PM   5551372   2361316     29.84     19320    342604   1045500         0      0.00         0
07:19:14 PM   5551652   2361036     29.84     19328    342648   1045500         0      0.00         0
07:19:15 PM   5551816   2360872     29.84     19336    342708   1045500         0      0.00         0
07:19:16 PM   5552600   2360088     29.83     19344    342756   1045500         0      0.00         0
07:19:17 PM   5553508   2359180     29.82     19352    342860   1045500         0      0.00         0
07:19:18 PM   5554416   2358272     29.80     19360    342904   1045500         0      0.00         0
07:19:19 PM   5555324   2357364     29.79     19368    343052   1045500         0      0.00         0
07:19:20 PM   5556356   2356332     29.78     19376    343108   1045500         0      0.00         0
07:19:21 PM   5557604   2355084     29.76     19384    343328   1045500         0      0.00         0
07:19:22 PM   5558264   2354424     29.76     19392    343404   1045500         0      0.00         0
07:19:23 PM   5559212   2353476     29.74     19400    343504   1045500         0      0.00         0
07:19:24 PM   5558744   2353944     29.75     19408    343564   1045500         0      0.00         0
07:19:25 PM   5558312   2354376     29.75     19416    343608   1045500         0      0.00         0
07:19:26 PM   5557340   2355348     29.77     19424    343864   1045500         0      0.00         0
07:19:27 PM   5557900   2354788     29.76     19432    343984   1045500         0      0.00         0
07:19:28 PM   5558560   2354128     29.75     19440    344108   1045500         0      0.00         0
07:19:29 PM   5559600   2353088     29.74     19448    344236   1045500         0      0.00         0
07:19:30 PM   5560672   2352016     29.72     19456    344292   1045500         0      0.00         0
07:19:31 PM   5560112   2352576     29.73     19464    344348   1045500         0      0.00         0
07:19:32 PM   5559832   2352856     29.74     19472    344404   1045500         0      0.00         0
07:19:33 PM   5560316   2352372     29.73     19480    344452   1045500         0      0.00         0
07:19:34 PM   5561232   2351456     29.72     19488    344596   1045500         0      0.00         0
07:19:35 PM   5562428   2350260     29.70     19496    344640   1045500         0      0.00         0
07:19:36 PM   5563592   2349096     29.69     19504    344712   1045500         0      0.00         0
07:19:37 PM   5563156   2349532     29.69     19512    344760   1045500         0      0.00         0
07:19:38 PM   5563808   2348880     29.68     19520    344820   1045500         0      0.00         0
07:19:39 PM   5563288   2349400     29.69     19528    344876   1045500         0      0.00         0
07:19:40 PM   5562720   2349968     29.70     19536    344972   1045500         0      0.00         0
07:19:41 PM   5562040   2350648     29.71     19544    345020   1045500         0      0.00         0
07:19:42 PM   5563064   2349624     29.69     19552    345108   1045500         0      0.00         0
07:19:43 PM   5563856   2348832     29.68     19560    345280   1045500         0      0.00         0
07:19:44 PM   5564772   2347916     29.67     19568    345368   1045500         0      0.00         0
07:19:45 PM   5565904   2346784     29.66     19576    345412   1045500         0      0.00         0
07:19:46 PM   5567068   2345620     29.64     19584    345456   1045500         0      0.00         0
07:19:47 PM   5568512   2344176     29.63     19592    345512   1045500         0      0.00         0
07:19:48 PM   5569304   2343384     29.62     19600    345556   1045500         0      0.00         0
07:19:49 PM   5570468   2342220     29.60     19608    345600   1045500         0      0.00         0
07:19:50 PM   5571476   2341212     29.59     19616    345644   1045500         0      0.00         0
07:19:51 PM   5572764   2339924     29.57     19624    345692   1045500         0      0.00         0
07:19:52 PM   5574208   2338480     29.55     19632    345772   1045500         0      0.00         0
07:19:53 PM   5575744   2336944     29.53     19640    345876   1045500         0      0.00         0
07:19:54 PM   5576288   2336400     29.53     19648    345916   1045500         0      0.00         0
07:19:55 PM   5576940   2335748     29.52     19656    345980   1045500         0      0.00         0
07:19:56 PM   5576948   2335740     29.52     19664    346032   1045500         0      0.00         0
07:19:57 PM   5576288   2336400     29.53     19672    346096   1045500         0      0.00         0
07:19:58 PM   5574688   2338000     29.55     19680    346144   1045500         0      0.00         0
07:19:59 PM   5574380   2338308     29.55     19688    346200   1045500         0      0.00         0
07:20:00 PM   5574100   2338588     29.55     19696    346244   1045500         0      0.00         0
07:20:01 PM   5574404   2338284     29.55     19704    346292   1045500         0      0.00         0
07:20:02 PM   5574224   2338464     29.55     19712    346396   1045500         0      0.00         0
07:20:03 PM   5572160   2340528     29.58     19720    346444   1045500         0      0.00         0
07:20:04 PM   5568580   2344108     29.62     19728    346496   1045500         0      0.00         0
07:20:05 PM   5559176   2353512     29.74     19736    346540   1045500         0      0.00         0
07:20:06 PM   5558556   2354132     29.75     19744    346588   1045500         0      0.00         0
07:20:07 PM   5558184   2354504     29.76     19752    346688   1045500         0      0.00         0
07:20:08 PM   5558620   2354068     29.75     19760    346740   1045500         0      0.00         0
07:20:09 PM   5559528   2353160     29.74     19768    346784   1045500         0      0.00         0
07:20:10 PM   5560560   2352128     29.73     19776    346860   1045500         0      0.00         0
07:20:11 PM   5560536   2352152     29.73     19784    346908   1045500         0      0.00         0
07:20:12 PM   5560444   2352244     29.73     19792    347000   1045500         0      0.00         0
07:20:13 PM   5561264   2351424     29.72     19800    347108   1045500         0      0.00         0
07:20:14 PM   5562080   2350608     29.71     19808    347160   1045500         0      0.00         0
07:20:15 PM   5563112   2349576     29.69     19816    347204   1045500         0      0.00         0
07:20:16 PM   5564392   2348296     29.68     19824    347264   1045500         0      0.00         0
07:20:17 PM   5565052   2347636     29.67     19832    347312   1045500         0      0.00         0
07:20:18 PM   5564688   2348000     29.67     19840    347420   1045500         0      0.00         0
07:20:19 PM   5563964   2348724     29.68     19848    347476   1045500         0      0.00         0
07:20:20 PM   5562612   2350076     29.70     19856    347520   1045500         0      0.00         0
07:20:21 PM   5558580   2354108     29.75     19864    347776   1045500         0      0.00         0
07:20:22 PM   5549772   2362916     29.86     19872    347828   1045500         0      0.00         0
07:20:23 PM   5531952   2380736     30.09     19880    347928   1045500         0      0.00         0
07:20:24 PM   5531596   2381092     30.09     19888    347976   1045500         0      0.00         0
07:20:25 PM   5531668   2381020     30.09     19896    348044   1045500         0      0.00         0
07:20:26 PM   5532576   2380112     30.08     19904    348108   1045500         0      0.00         0
07:20:27 PM   5533452   2379236     30.07     19912    348152   1045500         0      0.00         0
07:20:28 PM   5534732   2377956     30.05     19920    348248   1045500         0      0.00         0
07:20:29 PM   5535176   2377512     30.05     19928    348376   1045500         0      0.00         0
07:20:30 PM   5535836   2376852     30.04     19936    348424   1045500         0      0.00         0
07:20:31 PM   5537240   2375448     30.02     19944    348484   1045500         0      0.00         0
07:20:32 PM   5537940   2374748     30.01     19952    348532   1045500         0      0.00         0
07:20:33 PM   5538652   2374036     30.00     19960    348604   1045500         0      0.00         0
07:20:34 PM   5539288   2373400     29.99     19968    348652   1045500         0      0.00         0
07:20:35 PM   5540484   2372204     29.98     19976    348700   1045500         0      0.00         0
07:20:36 PM   5541616   2371072     29.97     19984    348744   1045500         0      0.00         0
07:20:37 PM   5542936   2369752     29.95     19992    348808   1045500         0      0.00         0
07:20:38 PM   5543604   2369084     29.94     20000    348856   1045500         0      0.00         0
07:20:39 PM   5544396   2368292     29.93     20008    348980   1045500         0      0.00         0
07:20:40 PM   5546056   2366632     29.91     20016    349044   1045500         0      0.00         0
07:20:41 PM   5547220   2365468     29.89     20024    349092   1045500         0      0.00         0
07:20:42 PM   5547888   2364800     29.89     20032    349140   1045500         0      0.00         0
07:20:43 PM   5548728   2363960     29.88     20040    349188   1045500         0      0.00         0
07:20:44 PM   5549736   2362952     29.86     20048    349236   1045500         0      0.00         0
07:20:45 PM   5551024   2361664     29.85     20056    349288   1045500         0      0.00         0
07:20:46 PM   5552032   2360656     29.83     20064    349332   1045500         0      0.00         0
07:20:47 PM   5553088   2359600     29.82     20072    349376   1045500         0      0.00         0
07:20:48 PM   5553972   2358716     29.81     20080    349508   1045500         0      0.00         0
07:20:49 PM   5555168   2357520     29.79     20088    349600   1045500         0      0.00         0
07:20:50 PM   5556132   2356556     29.78     20096    349652   1045500         0      0.00         0
07:20:51 PM   5557140   2355548     29.77     20104    349692   1045500         0      0.00         0
07:20:52 PM   5558328   2354360     29.75     20112    349788   1045500         0      0.00         0
07:20:53 PM   5559408   2353280     29.74     20120    349840   1045500         0      0.00         0
07:20:54 PM   5560296   2352392     29.73     20128    349880   1045500         0      0.00         0
07:20:55 PM   5562072   2350616     29.71     20136    349916   1045500         0      0.00         0
07:20:56 PM   5563188   2349500     29.69     20144    349952   1045500         0      0.00         0
07:20:57 PM   5564276   2348412     29.68     20152    349984   1045500         0      0.00         0
07:20:58 PM   5565264   2347424     29.67     20160    350048   1045500         0      0.00         0
07:20:59 PM   5566776   2345912     29.65     20168    350080   1045500         0      0.00         0
07:21:00 PM   5568172   2344516     29.63     20176    350104   1045500         0      0.00         0
07:21:01 PM   5569144   2343544     29.62     20184    350132   1045500         0      0.00         0
07:21:02 PM   5570428   2342260     29.60     20192    350160   1045500         0      0.00         0
07:21:03 PM   5571708   2340980     29.59     20200    350164   1045500         0      0.00         0
07:21:04 PM   5573212   2339476     29.57     20208    350204   1045500         0      0.00         0
07:21:05 PM   5574272   2338416     29.55     20216    350220   1045500         0      0.00         0
07:21:06 PM   5575744   2336944     29.53     20224    350236   1045500         0      0.00         0
07:21:07 PM   5576916   2335772     29.52     20232    350248   1045500         0      0.00         0
07:21:08 PM   5578064   2334624     29.50     20240    350256   1045500         0      0.00         0
07:21:09 PM   5579260   2333428     29.49     20248    350320   1045500         0      0.00         0
07:21:10 PM   5580452   2332236     29.47     20256    350336   1045500         0      0.00         0
07:21:11 PM   5581600   2331088     29.46     20264    350348   1045500         0      0.00         0
07:21:12 PM   5582744   2329944     29.45     20272    350356   1045500         0      0.00         0
07:21:13 PM   5584068   2328620     29.43     20280    350364   1045500         0      0.00         0
07:21:14 PM   5585184   2327504     29.41     20288    350376   1045500         0      0.00         0
07:21:15 PM   5586128   2326560     29.40     20296    350384   1045500         0      0.00         0
07:21:16 PM   5587420   2325268     29.39     20304    350392   1045500         0      0.00         0
07:21:17 PM   5588708   2323980     29.37     20312    350400   1045500         0      0.00         0
07:21:18 PM   5589596   2323092     29.36     20320    350400   1045500         0      0.00         0
07:21:19 PM   5591044   2321644     29.34     20328    350408   1045500         0      0.00         0
07:21:20 PM   5592080   2320608     29.33     20336    350416   1045500         0      0.00         0
07:21:21 PM   5593116   2319572     29.31     20344    350432   1045500         0      0.00         0
07:21:22 PM   5594384   2318304     29.30     20352    350436   1045500         0      0.00         0
07:21:23 PM   5595824   2316864     29.28     20360    350444   1045500         0      0.00         0
07:21:24 PM   5597008   2315680     29.27     20368    350444   1045500         0      0.00         0
07:21:25 PM   5598396   2314292     29.25     20376    350456   1045500         0      0.00         0
07:21:26 PM   5599320   2313368     29.24     20384    350460   1045500         0      0.00         0
07:21:27 PM   5600476   2312212     29.22     20392    350464   1045500         0      0.00         0
07:21:28 PM   5601512   2311176     29.21     20400    350468   1045500         0      0.00         0
07:21:29 PM   5602676   2310012     29.19     20408    350468   1045500         0      0.00         0
07:21:30 PM   5603988   2308700     29.18     20416    350464   1045500         0      0.00         0
07:21:31 PM   5605264   2307424     29.16     20424    350488   1045500         0      0.00         0
07:21:32 PM   5606672   2306016     29.14     20432    350484   1045500         0      0.00         0
07:21:33 PM   5607576   2305112     29.13     20440    350496   1045500         0      0.00         0
07:21:34 PM   5608724   2303964     29.12     20448    350492   1045500         0      0.00         0
07:21:35 PM   5610020   2302668     29.10     20456    350504   1045500         0      0.00         0
07:21:36 PM   5611208   2301480     29.09     20464    350504   1045500         0      0.00         0
07:21:37 PM   5612344   2300344     29.07     20472    350504   1045500         0      0.00         0
07:21:38 PM   5611984   2300704     29.08     20480    350516   1045500         0      0.00         0
07:21:39 PM   5613628   2299060     29.06     20488    350520   1045500         0      0.00         0
07:21:40 PM   5614912   2297776     29.04     20496    350512   1045500         0      0.00         0
07:21:41 PM   5616196   2296492     29.02     20504    350516   1045500         0      0.00         0
07:21:42 PM   5617508   2295180     29.01     20512    350520   1045500         0      0.00         0
07:21:43 PM   5618664   2294024     28.99     20520    350540   1045500         0      0.00         0
07:21:44 PM   5619732   2292956     28.98     20528    350544   1045500         0      0.00         0
07:21:45 PM   5620904   2291784     28.96     20536    350536   1045500         0      0.00         0
07:21:46 PM   5622304   2290384     28.95     20544    350544   1045500         0      0.00         0
07:21:47 PM   5623340   2289348     28.93     20552    350544   1045500         0      0.00         0
07:21:48 PM   5624504   2288184     28.92     20560    350552   1045500         0      0.00         0
07:21:49 PM   5625816   2286872     28.90     20568    350552   1045500         0      0.00         0
07:21:50 PM   5626964   2285724     28.89     20576    350560   1045500         0      0.00         0
07:21:51 PM   5628120   2284568     28.87     20584    350560   1045500         0      0.00         0
07:21:52 PM   5629432   2283256     28.86     20592    350572   1045500         0      0.00         0
07:21:53 PM   5630692   2281996     28.84     20600    350584   1045500         0      0.00         0
07:21:54 PM   5631744   2280944     28.83     20608    350576   1045500         0      0.00         0
07:21:55 PM   5633028   2279660     28.81     20616    350592   1045500         0      0.00         0
07:21:56 PM   5634072   2278616     28.80     20624    350584   1045500         0      0.00         0
07:21:57 PM   5635364   2277324     28.78     20632    350604   1045500         0      0.00         0
07:21:58 PM   5636540   2276148     28.77     20640    350596   1045500         0      0.00         0
07:21:59 PM   5637808   2274880     28.75     20648    350612   1045500         0      0.00         0
07:22:00 PM   5638852   2273836     28.74     20656    350604   1045500         0      0.00         0
07:22:01 PM   5640008   2272680     28.72     20664    350620   1045500         0      0.00         0
07:22:02 PM   5641176   2271512     28.71     20672    350612   1045500         0      0.00         0
07:22:03 PM   5642460   2270228     28.69     20680    350616   1045500         0      0.00         0
07:22:04 PM   5643624   2269064     28.68     20688    350628   1045500         0      0.00         0
07:22:05 PM   5644824   2267864     28.66     20696    350640   1045500         0      0.00         0
07:22:06 PM   5645908   2266780     28.65     20704    350632   1045500         0      0.00         0
07:22:07 PM   5647092   2265596     28.63     20712    350640   1045500         0      0.00         0
07:22:08 PM   5648376   2264312     28.62     20720    350652   1045500         0      0.00         0
07:22:09 PM   5649660   2263028     28.60     20728    350644   1045500         0      0.00         0
07:22:10 PM   5650872   2261816     28.58     20736    350648   1045500         0      0.00         0
07:22:11 PM   5652156   2260532     28.57     20744    350656   1045500         0      0.00         0
07:22:12 PM   5653180   2259508     28.56     20752    350656   1045500         0      0.00         0
07:22:13 PM   5654356   2258332     28.54     20760    350660   1045500         0      0.00         0
07:22:14 PM   5655632   2257056     28.52     20768    350672   1045500         0      0.00         0
07:22:15 PM   5656668   2256020     28.51     20776    350672   1045500         0      0.00         0
07:22:16 PM   5658092   2254596     28.49     20784    350680   1045500         0      0.00         0
07:22:17 PM   5659252   2253436     28.48     20792    350680   1045500         0      0.00         0
07:22:18 PM   5660544   2252144     28.46     20800    350696   1045500         0      0.00         0
07:22:19 PM   5661572   2251116     28.45     20808    350688   1045500         0      0.00         0
Average:      5637262   2275426     28.76     19206    340825   1045500         0      0.00         0
