9.85
15.38
13.49
18.36
14.11
13.89
12.88
17.38
18.53
19.75
23.47
18.43
27.85
24.87
21.21
19.79
22.59
23.16
21.23
18.69
18.88
25.00
17.09
27.89
21.21
19.74
20.92
18.07
27.00
25.89
23.79
29.95
26.33
28.39
27.82
24.68
25.45
22.45
23.21
21.75
24.04
25.45
24.10
24.36
23.79
22.84
25.71
24.37
31.90
24.37
24.81
28.13
22.51
28.64
25.45
23.08
22.39
24.74
25.19
24.30
24.68
24.35
24.06
22.34
26.02
24.87
22.11
21.88
25.57
23.27
24.11
22.65
23.60
21.37
22.65
21.96
21.99
20.87
23.90
23.50
23.27
24.68
20.57
23.23
25.32
21.28
24.74
21.07
24.43
26.40
20.66
25.77
25.38
27.85
22.31
24.55
27.55
19.54
22.68
22.84
25.19
21.85
23.21
24.49
19.90
24.10
21.85
23.86
22.37
22.92
25.88
27.55
23.54
22.47
23.80
26.52
24.94
28.97
24.62
23.17
23.79
23.47
24.75
22.19
21.43
21.94
24.62
22.56
24.30
23.41
21.65
25.19
22.31
24.18
28.46
28.46
21.96
26.70
25.19
23.85
26.82
24.62
23.26
26.33
26.65
25.00
22.11
26.58
24.94
27.76
25.58
23.77
28.17
28.03
26.85
29.01
27.95
27.53
21.85
27.16
27.13
28.57
25.52
24.43
19.95
27.16
28.97
27.06
26.80
24.23
26.02
26.85
26.72
26.42
27.25
23.79
24.87
23.21
29.56
27.85
25.63
23.71
23.02
24.87
23.97
25.13
23.35
26.68
21.85
26.33
27.39
25.38
23.74
23.71
25.95
25.45
23.39
23.43
26.60
19.69
26.46
25.52
27.71
20.97
25.32
23.33
27.06
25.19
28.13
26.55
24.68
25.13
24.75
27.37
21.88
24.43
21.86
28.10
27.53
25.71
20.77
25.38
23.54
29.92
26.14
25.38
25.96
23.00
22.90
23.06
25.63
29.01
27.23
22.34
27.18
26.79
26.01
26.33
26.02
22.39
24.43
25.71
24.74
23.35
25.26
24.23
26.28
24.36
22.59
24.48
24.49
29.74
24.87
33.33
24.23
28.50
27.98
24.55
27.84
25.38
30.28
28.50
27.66
25.32
23.14
23.10
24.81
28.64
22.11
26.41
27.53
26.88
24.49
24.56
26.15
26.72
25.78
22.34
28.24
27.07
20.61
25.95
26.29
25.26
27.95
29.62
26.41
25.32
26.79
27.55
27.59
29.11
26.34
25.19
26.52
28.17
28.75
26.22
25.45
25.19
26.99
26.28
29.62
24.94
26.02
25.06
27.62
25.90
27.11
21.91
25.89
30.61
26.03
21.94
20.51
20.40
22.56
19.49
21.07
14.54
18.48
17.14
15.09
13.96
11.31
12.02
10.15
7.87
8.63
8.06
8.52
6.55
3.78
3.79
5.75
4.26
5.50
3.02
3.77
3.51
4.52
3.01
4.02
2.76
1.76
3.74
2.51
3.26
1.25
1.75
1.25
1.50
1.50
3.25
1.50
1.50
1.25
1.25
0.75
1.25
1.25
2.00
2.24
1.50
2.01
1.75
1.75
1.75
1.75
2.00
1.75
1.25
1.75
2.25
2.00
1.25
1.75
1.75
1.75
1.01
3.25
2.00
1.00
1.50
1.50
3.00
1.25
1.50
2.01
2.00
2.00
1.75
2.00
1.25
1.75
3.75
1.75
2.00
1.00
1.50
