18.12
18.39
18.70
18.93
18.99
19.07
19.15
19.30
19.55
19.72
19.92
20.23
20.69
21.20
21.75
22.22
22.39
22.55
22.68
22.93
23.13
23.41
23.53
23.64
23.75
23.84
23.91
23.97
24.17
24.33
24.60
25.07
25.57
26.06
26.55
26.63
26.66
26.74
26.80
26.84
26.89
26.94
26.96
27.01
27.05
27.12
27.26
27.51
28.00
28.43
28.49
28.51
28.54
28.60
28.67
28.70
28.71
28.73
28.74
28.75
28.74
28.75
28.75
28.74
28.74
28.74
28.76
28.77
28.80
28.83
28.87
28.88
28.92
28.91
28.91
28.90
28.91
28.90
28.89
28.88
28.87
28.87
28.86
28.85
28.83
28.82
28.81
28.79
28.82
28.85
28.89
29.01
29.25
29.71
29.72
29.72
29.72
29.71
29.71
29.70
29.70
29.69
29.69
29.68
29.69
29.68
29.67
29.66
29.65
29.64
29.63
29.62
29.61
29.60
29.58
29.57
29.56
29.55
29.53
29.52
29.51
29.50
29.48
29.47
29.46
29.44
29.42
29.41
29.40
29.39
29.38
29.36
29.35
29.37
29.37
29.43
29.53
29.77
29.78
29.77
29.79
29.82
29.88
29.99
30.24
30.25
30.24
30.23
30.22
30.21
30.20
30.19
30.19
30.18
30.16
30.16
30.15
30.13
30.13
30.11
30.11
30.09
30.08
30.09
30.08
30.09
30.11
30.11
30.09
30.09
30.07
30.07
30.05
30.04
30.04
30.03
30.02
30.01
30.00
29.98
29.97
29.95
29.94
29.93
29.91
29.90
29.89
29.88
29.86
29.85
29.83
29.82
29.81
29.80
29.78
29.77
29.76
29.75
29.77
29.78
29.78
29.77
29.75
29.76
29.77
29.75
29.74
29.73
29.74
29.76
29.81
29.81
29.82
29.84
29.84
29.84
29.83
29.82
29.80
29.79
29.78
29.76
29.76
29.74
29.75
29.75
29.77
29.76
29.75
29.74
29.72
29.73
29.74
29.73
29.72
29.70
29.69
29.69
29.68
29.69
29.70
29.71
29.69
29.68
29.67
29.66
29.64
29.63
29.62
29.60
29.59
29.57
29.55
29.53
29.53
29.52
29.52
29.53
29.55
29.55
29.55
29.55
29.55
29.58
29.62
29.74
29.75
29.76
29.75
29.74
29.73
29.73
29.73
29.72
29.71
29.69
29.68
29.67
29.67
29.68
29.70
29.75
29.86
30.09
30.09
30.09
30.08
30.07
30.05
30.05
30.04
30.02
30.01
30.00
29.99
29.98
29.97
29.95
29.94
29.93
29.91
29.89
29.89
29.88
29.86
29.85
29.83
29.82
29.81
29.79
29.78
29.77
29.75
29.74
29.73
29.71
29.69
29.68
29.67
29.65
29.63
29.62
29.60
29.59
29.57
29.55
29.53
29.52
29.50
29.49
29.47
29.46
29.45
29.43
29.41
29.40
29.39
29.37
29.36
29.34
29.33
29.31
29.30
29.28
29.27
29.25
29.24
29.22
29.21
29.19
29.18
29.16
29.14
29.13
29.12
29.10
29.09
29.07
29.08
29.06
29.04
29.02
29.01
28.99
28.98
28.96
28.95
28.93
28.92
28.90
28.89
28.87
28.86
28.84
28.83
28.81
28.80
28.78
28.77
28.75
28.74
28.72
28.71
28.69
28.68
28.66
28.65
28.63
28.62
28.60
28.58
28.57
28.56
28.54
28.52
28.51
28.49
28.48
28.46
28.45
