2.76
4.70
3.27
5.96
9.00
8.21
8.82
11.60
6.53
6.55
7.05
9.82
12.41
16.12
11.62
10.94
8.14
11.45
9.82
12.12
15.95
17.21
17.44
16.28
18.07
16.50
18.46
21.01
14.58
19.23
17.09
18.69
14.07
14.07
18.64
15.56
20.97
20.45
23.35
18.46
21.72
23.66
22.14
23.04
26.40
22.82
19.69
18.23
16.12
21.23
21.07
20.30
20.77
25.19
29.57
22.31
23.48
23.41
22.08
20.05
20.36
25.38
20.41
24.43
21.48
25.89
24.37
22.82
23.16
21.41
22.34
23.10
22.31
19.24
22.47
21.99
23.83
23.08
19.24
22.36
25.06
22.51
25.13
19.54
20.05
20.51
22.51
22.14
21.45
20.41
21.46
20.10
17.90
20.97
19.60
25.82
22.37
18.78
18.81
21.21
27.30
24.87
22.86
21.17
25.77
22.51
19.80
21.21
25.45
20.41
23.43
23.35
22.86
20.10
17.42
20.05
22.56
21.83
27.86
25.96
23.39
19.48
19.85
20.26
24.94
21.99
21.23
20.47
21.23
21.74
22.74
18.97
21.94
26.08
24.94
21.16
21.07
22.96
24.43
23.86
26.03
21.32
24.62
18.21
20.05
21.23
19.54
20.76
23.58
24.23
27.46
31.52
26.67
26.79
24.56
29.16
23.33
29.12
25.19
25.00
24.42
22.22
29.80
28.06
29.59
29.41
25.13
26.21
23.21
27.23
25.00
28.68
26.92
23.47
28.72
23.47
24.49
25.89
22.80
28.87
24.23
24.16
23.10
28.46
25.77
22.98
25.13
24.43
24.04
26.65
27.84
25.88
24.04
22.88
23.72
22.60
29.56
28.46
26.15
26.68
30.08
22.96
24.68
23.93
26.40
29.35
26.01
27.62
22.42
27.25
22.31
24.94
24.68
23.60
28.13
25.19
29.38
23.27
26.29
26.87
23.00
29.70
28.64
27.55
22.56
22.31
26.58
28.39
25.19
26.10
24.11
25.19
28.24
26.15
23.00
26.79
25.58
24.74
24.37
23.26
24.68
26.60
29.01
26.01
24.62
23.65
25.64
24.48
23.21
22.28
20.41
24.23
23.02
24.17
30.33
25.78
27.69
29.72
29.44
29.40
22.28
23.33
25.70
25.64
28.02
22.39
26.40
26.40
24.36
22.25
19.84
25.96
20.47
21.68
24.74
21.94
24.04
28.35
25.58
24.49
25.84
24.81
27.01
27.09
25.71
24.22
21.56
27.30
22.31
24.30
25.65
25.32
28.68
23.85
28.43
28.46
26.85
27.48
24.49
26.52
25.70
23.72
22.47
24.68
25.32
25.77
26.09
21.79
25.00
24.11
26.22
24.68
29.34
24.55
24.42
25.83
23.14
21.63
27.32
21.74
23.92
23.35
24.04
20.87
23.39
20.25
13.99
20.87
22.39
16.97
17.60
17.39
16.24
20.76
16.45
12.63
11.37
14.90
12.50
9.95
12.28
9.85
14.36
10.86
9.16
9.90
8.59
8.44
7.34
10.10
7.30
7.89
8.63
5.06
3.02
3.78
3.01
4.52
4.27
4.80
2.76
3.78
3.77
2.76
3.27
3.02
2.00
3.77
2.51
2.25
1.75
2.51
2.27
2.26
3.76
2.25
2.75
1.76
2.50
2.02
3.26
2.01
2.50
1.25
1.00
1.51
1.00
1.25
1.00
1.00
0.75
1.00
1.25
1.00
1.50
0.75
1.75
1.00
1.50
