23.26
23.27
23.29
23.35
23.49
23.76
23.75
23.79
23.83
23.90
23.97
24.13
24.57
24.94
24.97
25.03
25.10
25.20
25.32
25.45
25.71
26.20
26.58
27.13
27.79
27.97
28.14
28.47
28.64
28.90
29.00
29.13
29.21
29.27
29.41
29.59
29.90
30.57
31.14
31.69
32.41
33.08
33.75
34.41
34.95
35.13
35.32
35.52
35.66
35.93
36.15
36.26
36.41
36.44
36.51
36.53
36.55
36.59
36.62
36.70
36.81
36.99
37.23
37.72
37.96
38.42
39.07
39.76
39.80
39.83
39.86
40.01
40.09
40.12
40.13
40.19
40.19
40.20
40.21
40.19
40.21
40.23
40.22
40.21
40.21
40.20
40.19
40.18
40.17
40.16
40.14
40.14
40.12
40.11
40.10
40.06
40.05
40.04
40.03
40.02
40.00
39.99
39.97
39.95
39.94
39.95
39.98
40.05
40.18
40.18
40.18
40.14
40.14
40.14
40.12
40.11
40.13
40.16
40.23
40.38
40.38
40.38
40.37
40.35
40.34
40.36
40.37
40.36
40.34
40.32
40.30
40.29
40.27
40.25
40.24
40.22
40.20
40.21
40.24
40.34
40.49
40.78
40.76
40.76
40.75
40.74
40.73
40.72
40.69
40.69
40.68
40.67
40.68
40.68
40.69
40.73
40.79
40.81
40.79
40.78
40.79
40.79
40.79
40.78
40.73
40.72
40.72
40.70
40.68
40.69
40.73
40.78
40.92
40.95
40.94
40.93
40.95
40.97
41.00
40.99
40.98
40.94
40.94
40.92
40.93
40.96
40.95
40.93
40.96
41.01
41.01
40.99
40.99
40.99
40.97
40.97
40.95
40.90
40.90
40.88
40.86
40.84
40.83
40.85
40.83
40.82
40.83
40.86
40.86
40.84
40.82
40.81
40.79
40.75
40.74
40.74
40.73
40.70
40.68
40.69
40.72
40.74
40.76
40.80
40.79
40.77
40.75
40.74
40.72
40.71
40.69
40.67
40.65
40.60
40.58
40.57
40.55
40.55
40.59
40.65
40.65
40.64
40.63
40.62
40.60
40.58
40.57
40.54
40.52
40.51
40.49
40.47
40.44
40.43
40.45
40.47
40.55
40.70
40.99
41.42
41.66
41.65
41.63
41.63
41.63
41.61
41.61
41.61
41.60
41.59
41.57
41.56
41.54
41.53
41.51
41.49
41.47
41.45
41.44
41.42
41.40
41.38
41.38
41.35
41.33
41.31
41.30
41.28
41.26
41.24
41.23
41.21
41.20
41.18
41.16
41.14
41.12
41.09
41.08
41.05
41.03
41.02
41.00
40.98
40.96
40.95
40.93
40.91
40.89
40.87
40.85
40.84
40.82
40.80
40.78
40.76
40.74
40.72
40.70
40.68
40.67
40.68
40.62
40.60
40.57
40.55
40.54
40.56
40.49
40.47
40.50
40.45
40.42
40.41
40.38
40.36
40.34
40.32
40.30
40.28
40.26
40.24
40.21
40.19
40.17
40.15
40.13
40.11
40.09
40.07
40.05
40.03
40.00
39.98
39.96
39.94
39.92
39.90
39.88
39.86
39.84
39.82
39.79
39.77
39.75
39.73
39.70
39.69
39.67
39.65
39.63
39.61
39.58
39.56
39.54
39.52
39.50
39.48
39.45
39.43
39.41
39.39
39.37
39.35
39.33
39.31
39.28
39.26
39.24
39.23
39.20
39.18
39.16
39.14
39.12
39.10
39.08
39.06
39.03
39.01
