Linux 3.13.0-43-generic (Apollo) 	2015-07-23 	_x86_64_	(4 CPU)

02:06:15        CPU     %user     %nice   %system   %iowait    %steal     %idle
02:06:16        all      0.25      0.00      0.25      0.00      0.00     99.50
02:06:17        all      0.00      0.00      0.25      0.00      0.00     99.75
02:06:18        all      0.50      0.00      0.00      0.00      0.00     99.50
02:06:19        all      0.50      0.00      0.25      0.00      0.00     99.25
02:06:20        all      0.75      0.00      0.25      0.50      0.00     98.49
02:06:21        all      0.25      0.00      0.25      0.00      0.00     99.50
02:06:22        all      0.25      0.00      0.00      0.00      0.00     99.75
02:06:23        all      0.25      0.00      0.00      0.00      0.00     99.75
02:06:24        all      0.25      0.00      0.00      0.00      0.00     99.75
02:06:25        all      0.25      0.00      0.00      0.25      0.00     99.50
02:06:26        all      0.00      0.00      0.25      0.00      0.00     99.75
02:06:27        all      0.25      0.00      0.00      0.00      0.00     99.75
02:06:28        all      0.25      0.00      0.25      0.00      0.00     99.50
02:06:29        all      0.50      0.00      0.00      0.00      0.00     99.50
02:06:30        all      0.25      0.00      0.25      0.25      0.00     99.25
02:06:31        all      0.00      0.00      0.50      0.00      0.00     99.50
02:06:32        all      0.25      0.00      0.00      0.00      0.00     99.75
02:06:33        all      0.25      0.00      0.25      0.00      0.00     99.50
02:06:34        all      0.25      0.00      0.25      0.00      0.00     99.50
02:06:35        all      0.25      0.00      0.25      0.25      0.00     99.25
02:06:36        all      0.25      0.00      0.00      0.00      0.00     99.75
02:06:37        all      0.50      0.00      0.00      0.25      0.00     99.25
02:06:38        all      0.50      0.00      0.25      0.00      0.00     99.25
02:06:39        all      0.25      0.00      0.25      0.00      0.00     99.50
02:06:40        all      0.50      0.00      0.25      0.75      0.00     98.50
02:06:41        all      0.25      0.00      0.25      0.00      0.00     99.50
02:06:42        all      0.00      0.00      0.00      0.00      0.00    100.00
02:06:43        all      0.25      0.00      0.00      0.00      0.00     99.75
02:06:44        all      0.00      0.00      0.25      0.00      0.00     99.75
02:06:45        all      0.00      0.00      0.00      0.25      0.00     99.75
02:06:46        all      0.25      0.00      0.00      0.00      0.00     99.75
02:06:47        all      0.00      0.00      0.00      0.00      0.00    100.00
02:06:48        all     11.65      0.00      3.80      0.00      0.00     84.56
02:06:49        all     20.16      0.00      7.24      0.00      0.00     72.61
02:06:50        all     19.44      0.00      8.70      0.51      0.00     71.36
02:06:51        all     19.39      0.00      8.42      0.00      0.00     72.19
02:06:52        all     20.10      0.00      8.14      0.00      0.00     71.76
02:06:53        all      1.26      0.00      1.26      0.00      0.00     97.49
02:06:54        all      0.50      0.00      0.50      0.00      0.00     99.00
02:06:55        all      0.50      0.00      0.25      0.25      0.00     98.99
02:06:56        all      0.00      0.00      0.00      0.00      0.00    100.00
02:06:57        all      0.25      0.00      0.25      0.00      0.00     99.50
02:06:58        all      0.50      0.00      0.00      0.00      0.00     99.50
02:06:59        all      0.25      0.00      0.00      0.00      0.00     99.75
02:07:00        all      0.25      0.00      0.00      1.00      0.00     98.75
02:07:01        all      0.25      0.00      0.25      0.00      0.00     99.50
02:07:02        all      0.25      0.00      0.25      0.00      0.00     99.50
02:07:03        all      0.25      0.00      0.00      0.00      0.00     99.75
02:07:04        all      0.25      0.00      0.25      0.00      0.00     99.50
02:07:05        all      0.25      0.00      0.00      0.50      0.00     99.25
02:07:06        all      0.00      0.00      0.50      0.00      0.00     99.50
02:07:07        all      0.50      0.00      0.25      0.00      0.00     99.25
02:07:08        all      0.75      0.00      1.51      0.00      0.00     97.74
02:07:09        all      0.50      0.00      1.00      0.00      0.00     98.50
02:07:10        all     28.90      0.00     14.83      0.51      0.00     55.75
02:07:11        all     52.33      0.00     21.24      0.00      0.00     26.42
02:07:12        all     52.49      0.00     19.42      0.00      0.00     28.08
02:07:13        all     51.95      0.00     21.56      0.00      0.00     26.49
02:07:14        all     51.71      0.00     21.26      0.00      0.00     27.03
02:07:15        all     51.16      0.00     21.59      0.00      0.00     27.25
02:07:16        all     47.55      0.00     17.57      0.00      0.00     34.88
02:07:17        all     11.93      0.00      4.82      0.00      0.00     83.25
02:07:18        all      0.50      0.00      0.25      0.25      0.00     99.00
02:07:19        all      0.25      0.00      0.25      0.00      0.00     99.50
02:07:20        all      0.00      0.00      0.00      0.25      0.00     99.75
02:07:21        all      0.50      0.00      0.25      0.25      0.00     99.00
02:07:22        all      0.50      0.00      0.50      0.00      0.00     98.99
02:07:23        all      1.00      0.00      1.00      0.00      0.00     98.00
02:07:24        all      0.75      0.00      0.25      0.00      0.00     98.99
02:07:25        all      0.50      0.00      0.00      0.50      0.00     99.00
02:07:26        all      0.00      0.00      0.00      0.00      0.00    100.00
02:07:27        all      0.00      0.00      0.25      0.00      0.00     99.75
02:07:28        all      0.25      0.00      0.75      0.00      0.00     99.00
02:07:29        all      0.25      0.00      0.50      0.00      0.00     99.24
02:07:30        all      0.50      0.00      2.01      0.50      0.00     96.99
02:07:31        all     32.48      0.00     18.16      0.00      0.00     49.36
02:07:32        all     39.57      0.00     16.58      0.00      0.00     43.85
02:07:33        all     53.23      0.00     22.22      0.00      0.00     24.55
02:07:34        all     57.25      0.00     26.46      0.00      0.00     16.28
02:07:35        all     54.99      0.00     26.34      0.00      0.00     18.67
02:07:36        all     59.90      0.00     23.39      0.00      0.00     16.71
02:07:37        all     59.80      0.00     31.04      0.00      0.00      9.16
02:07:38        all     58.03      0.00     29.79      0.00      0.00     12.18
02:07:39        all     55.53      0.00     29.65      0.00      0.00     14.82
02:07:40        all     59.44      0.00     25.00      0.00      0.00     15.56
02:07:41        all     57.59      0.00     28.01      0.26      0.00     14.14
02:07:42        all     54.24      0.00     22.11      0.00      0.00     23.65
02:07:43        all     49.48      0.00     23.96      0.00      0.00     26.56
02:07:44        all     51.17      0.00     21.82      0.00      0.00     27.01
02:07:45        all     18.07      0.00      5.85      0.00      0.00     76.08
02:07:46        all      0.25      0.00      0.75      0.00      0.00     99.00
02:07:47        all      0.25      0.00      0.75      0.00      0.00     98.99
02:07:48        all      0.76      0.00      0.76      0.00      0.00     98.49
02:07:49        all      0.25      0.00      1.26      0.00      0.00     98.49
02:07:50        all      1.00      0.00      1.75      0.75      0.00     96.49
02:07:51        all      0.50      0.00      2.27      0.00      0.00     97.23
02:07:52        all      1.76      0.00      1.76      0.00      0.00     96.47
02:07:53        all      1.75      0.00      2.26      0.00      0.00     95.99
02:07:54        all      3.54      0.00      4.05      0.25      0.00     92.15
02:07:55        all      2.51      0.00      3.77      0.25      0.00     93.47
02:07:56        all      2.29      0.00      3.56      0.51      0.00     93.64
02:07:57        all      3.27      0.00      3.78      0.00      0.00     92.95
02:07:58        all      2.78      0.00      2.27      0.00      0.00     94.95
02:07:59        all      4.50      0.00      3.50      0.00      0.00     92.00
02:08:00        all      4.57      0.00      3.30      0.51      0.00     91.62
02:08:01        all      4.07      0.00      4.33      0.25      0.00     91.35
02:08:02        all      2.53      0.00      2.78      0.00      0.00     94.68
02:08:03        all      4.53      0.00      5.04      0.00      0.00     90.43
02:08:04        all      2.03      0.00      4.31      0.00      0.00     93.65
02:08:05        all      6.33      0.00      3.29      0.51      0.00     89.87
02:08:06        all     20.72      0.00     11.25      0.00      0.00     68.03
02:08:07        all     20.51      0.00     10.77      0.00      0.00     68.72
02:08:08        all     22.54      0.00      7.77      0.00      0.00     69.69
02:08:09        all     23.51      0.00     10.34      0.00      0.00     66.15
02:08:10        all     46.91      0.00     20.36      0.26      0.00     32.47
02:08:11        all     50.00      0.00     27.55      0.26      0.00     22.19
02:08:12        all     50.39      0.00     22.57      0.00      0.00     27.03
02:08:13        all     60.25      0.00     23.54      0.00      0.00     16.20
02:08:14        all     57.99      0.00     28.87      0.00      0.00     13.14
02:08:15        all     62.44      0.00     26.65      0.25      0.00     10.66
02:08:16        all     59.74      0.00     29.61      0.00      0.00     10.65
02:08:17        all     63.68      0.00     26.09      0.00      0.00     10.23
02:08:18        all     61.65      0.00     28.57      0.00      0.00      9.77
02:08:19        all     60.76      0.00     27.59      0.00      0.00     11.65
02:08:20        all     63.96      0.00     29.19      0.00      0.00      6.85
02:08:21        all     65.91      0.00     27.53      0.00      0.00      6.57
02:08:22        all     64.43      0.00     28.61      0.00      0.00      6.96
02:08:23        all     62.50      0.00     30.00      0.00      0.00      7.50
02:08:24        all     63.13      0.00     30.56      0.00      0.00      6.31
02:08:25        all     65.99      0.00     27.41      0.00      0.00      6.60
02:08:26        all     62.78      0.00     29.87      0.25      0.00      7.09
02:08:27        all     63.89      0.00     30.56      0.00      0.00      5.56
02:08:28        all     64.07      0.00     29.40      0.00      0.00      6.53
02:08:29        all     64.30      0.00     30.63      0.00      0.00      5.06
02:08:30        all     64.84      0.00     30.42      0.00      0.00      4.74
02:08:31        all     65.76      0.00     29.53      0.00      0.00      4.71
02:08:32        all     63.38      0.00     28.79      0.00      0.00      7.83
02:08:33        all     65.58      0.00     31.41      0.00      0.00      3.02
02:08:34        all     66.16      0.00     29.29      0.00      0.00      4.55
02:08:35        all     67.84      0.00     28.64      0.00      0.00      3.52
02:08:36        all     63.32      0.00     31.91      0.25      0.00      4.52
02:08:37        all     64.03      0.00     29.85      0.00      0.00      6.12
02:08:38        all     65.00      0.00     30.50      0.00      0.00      4.50
02:08:39        all     63.13      0.00     29.55      0.00      0.00      7.32
02:08:40        all     62.60      0.00     32.32      0.00      0.00      5.09
02:08:41        all     62.88      0.00     33.33      0.00      0.00      3.79
02:08:42        all     62.50      0.00     28.75      0.25      0.00      8.50
02:08:43        all     64.89      0.00     31.30      0.00      0.00      3.82
02:08:44        all     69.40      0.00     27.86      0.00      0.00      2.74
02:08:45        all     66.33      0.00     31.17      0.00      0.00      2.49
02:08:46        all     68.25      0.00     29.75      0.00      0.00      2.00
02:08:47        all     62.56      0.00     33.33      0.00      0.00      4.10
02:08:48        all     63.59      0.00     33.42      0.00      0.00      2.99
02:08:49        all     66.67      0.00     29.80      0.00      0.00      3.54
02:08:50        all     66.00      0.00     30.27      0.00      0.00      3.72
02:08:51        all     68.18      0.00     29.04      0.00      0.00      2.78
02:08:52        all     64.34      0.00     32.67      0.00      0.00      2.99
02:08:53        all     65.00      0.00     32.25      0.00      0.00      2.75
02:08:54        all     64.75      0.00     32.75      0.00      0.00      2.50
02:08:55        all     65.59      0.00     31.67      0.00      0.00      2.74
02:08:56        all     66.16      0.00     31.82      0.00      0.00      2.02
02:08:57        all     65.76      0.00     32.26      0.00      0.00      1.99
02:08:58        all     65.25      0.00     32.50      0.00      0.00      2.25
02:08:59        all     63.41      0.00     34.59      0.00      0.00      2.01
02:09:00        all     65.50      0.00     32.75      0.00      0.00      1.75
02:09:01        all     61.71      0.00     36.52      0.00      0.00      1.76
02:09:02        all     59.50      0.00     38.50      0.00      0.00      2.00
02:09:03        all     61.90      0.00     35.84      0.00      0.00      2.26
02:09:04        all     65.41      0.00     31.08      0.00      0.00      3.51
02:09:05        all     64.65      0.00     32.58      0.25      0.00      2.53
02:09:06        all     62.31      0.00     35.43      0.00      0.00      2.26
02:09:07        all     63.16      0.00     34.34      0.00      0.00      2.51
02:09:08        all     67.92      0.00     31.08      0.00      0.00      1.00
02:09:09        all     66.92      0.00     31.83      0.00      0.00      1.25
02:09:10        all     61.85      0.00     35.91      0.00      0.00      2.24
02:09:11        all     63.66      0.00     34.59      0.00      0.00      1.75
02:09:12        all     65.58      0.00     32.41      0.00      0.00      2.01
02:09:13        all     61.50      0.00     36.50      0.00      0.00      2.00
02:09:14        all     61.75      0.00     36.00      0.00      0.00      2.25
02:09:15        all     62.84      0.00     35.16      0.00      0.00      2.00
02:09:16        all     62.72      0.00     35.01      0.00      0.00      2.27
02:09:17        all     59.90      0.00     38.10      0.00      0.00      2.01
02:09:18        all     65.84      0.00     33.42      0.00      0.00      0.75
02:09:19        all     67.58      0.00     31.42      0.00      0.00      1.00
02:09:20        all     61.31      0.00     36.93      0.00      0.00      1.76
02:09:21        all     60.91      0.00     37.06      0.00      0.00      2.03
02:09:22        all     64.66      0.00     33.83      0.00      0.00      1.50
02:09:23        all     60.71      0.00     37.76      0.00      0.00      1.53
02:09:24        all     59.10      0.00     38.90      0.00      0.00      2.00
02:09:25        all     66.67      0.00     31.83      0.00      0.00      1.50
02:09:26        all     66.00      0.00     33.50      0.00      0.00      0.50
02:09:27        all     63.25      0.00     35.50      0.00      0.00      1.25
02:09:28        all     61.90      0.00     36.09      0.00      0.00      2.01
02:09:29        all     61.31      0.00     36.93      0.00      0.00      1.76
02:09:30        all     63.34      0.00     34.91      0.00      0.00      1.75
02:09:31        all     62.34      0.00     36.16      0.00      0.00      1.50
02:09:32        all     63.50      0.00     34.75      0.00      0.00      1.75
02:09:33        all     62.44      0.00     35.57      0.00      0.00      1.99
02:09:34        all     60.10      0.00     37.88      0.00      0.00      2.02
02:09:35        all     64.05      0.00     34.43      0.00      0.00      1.52
02:09:36        all     63.77      0.00     34.24      0.00      0.00      1.99
02:09:37        all     62.28      0.00     35.98      0.00      0.00      1.74
02:09:38        all     64.23      0.00     34.01      0.00      0.00      1.76
02:09:39        all     63.22      0.00     34.51      0.00      0.00      2.27
02:09:40        all     64.81      0.00     33.42      0.00      0.00      1.77
02:09:41        all     63.93      0.00     34.08      0.00      0.00      1.99
02:09:42        all     62.94      0.00     35.28      0.00      0.00      1.78
02:09:43        all     64.84      0.00     33.92      0.00      0.00      1.25
02:09:44        all     62.94      0.00     35.32      0.00      0.00      1.74
02:09:45        all     60.65      0.00     37.59      0.00      0.00      1.75
02:09:46        all     64.32      0.00     33.92      0.00      0.00      1.76
02:09:47        all     62.56      0.00     36.18      0.00      0.00      1.26
02:09:48        all     61.15      0.00     37.09      0.00      0.00      1.75
02:09:49        all     62.91      0.00     35.59      0.00      0.00      1.50
02:09:50        all     65.91      0.00     32.83      0.00      0.00      1.25
02:09:51        all     60.96      0.00     37.53      0.00      0.00      1.51
02:09:52        all     65.83      0.00     33.17      0.00      0.00      1.01
02:09:53        all     60.50      0.00     35.50      0.00      0.00      4.00
02:09:54        all     62.88      0.00     31.57      0.00      0.00      5.56
02:09:55        all     57.11      0.00     24.81      0.00      0.00     18.09
Average:        all     36.56      0.00     18.51      0.06      0.00     44.88
