Linux 3.13.0-43-generic (Apollo) 	2015-07-23 	_x86_64_	(4 CPU)

02:06:16    kbmemfree kbmemused  %memused kbbuffers  kbcached  kbcommit   %commit  kbactive   kbinact   kbdirty
02:06:17      2160596   1848116     46.10     54044    948160   2706048     33.15   1414468    294968        76
02:06:18      2160312   1848400     46.11     54044    948164   2718548     33.30   1414628    294968        80
02:06:19      2156792   1851920     46.20     54052    948164   2754608     33.74   1417400    294968        88
02:06:20      2155644   1853068     46.23     54052    948168   2818968     34.53   1418180    294972       124
02:06:21      2152052   1856660     46.32     54052    948168   2943012     36.05   1419664    294976       124
02:06:22      2152076   1856636     46.32     54052    948172   2943012     36.05   1419988    294976       128
02:06:23      2152076   1856636     46.32     54052    948172   2943012     36.05   1420056    294976       128
02:06:24      2152092   1856620     46.31     54060    948164   2943012     36.05   1419760    294976       128
02:06:25      2152092   1856620     46.31     54060    948172   2943012     36.05   1419732    294984       128
02:06:26      2151936   1856776     46.32     54060    948172   2946928     36.10   1419732    294984       128
02:06:27      2151872   1856840     46.32     54060    948172   2930848     35.90   1419576    294984       128
02:06:28      2152828   1855884     46.30     54060    948172   2916344     35.73   1418988    294984       128
02:06:29      2153396   1855316     46.28     54068    948164   2899712     35.52   1418544    294984       128
02:06:30      2154500   1854212     46.25     54068    948176   2881300     35.30   1417740    294992       132
02:06:31      2154468   1854244     46.26     54068    948176   2881300     35.30   1417756    294992       132
02:06:32      2154524   1854188     46.25     54068    948176   2881300     35.30   1417764    294992       132
02:06:33      2154972   1853740     46.24     54068    948176   2865096     35.10   1417132    294992       132
02:06:34      2156388   1852324     46.21     54076    948168   2848768     34.90   1416076    294992       132
02:06:35      2157072   1851640     46.19     54076    948168   2832428     34.70   1415880    294992       132
02:06:36      2156724   1851988     46.20     54076    948172   2832428     34.70   1416700    294992        76
02:06:37      2154756   1853956     46.25     54076    948184   2832428     34.70   1416656    295004        80
02:06:38      2154764   1853948     46.25     54076    948192   2832428     34.70   1416696    295000        84
02:06:39      2154764   1853948     46.25     54084    948204   2832428     34.70   1418880    295020        84
02:06:40      2154868   1853844     46.25     54084    948204   2832428     34.70   1418884    295020        84
02:06:41      2154360   1854352     46.26     54084    948216   2832428     34.70   1419464    295028        40
02:06:42      2154360   1854352     46.26     54084    948216   2832428     34.70   1419464    295028        40
02:06:43      2154360   1854352     46.26     54084    948216   2832428     34.70   1419464    295028        40
02:06:44      2154360   1854352     46.26     54092    948208   2832428     34.70   1419464    295028        40
02:06:45      2154360   1854352     46.26     54092    948216   2832428     34.70   1419464    295036        80
02:06:46      2153872   1854840     46.27     54092    948216   2832428     34.70   1419888    295036        32
02:06:47      2154896   1853816     46.24     54092    948216   2815948     34.50   1418964    295036        36
02:06:48      2154532   1854180     46.25     54092    948216   2799380     34.29   1419512    295036        36
02:06:49      2155300   1853412     46.23     54100    948208   2783128     34.09   1419164    295036        36
02:06:50      2154344   1854368     46.26     54100    948220   2783128     34.09   1420028    295044        64
02:06:51      2154948   1853764     46.24     54100    948220   2783128     34.09   1420452    295048        64
02:06:52      2156120   1852592     46.21     54100    948220   2783128     34.09   1418720    295044        64
02:06:53      2156228   1852484     46.21     54100    948224   2783128     34.09   1418628    295048        68
02:06:54      2155236   1853476     46.24     54108    948224   2783128     34.09   1419204    295052        80
02:06:55      2154672   1854040     46.25     54108    948224   2783128     34.09   1419944    295048        80
02:06:56      2154616   1854096     46.25     54108    948228   2796240     34.25   1420120    295052        84
02:06:57      2153940   1854772     46.27     54108    948228   2828384     34.65   1420312    295052        84
02:06:58      2153320   1855392     46.28     54108    948228   2832376     34.70   1420936    295052        84
02:06:59      2153320   1855392     46.28     54116    948220   2832376     34.70   1420936    295052        84
02:07:00      2152824   1855888     46.30     54116    948228   2832376     34.70   1421232    295052        84
02:07:01      2152792   1855920     46.30     54116    948236   2832376     34.70   1421448    295064        84
02:07:02      2152140   1856572     46.31     54116    948236   2832376     34.70   1421728    295068        84
02:07:03      2151416   1857296     46.33     54116    948240   2842236     34.82   1422188    295072        88
02:07:04      2150592   1858120     46.35     54124    948236   2878296     35.26   1422848    295068        92
02:07:05      2147984   1860728     46.42     54124    948236   2942656     36.05   1423660    295068        92
02:07:06      2143388   1865324     46.53     54124    948248   3067388     37.58   1425724    295080        96
02:07:07      2131176   1877536     46.84     54124    948256   3332400     40.82   1432172    295080       104
02:07:08      2113340   1895372     47.28     54124    948264   3842748     47.07   1437676    295076       112
02:07:09      2113244   1895468     47.28     54132    948256   3828004     46.89   1438152    295076       112
02:07:10      2106788   1901924     47.44     54132    948264   3818608     46.78   1443736    295084       112
02:07:11      2105460   1903252     47.48     54132    948272   3804972     46.61   1445068    295084       120
02:07:12      2103060   1905652     47.54     54132    948272   3789168     46.42   1447356    295084       120
02:07:13      2102444   1906268     47.55     54132    948272   3774380     46.24   1449732    295084       120
02:07:14      2100344   1908368     47.61     54140    948268   3758800     46.05   1451508    295084       124
02:07:15      2101396   1907316     47.58     54140    948280   3745520     45.88   1451144    295088       128
02:07:16      2103956   1904756     47.52     54140    948284   3729476     45.69   1448180    295092       116
02:07:17      2106464   1902248     47.45     54140    948288   3709156     45.44   1446292    295092       124
02:07:18      2107056   1901656     47.44     54140    948288   3692992     45.24   1446296    295092       132
02:07:19      2106960   1901752     47.44     54148    948284   3675704     45.03   1446132    295092       132
02:07:20      2106828   1901884     47.44     54148    948292   3659668     44.83   1446016    295100       140
02:07:21      2107160   1901552     47.44     54148    948312   3643476     44.63   1446516    295108        48
02:07:22      2106872   1901840     47.44     54148    948316   3627644     44.44   1447092    295120        52
02:07:23      2107128   1901584     47.44     54148    948320   3611392     44.24   1447176    295120        88
02:07:24      2106040   1902672     47.46     54156    948320   3624492     44.40   1448264    295116        96
02:07:25      2105348   1903364     47.48     54156    948332   3656636     44.79   1448524    295124       140
02:07:26      2102552   1906160     47.55     54156    948332   3720964     45.58   1449528    295124       140
02:07:27      2097368   1911344     47.68     54156    948336   3849540     47.16   1451444    295124       144
02:07:28      2092440   1916272     47.80     54156    948340   3974144     48.68   1453928    295120       148
02:07:29      2085596   1923116     47.97     54164    948344   4106740     50.31   1457124    295132       160
02:07:30      2063000   1945712     48.54     54164    948368   4625068     56.66   1467112    295136       176
02:07:31      2031784   1976928     49.32     54164    948400   5144660     63.02   1483264    295152       188
02:07:32      2031564   1977148     49.32     54164    948408   5128580     62.83   1483416    295152       196
02:07:33      2028744   1979968     49.39     54164    948436   5116384     62.68   1487260    295172       204
02:07:34      2024952   1983760     49.49     54172    948432   5105152     62.54   1490432    295172       208
02:07:35      2023780   1984932     49.52     54172    948448   5092276     62.38   1491204    295180       220
02:07:36      2020144   1988568     49.61     54172    948460   5078404     62.21   1494916    295180       232
02:07:37      2013136   1995576     49.78     54172    948472   5067244     62.08   1502412    295180       240
02:07:38      2015208   1993504     49.73     54172    948480   5052896     61.90   1500300    295180       248
02:07:39      2015352   1993360     49.73     54172    948488   5038468     61.72   1499968    295180       256
02:07:40      2014764   1993948     49.74     54180    948496   5022308     61.52   1501256    295188       264
02:07:41      2011336   1997376     49.83     54180    948500   5004824     61.31   1505592    295188       264
02:07:42      2015268   1993444     49.73     54180    948516   4984380     61.06   1502088    295196       280
02:07:43      2013392   1995320     49.77     54180    948524   4969672     60.88   1504336    295192       332
02:07:44      2011516   1997196     49.82     54180    948564   4955280     60.70   1504496    295212       368
02:07:45      2015980   1992732     49.71     54188    948612   4962580     60.79   1499408    295252       408
02:07:46      2014692   1994020     49.74     54188    948620   4994788     61.19   1500168    295252       408
02:07:47      2012164   1996548     49.81     54188    948648   5059148     61.98   1501760    295268       416
02:07:48      2003700   2005012     50.02     54188    948656   5188000     63.55   1506892    295268       424
02:07:49      1991636   2017076     50.32     54188    948668   5445352     66.71   1512212    295268       436
02:07:50      1969356   2039356     50.87     54196    948696   5959960     73.01   1521000    295284       244
02:07:51      1946360   2062352     51.45     54196    948720   6482172     79.41   1530644    295284       232
02:07:52      1923464   2085248     52.02     54196    948740   6998620     85.74   1540708    295284       268
02:07:53      1897604   2111108     52.66     54196    948764   7513168     92.04   1552760    295284       292
02:07:54      1865576   2143136     53.46     54196    948804   8036360     98.45   1570628    295292       360
02:07:55      1836032   2172680     54.20     54204    948832   8554796    104.80   1586224    295296       172
02:07:56      1805536   2203176     54.96     54204    948872   9077484    111.20   1602432    295304       216
02:07:57      1777812   2230900     55.65     54204    948908   9592292    117.51   1616180    295312       268
02:07:58      1772048   2236664     55.80     54204    948932   9581644    117.38   1621840    295308       300
02:07:59      1765548   2243164     55.96     54204    948960   9565960    117.19   1626868    295312       328
02:08:00      1760732   2247980     56.08     54212    948980   9550696    117.00   1631292    295320         0
02:08:01      1753048   2255664     56.27     54212    949036   9535116    116.81   1638180    295336       100
02:08:02      1750412   2258300     56.33     54212    949068   9520256    116.63   1641640    295340       136
02:08:03      1744800   2263912     56.47     54212    949096   9510468    116.51   1646972    295336       160
02:08:04      1738140   2270572     56.64     54212    949144   9495392    116.32   1651408    295336       204
02:08:05      1731988   2276724     56.79     54220    949172   9513564    116.54   1655464    295344       280
02:08:06      1726964   2281748     56.92     54220    949232   9549836    116.99   1658296    295372       328
02:08:07      1719896   2288816     57.10     54220    949256   9614220    117.78   1662824    295368       384
02:08:08      1709244   2299468     57.36     54220    949284   9749020    119.43   1668788    295368       412
02:08:09      1695132   2313580     57.71     54220    949320  10008248    122.60   1675500    295372       464
02:08:10      1663664   2345048     58.50     54228    949364  10536140    129.07   1692628    295388       504
02:08:11      1646728   2361984     58.92     54228    949404  10650572    130.47   1704852    295376       540
02:08:12      1642448   2366264     59.03     54228    949448  10654540    130.52   1709328    295380       576
02:08:13      1632656   2376056     59.27     54228    949484  10662440    130.62   1718372    295376       640
02:08:14      1624656   2384056     59.47     54228    949516  10666464    130.67   1725284    295372       672
02:08:15      1618048   2390664     59.64     54236    949556  10670516    130.72   1732060    295392       704
02:08:16      1611948   2396764     59.79     54236    949604  10678424    130.81   1736384    295388       768
02:08:17      1603824   2404888     59.99     54236    949648  10682356    130.86   1744220    295400       800
02:08:18      1597692   2411020     60.14     54236    949680  10686284    130.91   1749620    295400       832
02:08:19      1595396   2413316     60.20     54236    949744  10690236    130.96   1751860    295420       868
02:08:20      1587108   2421604     60.41     54244    949788  10698232    131.06   1760104    295424       924
02:08:21      1580188   2428524     60.58     54244    949820  10702184    131.10   1766348    295412       976
02:08:22      1573144   2435568     60.76     54244    949848  10706124    131.15   1772676    295412      1016
02:08:23      1567696   2441016     60.89     54244    949896  10710244    131.20   1777716    295424      1048
02:08:24      1559488   2449224     61.10     54244    949976  10718236    131.30   1784876    295472      1104
02:08:25      1552984   2455728     61.26     54252    950028  10718236    131.30   1791152    295292      1132
02:08:26      1549016   2459696     61.36     54252    950076  10726244    131.40   1794992    295312      1156
02:08:27      1543888   2464824     61.49     54252    950124  10731696    131.47   1799848    295324      1188
02:08:28      1542576   2466136     61.52     54252    950180  10735672    131.52   1801268    295328      1224
02:08:29      1533248   2475464     61.75     54252    950236  10739628    131.56   1809260    295352      1248
02:08:30      1529180   2479532     61.85     54260    950296  10743568    131.61   1813620    295372      1288
02:08:31      1525604   2483108     61.94     54260    950320  10747640    131.66   1816752    295372       384
02:08:32      1519548   2489164     62.09     54260    950380  10747640    131.66   1822512    295364       456
02:08:33      1513364   2495348     62.25     54260    950408  10751668    131.71   1828268    295364       484
02:08:34      1510224   2498488     62.33     54260    950436  10755664    131.76   1831540    295360       508
02:08:35      1508344   2500368     62.37     54268    950556  10759620    131.81   1832476    295436       548
02:08:36      1503784   2504928     62.49     54268    950600  10763612    131.86   1837356    295448       252
02:08:37      1501364   2507348     62.55     54268    950640  10763612    131.86   1840192    295440       288
02:08:38      1499888   2508824     62.58     54268    950680  10763612    131.86   1841084    295472       340
02:08:39      1495596   2513116     62.69     54268    950704  10771744    131.96   1845420    295468       392
02:08:40      1490508   2518204     62.82     54276    950732  10771744    131.96   1849716    295480       428
02:08:41      1485936   2522776     62.93     54276    950764  10779840    132.06   1854272    295468       448
02:08:42      1479500   2529212     63.09     54276    950896  10779840    132.06   1860072    295488       524
02:08:43      1478164   2530548     63.13     54276    950924  10783912    132.11   1862044    295480       552
02:08:44      1477020   2531692     63.15     54276    950944  10783912    132.11   1862856    295484       596
02:08:45      1474468   2534244     63.22     54284    950956  10783912    132.11   1865072    295492       612
02:08:46      1473628   2535084     63.24     54284    950972  10787868    132.15   1866028    295492        32
02:08:47      1472616   2536096     63.26     54284    950988  10787868    132.15   1868276    295492        60
02:08:48      1471380   2537332     63.30     54284    951008  10787868    132.15   1868620    295496        80
02:08:49      1471820   2536892     63.28     54284    951024  10787868    132.15   1868976    295492        96
02:08:50      1470064   2538648     63.33     54292    951052  10787868    132.15   1870980    295500       216
02:08:51      1468780   2539932     63.36     54292    951092  10791888    132.20   1872096    295532       232
02:08:52      1466936   2541776     63.41     54292    951104  10791888    132.20   1872976    295532       240
02:08:53      1467456   2541256     63.39     54292    951120  10791888    132.20   1875624    295536       256
02:08:54      1467488   2541224     63.39     54292    951148  10791888    132.20   1876008    295540       312
02:08:55      1467392   2541320     63.39     54300    951152  10778904    132.04   1876352    295540       332
02:08:56      1468628   2540084     63.36     54300    951156  10764268    131.87   1875648    295548       336
02:08:57      1469436   2539276     63.34     54300    951168  10747968    131.67   1875144    295552       352
02:08:58      1470348   2538364     63.32     54300    951180  10731668    131.47   1874436    295548       364
02:08:59      1472380   2536332     63.27     54300    951184  10715076    131.26   1873456    295548       368
02:09:00      1472168   2536544     63.28     54308    951184  10698872    131.06   1873408    295560       372
02:09:01      1461340   2547372     63.55     54308    951184  10688556    130.94   1874792    295556       380
02:09:02      1450440   2558272     63.82     54308    951188  10672172    130.74   1872356    295560       384
02:09:03      1450036   2558676     63.83     54308    951204  10655340    130.53   1874128    295568       384
02:09:04      1452184   2556528     63.77     54308    951212  10635704    130.29   1872008    295568       416
02:09:05      1449772   2558940     63.83     54316    951208  10620884    130.11   1873616    295568       424
02:09:06      1452448   2556264     63.77     54316    951228  10604408    129.91   1873096    295572       468
02:09:07      1453088   2555624     63.75     54316    951228  10587820    129.70   1872528    295572       492
02:09:08      1450660   2558052     63.81     54316    951236  10571808    129.51   1875076    295576       500
02:09:09      1448236   2560476     63.87     54316    951248  10562964    129.40   1878376    295580       500
02:09:10      1449592   2559120     63.84     54324    951248  10547744    129.21   1877584    295580       508
02:09:11      1446636   2562076     63.91     54324    951256  10531676    129.02   1880644    295588       508
02:09:12      1446504   2562208     63.92     54324    951260  10515088    128.81   1881692    295588       512
02:09:13      1448008   2560704     63.88     54324    951264  10498788    128.61   1880608    295584       520
02:09:14      1449036   2559676     63.85     54324    951264  10482200    128.41   1880208    295584       520
02:09:15      1452484   2556228     63.77     54332    951264  10466188    128.21   1877324    295584       528
02:09:16      1452988   2555724     63.75     54332    951272  10450176    128.02   1876740    295592       536
02:09:17      1451004   2557708     63.80     54332    951280  10435544    127.84   1878492    295588       544
02:09:18      1451720   2556992     63.79     54332    951288  10419064    127.64   1879072    295588       552
02:09:19      1442620   2566092     64.01     54332    951300  10413008    127.56   1888788    295592       564
02:09:20      1443328   2565384     64.00     54340    951292  10398696    127.39   1887900    295588       564
02:09:21      1444844   2563868     63.96     54340    951300  10384152    127.21   1886972    295588        76
02:09:22      1445060   2563652     63.95     54340    951300  10367852    127.01   1886108    295596        92
02:09:23      1445352   2563360     63.94     54340    951300  10351552    126.81   1887292    295596        92
02:09:24      1447080   2561632     63.90     54340    951300  10335252    126.61   1886420    295596        92
02:09:25      1445588   2563124     63.94     54348    951292  10319208    126.41   1887756    295596        92
02:09:26      1446284   2562428     63.92     54348    951300  10300452    126.18   1887740    295536       100
02:09:27      1441388   2567324     64.04     54348    951300  10294052    126.11   1893784    295460       100
02:09:28      1442460   2566252     64.02     54348    951300  10280292    125.94   1893100    295416       100
02:09:29      1444564   2564148     63.96     54348    951300  10263992    125.74   1892380    295416       100
02:09:30      1444880   2563832     63.96     54356    951292  10247516    125.53   1891364    295416       100
02:09:31      1447004   2561708     63.90     54356    951300  10231216    125.34   1890664    295416       112
02:09:32      1447976   2560736     63.88     54356    951300  10214916    125.14   1889792    295416       112
02:09:33      1449212   2559500     63.85     54356    951300  10198576    124.94   1888948    295424       112
02:09:34      1450732   2557980     63.81     54356    951300  10182276    124.74   1888120    295424       112
02:09:35      1451220   2557492     63.80     54364    951292  10165888    124.54   1887320    295424       112
02:09:36      1452984   2555728     63.75     54364    951304  10149464    124.33   1886304    295428        92
02:09:37      1454264   2554448     63.72     54364    951304  10133164    124.13   1885620    295424        92
02:09:38      1455468   2553244     63.69     54364    951304  10116848    123.93   1884820    295424        92
02:09:39      1457104   2551608     63.65     54364    951304  10100548    123.73   1883984    295424        92
02:09:40      1457796   2550916     63.63     54372    951300  10084248    123.53   1883116    295424       104
02:09:41      1459844   2548868     63.58     54372    951308  10067940    123.34   1882324    295432       108
02:09:42      1460300   2548412     63.57     54372    951312  10051640    123.14   1881580    295440       112
02:09:43      1462076   2546636     63.53     54372    951312  10035340    122.94   1880656    295444       112
02:09:44      1462324   2546388     63.52     54372    951312  10019148    122.74   1880244    295444       112
02:09:45      1464336   2544376     63.47     54380    951304  10002848    122.54   1879408    295444       112
02:09:46      1464212   2544500     63.47     54380    951312   9986380    122.34   1879208    295444       104
02:09:47      1461704   2547008     63.54     54380    951312   9970828    122.15   1881820    295448       104
02:09:48      1497220   2511492     62.65     54380    951312   9917208    121.49   1846964    295448       104
02:09:49      1498504   2510208     62.62     54380    951316   9900740    121.29   1846128    295452       108
02:09:50      1500548   2508164     62.57     54380    951316   9884440    121.09   1845236    295452       108
02:09:51      1494296   2514416     62.72     54388    951316   9867852    120.88   1852404    295448       112
02:09:52      1456876   2551836     63.66     54388    951316   9875656    120.98   1886456    295456       112
02:09:53      1521324   2487388     62.05     54388    951316   9794592    119.99   1816500    295456       112
02:09:54      1519208   2489504     62.10     54388    951316   9778324    119.79   1816036    295456       112
02:09:55      1540320   2468392     61.58     54388    951324   9737988    119.29   1790396    295460       120
02:09:56      1539008   2469704     61.61     54400    951320   9718864    119.06   1792012    295464        16
Average:      1781934   2226778     55.55     54220    949613   7401993     90.68   1655133    295293       278
