1437597374782,67787,0,-1
1437597375768,67787,0,-1
1437597376768,67787,0,-1
1437597377768,67787,0,-1
1437597378768,67801,0,0
1437597379768,67807,0,0
1437597380768,67811,1,0
1437597381768,67815,0,0
1437597382768,67817,0,0
1437597383768,67819,0,0
1437597384768,67819,0,0
1437597385769,67821,0,0
1437597386770,67823,0,0
1437597387769,67823,0,0
1437597388769,67823,0,0
1437597389769,67826,0,0
1437597390769,67828,0,0
1437597391769,67830,0,0
1437597392770,67833,0,0
1437597393769,67833,0,0
1437597394769,67833,0,0
1437597395769,67833,0,0
1437597396769,67837,0,0
1437597397769,67840,0,0
1437597398769,67848,0,0
1437597399770,67850,0,0
1437597400769,67854,0,0
1437597401769,67857,0,0
1437597402769,67857,0,0
1437597403770,67857,0,0
1437597404770,67857,0,0
1437597405770,67857,0,0
1437597406770,67859,0,0
1437597407771,67859,0,0
1437597408771,67860,1,0
1437597409771,67860,1,0
1437597410771,67862,1,0
1437597411771,67867,1,0
1437597412771,67869,1,0
1437597413771,67871,0,0
1437597414771,67873,0,0
1437597415771,67875,0,0
1437597416772,67880,0,0
1437597417771,67882,0,0
1437597418771,67882,0,0
1437597419771,67882,0,0
1437597420772,67885,0,0
1437597421771,67885,0,0
1437597422771,67887,0,0
1437597423771,67901,0,0
1437597424771,67907,0,0
1437597425772,67913,0,0
1437597426772,67927,0,0
1437597427771,67947,0,0
1437597428772,67960,0,0
1437597429772,67974,0,0
1437597430772,67984,3,0
1437597431772,67990,3,0
1437597432773,67992,3,0
1437597433773,68007,3,0
1437597434773,68014,3,0
1437597435774,68026,3,0
1437597436774,68033,1,0
1437597437774,68041,0,0
1437597438774,68046,0,0
1437597439774,68048,0,0
1437597440774,68051,0,0
1437597441774,68060,0,0
1437597442774,68069,0,0
1437597443774,68082,0,0
1437597444774,68119,0,0
1437597445774,68132,2,0
1437597446774,68140,2,0
1437597447774,68154,2,0
1437597448774,68170,1,0
1437597449774,68201,2,0
1437597450774,68256,1,0
1437597451774,68310,0,0
1437597452774,68330,0,0
1437597453774,68351,2,0
1437597454774,68379,2,0
1437597455774,68409,2,0
1437597456774,68444,3,0
1437597457774,68479,6,0
1437597458774,68508,3,0
1437597459774,68527,3,0
1437597460774,68546,3,0
1437597461774,68573,3,0
1437597462775,68602,1,0
1437597463774,68633,1,0
1437597464774,68698,3,0
1437597465775,68736,2,0
1437597466775,68761,3,0
1437597467775,68792,2,0
1437597468775,68826,2,0
1437597469775,68878,1,0
1437597470775,68958,2,0
1437597471776,69030,4,1
1437597472776,69127,2,0
1437597473776,69209,3,0
1437597476190,69485,0,0
1437597476780,69530,2,0
1437597477780,69628,1,0
1437597478780,69705,0,0
1437597479781,69809,0,0
1437597480781,69889,1,0
1437597481781,69994,0,0
1437597482781,70072,0,0
1437597483781,70167,1,0
1437597484781,70344,2,0
1437597485780,70448,1,0
1437597486780,70537,1,0
1437597487781,70632,1,0
1437597488781,70738,2,0
1437597489781,70857,4,0
1437597490781,70999,3,0
1437597491781,71162,6,0
1437597492781,71273,7,0
1437597493781,71406,3,0
1437597494781,71511,8,0
1437597495781,71631,5,0
1437597496781,71752,4,0
1437597497781,71862,11,0
1437597498781,71994,15,0
1437597499781,72099,6,0
1437597500781,72249,15,0
1437597501781,72347,14,0
1437597502782,72468,21,0
1437597503783,72570,22,0
1437597504782,72717,26,0
1437597505786,72798,31,0
1437597506782,72915,38,0
1437597507782,73041,41,0
1437597508783,73154,45,0
1437597509783,73258,49,0
1437597510783,73350,40,0
1437597511784,73457,44,0
1437597512784,73576,48,0
1437597513784,73674,47,0
1437597514790,73785,49,0
1437597515784,73894,50,0
1437597516784,73994,53,0
1437597517784,74100,60,0
1437597518785,74173,55,0
1437597519784,74267,60,0
1437597520785,74363,64,0
1437597521799,74471,57,0
1437597522785,74550,60,0
1437597523785,74644,59,0
1437597524785,74675,54,0
1437597525785,74721,57,0
1437597526785,74766,53,0
1437597527785,74827,51,0
1437597528785,74901,53,-1
1437597529785,74968,50,-1
1437597530785,75049,52,-1
1437597531785,75076,51,-1
1437597532786,75140,46,-1
1437597533785,75217,47,-1
1437597534785,75271,47,-1
1437597535785,75280,46,0
1437597536791,75331,44,0
1437597537785,75393,44,-1
1437597538786,75393,44,-1
1437597539786,75396,44,-1
1437597540786,75400,44,-1
1437597541786,75401,45,-1
1437597542786,75402,44,-1
1437597543786,75432,44,-1
1437597544786,75436,43,-1
1437597545786,75458,51,-1
1437597546786,75480,43,-1
1437597547786,75491,44,-1
1437597548786,75504,43,-1
1437597549786,75524,43,-1
1437597550786,75534,42,-1
1437597551801,75548,42,-1
1437597552787,75552,42,-1
1437597553787,75557,42,-1
1437597554787,75573,44,-1
1437597555787,75585,42,-1
1437597556787,75610,42,-2
1437597557788,75621,42,-2
1437597558788,75674,41,-2
1437597559788,75674,41,-2
1437597560787,75674,41,-2
1437597561789,75674,41,-2
1437597562789,75674,41,-2
1437597563788,75674,41,-2
1437597564788,75674,41,-2
1437597565788,75674,41,-2
1437597566788,75676,40,-2
1437597567788,75676,40,-2
1437597568788,75676,40,-2
1437597569788,75676,40,-2
1437597570789,75676,40,-2
1437597571788,75676,40,-2
1437597572788,75676,40,-2
1437597573788,75676,40,-2
1437597574788,75676,40,-2
1437597575789,75676,40,-2
1437597576788,75676,40,-2
1437597577788,75676,40,-2
1437597578787,75676,40,-2
1437597579792,75676,40,-2
1437597580788,75676,40,-2
1437597581788,75676,40,-2
1437597582788,75676,40,-2
1437597583788,75676,40,-2
1437597584788,75676,40,-2
1437597585788,75676,40,-2
1437597586788,75676,40,-2
1437597587788,75676,40,-2
1437597588787,75676,24,-2
1437597589788,75676,23,-2
1437597590788,75676,23,-2
1437597591788,75676,23,-2
1437597592788,75676,23,-2
1437597593788,75676,23,-2
1437597594788,75676,21,-2
1437597595788,75676,20,-2
1437597596788,75676,18,-2
1437597597788,75676,11,-2
1437597598789,75676,9,-2
1437597599789,75676,7,-2
1437597600789,75676,5,-2
1437597601789,75676,5,-2
1437597602789,75676,5,-2
1437597603790,75676,5,-2
1437597604790,75676,5,-2
1437597605793,75676,2,-2
1437597606790,75676,0,-2
1437597607790,75676,0,-2
1437597608790,75676,0,-2
1437597609790,75676,0,-2
1437597610791,75676,0,-2
1437597611791,75676,0,-2
1437597612791,75676,0,-2
1437597613791,75676,0,-2
1437597614790,75676,0,-2
1437597615791,75676,0,-2
1437597616791,75676,0,-2
1437597617791,75676,0,-2
1437597618791,75676,0,-2
1437597619791,75676,0,-2
1437597620791,75676,0,-2
1437597621791,75676,0,-2
1437597622791,75676,0,-2
1437597623791,75676,0,-2
1437597624792,75677,0,-2
1437597625792,75678,0,-2
1437597626792,75678,0,-2
1437597627792,75678,0,-2
1437597628791,75678,0,-2
1437597629792,75678,0,-2
1437597630792,75679,0,-2
1437597631792,75679,0,-2
1437597632792,75680,0,-2
1437597633791,75680,0,-2
1437597634792,75680,0,-2
1437597635792,75680,0,-2
1437597636792,75681,0,-2
1437597637792,75687,0,-2
1437597638791,75699,0,-2
1437597639792,75699,0,-2
1437597640792,75699,0,-2
1437597641797,75699,0,-2
1437597642792,75699,0,-2
1437597643792,75699,0,-2
1437597644792,75699,0,-2
1437597645792,75699,0,-2
1437597646792,75699,0,-2
1437597647793,75699,0,-2
1437597648793,75699,0,-2
1437597649793,75699,0,-2
1437597650793,75699,0,-2
1437597651792,75699,0,-2
1437597652793,75699,0,-2
1437597653793,75699,0,-2
1437597654793,75699,0,-2
1437597655793,75699,0,-2
1437597656793,75699,0,-2
1437597657792,75699,0,-2
1437597658793,75699,0,-2
1437597659793,75699,0,-2
1437597660793,75699,0,-2
1437597661793,75699,0,-2
1437597662793,75699,0,-2
1437597663792,75699,0,-2
1437597664793,75699,0,-2
1437597665793,75699,0,-2
1437597666793,75699,0,-2
1437597667793,75699,0,-2
1437597668793,75699,0,-2
1437597669793,75699,0,-2
1437597670794,75699,0,-2
1437597671794,75699,0,-2
1437597672794,75699,0,-2
1437597673794,75699,0,-2
1437597674793,75699,0,-2
1437597675795,75699,0,-2
1437597676794,75699,0,-2
1437597677794,75699,0,-2
1437597678794,75699,0,-2
1437597679795,75699,0,-2
1437597680795,75699,0,-2
1437597681795,75699,0,-2
1437597682795,75699,0,-2
1437597683795,75699,0,-2
1437597684794,75699,0,-2
1437597685795,75699,0,-2
1437597686795,75699,0,-2
1437597687795,75699,0,-2
1437597688795,75699,0,-2
1437597689795,75699,0,-2
1437597690795,75699,0,-2
1437597691795,75699,0,-2
1437597692796,75699,0,-2
1437597693796,75699,0,-2
1437597694796,75699,0,-2
1437597695796,75699,0,-2
1437597696796,75699,0,-2
1437597697795,75699,0,-2
1437597698796,75699,0,-2
1437597699796,75699,0,-2
1437597700796,75699,0,-2
1437597701796,75699,0,-2
1437597702796,75699,0,-2
1437597703795,75699,0,-2
1437597704796,75699,0,-2
1437597705796,75699,0,-2
1437597706796,75699,0,-2
1437597707796,75699,0,-2
1437597708795,75699,0,-2
1437597709796,75699,0,-2
1437597710796,75699,0,-2
1437597711796,75699,0,-2
1437597712796,75699,0,-2
1437597713795,75699,0,-2
1437597714796,75699,0,-2
1437597715796,75699,0,-2
1437597716796,75699,0,-2
1437597717796,75699,0,-2
1437597718796,75699,0,-2
1437597719795,75699,0,-2
1437597720796,75699,0,-2
1437597721796,75699,0,-2
1437597722796,75699,0,-2
1437597723796,75699,0,-2
1437597724796,75699,0,-2
1437597725797,75699,0,-2
1437597726797,75699,0,-2
1437597727797,75699,0,-2
1437597728797,75699,0,-2
1437597729797,75699,0,-2
1437597730796,75699,0,-2
1437597731797,75699,0,-2
1437597732797,75699,0,-2
1437597733797,75699,0,-2
1437597734797,75699,0,-2
1437597735797,75699,0,-2
1437597736797,75699,0,-2
1437597737798,75699,0,-2
1437597738798,75699,0,-2
1437597739798,75699,0,-2
1437597740798,75699,0,-2
1437597741798,75699,0,-2
1437597742798,75699,0,-2
1437597743799,75699,0,-2
1437597744799,75699,0,-2
1437597745799,75699,0,-2
1437597746799,75699,0,-2
1437597747800,75699,0,-2
1437597748800,75699,0,-2
1437597749800,75699,0,-2
1437597750800,75699,0,-2
1437597751800,75699,0,-2
1437597752801,75699,0,-2
1437597753801,75699,0,-2
1437597754801,75699,0,-2
1437597755801,75699,0,-2
1437597756801,75699,0,-2
1437597757802,75699,0,-2
1437597758802,75699,0,-2
1437597759802,75699,0,-2
1437597760802,75699,0,-2
1437597761802,75699,0,-2
1437597762802,75699,0,-2
1437597763803,75699,0,-2
1437597764803,75699,0,-2
1437597765803,75699,0,-2
1437597766803,75699,0,-2
1437597767803,75699,0,-2
1437597768803,75699,0,-2
1437597769804,75699,0,-2
1437597770804,75699,0,-2
1437597771804,75699,0,-2
1437597772804,75699,0,-2
1437597773804,75699,0,-2
1437597774803,75699,0,-2
1437597775805,75699,0,-2
1437597776804,75699,0,-2
1437597777804,75699,0,-2
1437597778804,75699,0,-2
1437597779803,75699,0,-2
1437597780804,75699,0,-2
1437597781804,75699,0,-2
1437597782804,75699,0,-2
1437597783804,75699,0,-2
1437597784804,75699,0,-2
1437597785804,75699,0,-2
1437597786805,75699,0,-2
1437597787805,75699,0,-2
1437597788805,75699,0,-2
1437597789805,75699,0,-2
1437597790805,75699,0,-2
1437597791804,75699,0,-2
1437597792805,75699,0,-2
1437597793805,75699,0,-2
1437597794805,75699,0,-2
1437597795805,75699,0,-2
1437597796805,75699,0,-2
1437597797805,75699,0,-2
1437597798805,75699,0,-2
1437597799805,75699,0,-2
1437597800805,75699,0,-2
1437597801805,75699,0,-2
1437597802805,75699,0,-2
1437597803805,75699,0,-2
1437597804805,75699,0,-2
1437597805804,75699,0,-2
1437597806805,75699,0,-2
1437597807805,75699,0,-2
1437597808805,75699,0,-2
1437597809805,75699,0,-2
1437597810805,75699,0,-2
1437597811804,75699,0,-2
1437597812805,75699,0,-2
1437597813805,75699,0,-2
1437597814805,75699,0,-2
1437597815805,75699,0,-2
1437597816805,75699,0,-2
1437597817805,75699,0,-2
1437597818805,75699,0,-2
1437597819806,75699,0,-2
1437597820806,75699,0,-2
1437597821806,75699,0,-2
1437597822806,75699,0,-2
1437597823806,75699,0,-2
1437597824806,75699,0,-2
1437597825807,75699,0,-2
1437597826807,75699,0,-2
1437597827807,75699,0,-2
1437597828807,75699,0,-2
1437597829807,75699,0,-2
1437597830806,75699,0,-2
1437597831806,75699,0,-2
1437597832807,75699,0,-2
1437597833807,75699,0,-2
1437597834807,75699,0,-2
1437597835807,75699,0,-2
1437597836807,75699,0,-2
1437597837807,75699,0,-2
1437597838806,75699,0,-2
1437597839806,75699,0,-2
1437597840807,75699,0,-2
1437597841807,75699,0,-2
1437597842807,75699,0,-2
1437597843807,75699,0,-2
1437597844807,75699,0,-2
1437597845806,75699,0,-2
1437597846806,75699,0,-2
1437597847807,75699,0,-2
1437597848807,75699,0,-2
1437597849807,75699,0,-2
1437597850807,75699,0,-2
1437597851807,75699,0,-2
1437597852807,75699,0,-2
1437597853807,75699,0,-2
1437597854807,75699,0,-2
1437597855808,75699,0,-2
1437597856808,75699,0,-2
1437597857808,75699,0,-2
1437597858808,75699,0,-2
1437597859808,75699,0,-2
1437597860807,75699,0,-2
1437597861807,75699,0,-2
1437597862808,75699,0,-2
1437597863808,75699,0,-2
1437597864808,75699,0,-2
1437597865808,75699,0,-2
1437597866812,75699,0,-2
1437597867808,75699,0,-2
1437597868808,75699,0,-2
1437597869808,75699,0,-2
1437597870809,75699,0,-2
1437597871809,75699,0,-2
1437597872809,75699,0,-2
1437597873809,75699,0,-2
1437597874809,75699,0,-2
1437597875810,75699,0,-2
1437597876810,75699,0,-2
