43.19
30.31
15.48
18.73
18.43
20.00
24.01
31.82
43.56
44.50
23.76
24.41
26.37
36.32
28.84
26.23
34.64
40.93
36.98
30.95
35.66
35.34
40.73
41.04
40.83
42.20
44.50
41.79
44.68
49.48
45.08
48.57
50.26
52.97
54.07
57.47
51.01
50.00
52.82
56.23
55.13
54.57
60.76
62.78
65.40
65.06
66.92
67.75
66.75
75.76
70.69
67.42
73.79
72.19
76.86
77.39
74.94
78.32
74.68
71.76
74.42
83.55
83.85
90.18
100.00
100.00
100.00
100.00
100.00
100.00
100.00
100.00
99.75
93.98
90.61
50.64
50.92
69.21
100.00
100.00
100.00
100.00
100.00
100.00
100.00
81.12
91.77
78.17
99.75
100.00
100.00
100.00
100.00
100.00
100.00
98.25
100.00
76.35
76.78
100.00
100.00
100.00
100.00
100.00
99.25
100.00
100.00
98.50
76.08
48.53
57.51
90.31
100.00
98.50
98.91
98.50
100.00
100.00
100.00
100.00
99.25
99.00
99.50
93.67
94.13
95.10
99.00
100.00
100.00
100.00
100.00
100.00
100.00
100.00
100.00
100.00
100.00
100.00
100.00
100.00
100.00
100.00
100.00
100.00
100.00
100.00
100.00
100.00
100.00
100.00
100.00
99.75
100.00
100.00
100.00
100.00
99.75
100.00
94.96
98.24
89.60
87.95
83.03
79.18
80.88
73.82
66.41
72.18
81.70
77.78
76.79
78.97
73.70
79.43
75.70
72.47
71.69
71.83
70.68
72.63
71.28
74.81
75.98
76.17
72.06
70.42
71.95
72.94
70.05
76.03
72.94
75.52
70.62
71.32
72.97
74.09
73.88
73.58
69.71
73.21
76.56
69.47
78.92
71.28
71.54
71.21
72.28
72.24
66.58
74.04
68.41
66.58
69.57
73.63
73.23
68.75
67.87
69.82
66.32
67.96
72.56
73.33
67.97
70.33
67.70
67.60
74.81
71.13
73.44
75.06
70.26
67.44
70.88
74.16
67.44
70.18
64.78
72.19
71.24
63.45
70.50
68.95
66.41
74.28
68.83
68.78
67.46
74.74
65.33
61.42
64.53
66.75
67.02
66.23
66.58
63.56
63.47
61.20
66.84
71.39
65.62
65.28
66.24
62.34
65.03
64.68
67.28
64.49
62.30
66.49
64.75
68.67
66.23
68.34
64.78
63.49
65.62
69.01
56.02
63.32
68.48
64.99
66.84
67.89
64.74
61.48
63.32
65.36
65.97
67.10
65.21
64.10
65.45
61.27
58.22
66.58
65.18
66.05
65.62
65.46
65.19
66.23
64.19
63.31
64.60
63.95
62.04
65.63
62.11
62.99
65.52
64.86
62.89
61.48
64.42
61.52
61.36
63.25
59.01
57.84
61.64
55.21
47.49
53.26
46.04
45.65
46.89
39.01
43.11
38.17
32.04
28.50
25.97
26.92
27.81
25.77
22.14
24.80
19.28
18.51
17.92
18.67
14.87
13.11
15.86
9.14
9.21
7.38
15.82
8.08
6.09
3.27
3.77
3.26
1.76
6.78
1.76
1.00
2.26
2.00
1.51
2.01
5.76
2.25
0.75
1.01
1.50
1.75
1.50
3.01
1.50
1.75
1.50
2.00
2.49
1.25
1.76
1.25
2.26
1.75
1.75
2.76
1.25
1.75
2.25
2.24
2.00
1.51
1.50
1.26
1.50
1.76
1.50
1.75
2.49
2.24
22.90
