Linux 3.11.0-15-generic (client-HVM-domU) 	04/21/2015

12:46:43 AM kbmemfree kbmemused  %memused kbbuffers  kbcached kbswpfree kbswpused  %swpused  kbswpcad
12:46:44 AM   1028056   5852444     85.06     34096    481344   1045500         0      0.00         0
12:46:45 AM   1025496   5855004     85.10     34104    481468   1045500         0      0.00         0
12:46:46 AM   1024768   5855732     85.11     34112    481512   1045500         0      0.00         0
12:46:47 AM   1023216   5857284     85.13     34120    481540   1045500         0      0.00         0
12:46:48 AM   1019048   5861452     85.19     34128    481584   1045500         0      0.00         0
12:46:49 AM   1010532   5869968     85.31     34136    481620   1045500         0      0.00         0
12:46:50 AM    996428   5884072     85.52     34144    481688   1045500         0      0.00         0
12:46:51 AM    996864   5883636     85.51     34152    481744   1045500         0      0.00         0
12:46:52 AM    996776   5883724     85.51     34160    481860   1045500         0      0.00         0
12:46:53 AM    994788   5885712     85.54     34168    482008   1045500         0      0.00         0
12:46:54 AM    992976   5887524     85.57     34176    482060   1045500         0      0.00         0
12:46:55 AM    988680   5891820     85.63     34184    482116   1045500         0      0.00         0
12:46:56 AM    979908   5900592     85.76     34192    482176   1045500         0      0.00         0
12:46:57 AM    964460   5916040     85.98     34200    482256   1045500         0      0.00         0
12:46:58 AM    961828   5918672     86.02     34208    482328   1045500         0      0.00         0
12:46:59 AM    960444   5920056     86.04     34216    482392   1045500         0      0.00         0
12:47:00 AM    957760   5922740     86.08     34224    482476   1045500         0      0.00         0
12:47:01 AM    957568   5922932     86.08     34232    482592   1045500         0      0.00         0
12:47:02 AM    954932   5925568     86.12     34240    482696   1045500         0      0.00         0
12:47:03 AM    952772   5927728     86.15     34248    482776   1045500         0      0.00         0
12:47:04 AM    950036   5930464     86.19     34256    482860   1045500         0      0.00         0
12:47:05 AM    947120   5933380     86.23     34264    482968   1045500         0      0.00         0
12:47:06 AM    945148   5935352     86.26     34272    483072   1045500         0      0.00         0
12:47:07 AM    944796   5935704     86.27     34280    483172   1045500         0      0.00         0
12:47:08 AM    945208   5935292     86.26     34288    483276   1045500         0      0.00         0
12:47:09 AM    945144   5935356     86.26     34296    483372   1045500         0      0.00         0
12:47:10 AM    943676   5936824     86.28     34304    483484   1045500         0      0.00         0
12:47:11 AM    943800   5936700     86.28     34312    483592   1045500         0      0.00         0
12:47:12 AM    942652   5937848     86.30     34320    483704   1045500         0      0.00         0
12:47:13 AM    942216   5938284     86.31     34328    483828   1045500         0      0.00         0
12:47:14 AM    942040   5938460     86.31     34336    483940   1045500         0      0.00         0
12:47:15 AM    942328   5938172     86.30     34344    484056   1045500         0      0.00         0
12:47:16 AM    942708   5937792     86.30     34352    484184   1045500         0      0.00         0
12:47:17 AM    942652   5937848     86.30     34360    484304   1045500         0      0.00         0
12:47:18 AM    943376   5937124     86.29     34368    484436   1045500         0      0.00         0
12:47:19 AM    943540   5936960     86.29     34376    484568   1045500         0      0.00         0
12:47:20 AM    942012   5938488     86.31     34384    484688   1045500         0      0.00         0
12:47:21 AM    939468   5941032     86.35     34392    484808   1045500         0      0.00         0
12:47:22 AM    935244   5945256     86.41     34400    484932   1045500         0      0.00         0
12:47:23 AM    926904   5953596     86.53     34408    485064   1045500         0      0.00         0
12:47:24 AM    912320   5968180     86.74     34416    485196   1045500         0      0.00         0
12:47:25 AM    905280   5975220     86.84     34424    485324   1045500         0      0.00         0
12:47:26 AM    872644   6007856     87.32     34432    485456   1045500         0      0.00         0
12:47:27 AM    838128   6042372     87.82     34440    485596   1045500         0      0.00         0
12:47:28 AM    802412   6078088     88.34     34448    485728   1045500         0      0.00         0
12:47:29 AM    768412   6112088     88.83     34456    485860   1045500         0      0.00         0
12:47:30 AM    728380   6152120     89.41     34464    486000   1045500         0      0.00         0
12:47:31 AM    689216   6191284     89.98     34472    486140   1045500         0      0.00         0
12:47:32 AM    647376   6233124     90.59     34480    486276   1045500         0      0.00         0
12:47:33 AM    605120   6275380     91.21     34488    486420   1045500         0      0.00         0
12:47:34 AM    564644   6315856     91.79     34496    486560   1045500         0      0.00         0
12:47:35 AM    556456   6324044     91.91     34504    486712   1045500         0      0.00         0
12:47:36 AM    514032   6366468     92.53     34512    486864   1045500         0      0.00         0
12:47:37 AM    473936   6406564     93.11     34520    487000   1045500         0      0.00         0
12:47:38 AM    431756   6448744     93.72     34528    487152   1045500         0      0.00         0
12:47:39 AM    387472   6493028     94.37     34536    487304   1045500         0      0.00         0
12:47:40 AM    345064   6535436     94.98     34544    487448   1045500         0      0.00         0
12:47:41 AM    303820   6576680     95.58     34552    487600   1045500         0      0.00         0
12:47:42 AM    262012   6618488     96.19     34560    487740   1045500         0      0.00         0
12:47:43 AM    237984   6642516     96.54     34568    487888   1045500         0      0.00         0
12:47:44 AM    211412   6669088     96.93     34576    488044   1045500         0      0.00         0
12:47:45 AM    167768   6712732     97.56     34584    488200   1045500         0      0.00         0
12:47:46 AM    123508   6756992     98.20     34592    488356   1045500         0      0.00         0
12:47:47 AM     97336   6783164     98.59     34348    488048   1045496         4      0.00         4
12:47:48 AM    100220   6780280     98.54     29992    479180   1045264       236      0.02        76
12:47:49 AM    107300   6773200     98.44     28272    469104   1044852       648      0.06       308
12:47:50 AM    108664   6771836     98.42     27688    463352   1044856       644      0.06       336
12:47:51 AM    105216   6775284     98.47     27448    462824   1044964       536      0.05       324
12:47:52 AM    101928   6778572     98.52     27072    461236   1044968       532      0.05       320
12:47:53 AM     98040   6782460     98.58     26960    460112   1044972       528      0.05       316
12:47:54 AM     99976   6780524     98.55     26508    455216   1044972       528      0.05       316
12:47:55 AM    130484   6750016     98.10     22680    420900   1044792       708      0.07       136
12:47:56 AM    116816   6763684     98.30     21608    407964   1044792       708      0.07       136
12:47:57 AM    127028   6753472     98.15     21432    383388   1044792       708      0.07       136
12:47:58 AM    130916   6749584     98.10     21248    343684   1044792       708      0.07       136
12:47:59 AM    112152   6768348     98.37     18052    326188   1044792       708      0.07       136
12:48:00 AM    112016   6768484     98.37      3076    302768   1044792       708      0.07       136
12:48:01 AM    111708   6768792     98.38       216    282012   1044792       708      0.07       136
12:48:02 AM    117540   6762960     98.29       172    267068   1044792       708      0.07       136
12:48:03 AM    115984   6764516     98.31       180    265624   1044792       708      0.07       136
12:48:04 AM    145456   6735044     97.89       184    233432   1044752       748      0.07       176
12:48:05 AM    142228   6738272     97.93       192    234772   1044752       748      0.07       176
12:48:06 AM    137496   6743004     98.00       200    234864   1044752       748      0.07       176
12:48:07 AM    132388   6748112     98.08       208    237160   1044752       748      0.07       176
12:48:08 AM    118328   6762172     98.28       216    239516   1044752       748      0.07       176
12:48:09 AM    119284   6761216     98.27       200    230964   1043600      1900      0.18       724
12:48:10 AM    122556   6757944     98.22       200    199784   1038212      7288      0.70      2576
12:48:11 AM    119656   6760844     98.26       196    175440   1033156     12344      1.18      1608
12:48:12 AM    121424   6759076     98.24       204    168220   1031032     14468      1.38       344
12:48:13 AM    104364   6776136     98.48       212    163204   1028856     16644      1.59       460
12:48:14 AM    100992   6779508     98.53       220    163440   1028660     16840      1.61       592
12:48:15 AM    101016   6779484     98.53       220    161492   1027196     18304      1.75      1736
12:48:18 AM    114584   6765916     98.33       204    149968   1017004     28496      2.73      2112
12:48:19 AM    121888   6758612     98.23       180    142920   1010392     35108      3.36      1312
12:48:20 AM    114828   6765672     98.33       188    143792   1010392     35108      3.36      1344
12:48:21 AM    114476   6766024     98.34       184    143492   1007780     37720      3.61      1232
12:48:22 AM    114428   6766072     98.34       192    143152   1006008     39492      3.78      1328
12:48:23 AM    111468   6769032     98.38       200    145360   1005652     39848      3.81      1384
12:48:24 AM    106552   6773948     98.45       208    145016   1005268     40232      3.85      1580
12:48:25 AM    100268   6780232     98.54       216    145432   1003680     41820      4.00      2548
12:48:26 AM    102264   6778236     98.51       224    144324   1002524     42976      4.11      1632
12:48:27 AM     98172   6782328     98.57       232    143504   1002020     43480      4.16      2168
12:48:28 AM     94564   6785936     98.63       240    142492   1000964     44536      4.26      4084
12:48:29 AM    100364   6780136     98.54       248    139680    996572     48928      4.68      3140
12:48:30 AM    107500   6773000     98.44       232    133628    992216     53284      5.10      5916
12:48:31 AM    113180   6767320     98.36       220    131552    991672     53828      5.15      4540
12:48:32 AM    123924   6756576     98.20       204    128264    979712     65788      6.29      6036
12:48:33 AM    125132   6755368     98.18       188    127240    979496     66004      6.31      5604
12:48:34 AM    126848   6753652     98.16       196    130020    979496     66004      6.31      5604
12:48:35 AM    119072   6761428     98.27       204    130776    979496     66004      6.31      5604
12:48:36 AM    121988   6758512     98.23       204    127320    970848     74652      7.14      6724
12:48:37 AM    118712   6761788     98.27       180    124152    960996     84504      8.08      7072
12:48:38 AM    110752   6769748     98.39       180    124476    959692     85808      8.21      5376
12:48:39 AM     97644   6782856     98.58       308    122848    946964     98536      9.42      6044
12:48:43 AM    139292   6741208     97.98       268    112232    875248    170252     16.28     29912
12:48:44 AM    129172   6751328     98.12       420    114424    876060    169440     16.21     30596
12:48:45 AM    120288   6760212     98.25       432    117208    876416    169084     16.17     30528
12:48:46 AM    115096   6765404     98.33       440    121816    876564    168936     16.16     30696
12:48:47 AM    119648   6760852     98.26       444    124756    877052    168448     16.11     19320
12:48:48 AM    113576   6766924     98.35       452    129476    877648    167852     16.05     18908
12:48:49 AM    119660   6760840     98.26       160    127536    874020    171480     16.40     14624
12:48:50 AM    116796   6763704     98.30       160    129544    873948    171552     16.41     13056
12:48:51 AM    115392   6765108     98.32       152    127320    866992    178508     17.07     14028
12:48:52 AM    124688   6755812     98.19       152    117272    856724    188776     18.06     15540
12:48:53 AM    100516   6779984     98.54       160    116708    854132    191368     18.30     13188
12:48:54 AM     99880   6780620     98.55       164    117208    839684    205816     19.69     15956
12:48:55 AM     94624   6785876     98.62       172    121228    839916    205584     19.66     14328
12:48:56 AM    101800   6778700     98.52       132    119360    833184    212316     20.31     14268
12:48:57 AM    118100   6762400     98.28       116    107616    820688    224812     21.50     20356
12:48:58 AM    111376   6769124     98.38       124    112800    820832    224668     21.49     20460
12:48:59 AM    122688   6757812     98.22       116    112228    816004    229496     21.95     11408
12:49:00 AM    116052   6764448     98.31       124    118384    814572    230928     22.09     11080
12:49:01 AM    114896   6765604     98.33       124    118916    810336    235164     22.49     13568
12:49:02 AM    117936   6762564     98.29       144    120012    807948    237552     22.72     10216
12:49:03 AM    118100   6762400     98.28       144    119128    798132    247368     23.66     20200
12:49:04 AM    112944   6767556     98.36       152    124168    798284    247216     23.65     20500
12:49:05 AM    117972   6762528     98.29       152    127440    798312    247188     23.64     10812
12:49:06 AM    112656   6767844     98.36       160    131860    798560    246940     23.62     11276
12:49:07 AM    116584   6763916     98.31       152    128492    794284    251216     24.03     13340
12:49:08 AM    118992   6761508     98.27       152    126832    793504    251996     24.10     12532
12:49:09 AM    123768   6756732     98.20       144    126416    788584    256916     24.57     12852
12:49:10 AM    117812   6762688     98.29       152    129068    783332    262168     25.08     15960
12:49:11 AM    110876   6769624     98.39       160    130840    783420    262080     25.07     16236
12:49:12 AM    130368   6750132     98.11       128    112712    767832    277668     26.56     14412
12:49:13 AM    128624   6751876     98.13       136    114544    765032    280468     26.83     13456
12:49:14 AM    129772   6750728     98.11       144    115824    759220    286280     27.38     15248
12:49:15 AM    123484   6757016     98.21       152    118880    759356    286144     27.37     15532
12:49:16 AM    105388   6775112     98.47       152    121440    757596    287904     27.54     13844
12:49:17 AM    127832   6752668     98.14       144    113340    730856    314644     30.10     15960
12:49:18 AM    119348   6761152     98.27       152    116552    729964    315536     30.18     17200
12:49:19 AM    113172   6767328     98.36       292    121212    730336    315164     30.14     17900
12:49:20 AM    111704   6768796     98.38       292    122616    725016    320484     30.65     18660
12:49:21 AM    110332   6770168     98.40       284    123028    723824    321676     30.77     17700
12:49:22 AM    113352   6767148     98.35       252    121780    717732    327768     31.35     19048
12:49:23 AM    120512   6759988     98.25       260    119720    709568    335932     32.13     19072
12:49:24 AM    113676   6766824     98.35       268    123144    709748    335752     32.11     19696
12:49:25 AM    124224   6756276     98.19       148    119908    703264    342236     32.73     16568
12:49:26 AM    141456   6739044     97.94       156    122068    700788    344712     32.97     17356
12:49:27 AM    141892   6738608     97.94       164    125936    700896    344604     32.96     17780
12:49:28 AM    138108   6742392     97.99       172    130056    701268    344232     32.93     18208
12:49:29 AM    134844   6745656     98.04       180    133740    701340    344160     32.92     18612
12:49:30 AM    131028   6749472     98.10       188    137564    701384    344116     32.91     18808
12:49:31 AM    129800   6750700     98.11       196    138684    701444    344056     32.91     19228
12:49:32 AM    130188   6750312     98.11       204    139456    701508    343992     32.90     19452
12:49:33 AM    129468   6751032     98.12       212    139688    701560    343940     32.90     19780
12:49:34 AM    129760   6750740     98.11       220    140216    701592    343908     32.89     19840
12:49:35 AM    129652   6750848     98.12       228    140708    701912    343588     32.86     19972
12:49:36 AM    129764   6750736     98.11       236    142004    701956    343544     32.86     20148
12:49:37 AM    129760   6750740     98.11       244    142356    701988    343512     32.86     20272
12:49:38 AM    130324   6750176     98.11       252    142804    702032    343468     32.85     20388
12:49:39 AM    130332   6750168     98.11       260    143356    702084    343416     32.85     20560
12:49:40 AM    131304   6749196     98.09       268    143516    702160    343340     32.84     20840
12:49:41 AM    131216   6749284     98.09       276    144020    702196    343304     32.84     20996
12:49:42 AM    131552   6748948     98.09       284    144636    702216    343284     32.83     21104
12:49:43 AM    132280   6748220     98.08       292    144820    702228    343272     32.83     21284
12:49:44 AM    132080   6748420     98.08       300    145300    702256    343244     32.83     21400
12:49:45 AM    132876   6747624     98.07       308    145560    702272    343228     32.83     21544
12:49:46 AM    133400   6747100     98.06       316    145992    702292    343208     32.83     21620
12:49:47 AM    133168   6747332     98.06       324    147212    702352    343148     32.82     21752
12:49:48 AM    133740   6746760     98.06       332    147520    702368    343132     32.82     21896
12:49:49 AM    134312   6746188     98.05       340    148088    702372    343128     32.82     21956
12:49:50 AM    134636   6745864     98.04       348    148228    702396    343104     32.82     22156
12:49:51 AM    135436   6745064     98.03       360    148524    702408    343092     32.82     22320
12:49:52 AM    133776   6746724     98.06       368    151272    702432    343068     32.81     22360
12:49:53 AM    133548   6746952     98.06       376    152564    702452    343048     32.81     22404
12:49:54 AM    133812   6746688     98.06       384    152864    702740    342760     32.78     22484
12:49:55 AM    133980   6746520     98.05       392    153196    702772    342728     32.78     22644
12:49:56 AM    134788   6745712     98.04       400    153608    702780    342720     32.78     22828
12:49:57 AM    135324   6745176     98.03       408    153916    702816    342684     32.78     22888
12:49:58 AM    135928   6744572     98.02       416    154232    702848    342652     32.77     22936
12:49:59 AM    136816   6743684     98.01       424    154400    702880    342620     32.77     23032
12:50:00 AM    137388   6743112     98.00       432    154932    702904    342596     32.77     23232
12:50:01 AM    138092   6742408     97.99       440    155140    702936    342564     32.77     23232
12:50:02 AM    138728   6741772     97.98       448    155308    703240    342260     32.74     23312
12:50:03 AM    139296   6741204     97.98       456    155576    703256    342244     32.73     23392
12:50:04 AM    140344   6740156     97.96       464    155824    703292    342208     32.73     23444
12:50:05 AM    140932   6739568     97.95       472    156092    703316    342184     32.73     23484
12:50:06 AM    141440   6739060     97.94       480    156272    703324    342176     32.73     23572
12:50:07 AM    142652   6737848     97.93       488    156536    703368    342132     32.72     23656
12:50:08 AM    143224   6737276     97.92       496    156744    703388    342112     32.72     23796
12:50:09 AM    143804   6736696     97.91       504    157056    703408    342092     32.72     23936
12:50:10 AM    145096   6735404     97.89       512    157320    703420    342080     32.72     23988
12:50:11 AM    145288   6735212     97.89       520    157708    703444    342056     32.72     24092
12:50:12 AM    146176   6734324     97.88       528    157940    703772    341728     32.69     24184
12:50:13 AM    147092   6733408     97.86       536    158084    703792    341708     32.68     24356
12:50:14 AM    147920   6732580     97.85       544    158292    703812    341688     32.68     24432
12:50:15 AM    148208   6732292     97.85       552    158604    703816    341684     32.68     24460
12:50:16 AM    149096   6731404     97.83       560    158892    703844    341656     32.68     24560
12:50:17 AM    150232   6730268     97.82       568    159148    703852    341648     32.68     24584
12:50:18 AM    150936   6729564     97.81       576    159568    703876    341624     32.68     24720
12:50:19 AM    151852   6728648     97.79       584    159944    703888    341612     32.67     24804
12:50:20 AM    152452   6728048     97.78       592    160344    703916    341584     32.67     24808
12:50:21 AM    153116   6727384     97.77       600    160572    703924    341576     32.67     24832
12:50:22 AM    154252   6726248     97.76       608    160992    703948    341552     32.67     24904
12:50:23 AM    154872   6725628     97.75       616    161284    703972    341528     32.67     24912
12:50:24 AM    155508   6724992     97.74       624    161508    703992    341508     32.66     24924
12:50:25 AM    156504   6723996     97.73       632    161832    704008    341492     32.66     25032
12:50:26 AM    157340   6723160     97.71       640    162024    704008    341492     32.66     25032
12:50:27 AM    158344   6722156     97.70       648    162216    704020    341480     32.66     25020
12:50:28 AM    159048   6721452     97.69       656    162456    704028    341472     32.66     25044
12:50:29 AM    160256   6720244     97.67       664    162772    704040    341460     32.66     25064
12:50:30 AM    161132   6719368     97.66       672    163036    704060    341440     32.66     25116
12:50:31 AM    161988   6718512     97.65       680    163272    704060    341440     32.66     25212
12:50:32 AM    162672   6717828     97.64       688    163444    704360    341140     32.63     25352
12:50:33 AM    163160   6717340     97.63       696    163788    704360    341140     32.63     25352
12:50:34 AM    164380   6716120     97.61       704    163960    704360    341140     32.63     25352
12:50:35 AM    165260   6715240     97.60       712    164188    704380    341120     32.63     25492
12:50:36 AM    165716   6714784     97.59       720    164512    704396    341104     32.63     25540
12:50:37 AM    165748   6714752     97.59       728    165936    704696    340804     32.60     25912
12:50:38 AM    164952   6715548     97.60       736    166656    704700    340800     32.60     25972
12:50:39 AM    165812   6714688     97.59       744    166920    704716    340784     32.60     25988
12:50:40 AM    166288   6714212     97.58       752    167376    704720    340780     32.59     26048
12:50:41 AM    167408   6713092     97.57       760    167564    704728    340772     32.59     26104
12:50:42 AM    168536   6711964     97.55       768    167812    704756    340744     32.59     26140
12:50:43 AM    169248   6711252     97.54       776    168096    704768    340732     32.59     26160
12:50:44 AM    169728   6710772     97.53       784    168412    704804    340696     32.59     26244
12:50:45 AM    170492   6710008     97.52       792    168716    704812    340688     32.59     26300
12:50:46 AM    171868   6708632     97.50       800    168916    705120    340380     32.56     26348
12:50:47 AM    172196   6708304     97.50       808    169120    705148    340352     32.55     26448
12:50:48 AM    172604   6707896     97.49       816    169644    705192    340308     32.55     26432
12:50:49 AM    173244   6707256     97.48       824    169816    705500    340000     32.52     26500
12:50:50 AM    174028   6706472     97.47       832    170104    705504    339996     32.52     26560
12:50:51 AM    175156   6705344     97.45       840    170324    705524    339976     32.52     26700
12:50:52 AM    175560   6704940     97.45       848    170860    705820    339680     32.49     26708
12:50:53 AM    176372   6704128     97.44       856    170920    705832    339668     32.49     26760
12:50:54 AM    177484   6703016     97.42       864    171132    705836    339664     32.49     26788
12:50:55 AM    177832   6702668     97.42       872    171272    706100    339400     32.46     26908
12:50:56 AM    177900   6702600     97.41       880    172004    706108    339392     32.46     26932
12:50:57 AM    179236   6701264     97.40       888    172384    706120    339380     32.46     26920
12:50:58 AM    179900   6700600     97.39       896    172760    706388    339112     32.44     26972
12:50:59 AM    180504   6699996     97.38       904    172876    706408    339092     32.43     26984
12:51:00 AM    181340   6699160     97.36       912    173072    706416    339084     32.43     27008
12:51:01 AM    182664   6697836     97.35       920    173444    706416    339084     32.43     27008
12:51:02 AM    183704   6696796     97.33       928    173640    706424    339076     32.43     27032
12:51:03 AM    184176   6696324     97.32       936    174028    706452    339048     32.43     27036
12:51:04 AM    185392   6695108     97.31       944    174168    706468    339032     32.43     27052
12:51:05 AM    185880   6694620     97.30       952    174492    706472    339028     32.43     27048
12:51:06 AM    186788   6693712     97.29       960    174684    706480    339020     32.43     27040
12:51:07 AM    187488   6693012     97.28       968    174932    706504    338996     32.42     27048
12:51:08 AM    188816   6691684     97.26       976    175152    706536    338964     32.42     27112
12:51:09 AM    189372   6691128     97.25       984    175536    706548    338952     32.42     27100
12:51:10 AM    190228   6690272     97.24       992    175728    706560    338940     32.42     27120
12:51:11 AM    190436   6690064     97.23      1000    176276    706824    338676     32.39     27208
12:51:12 AM    191500   6689000     97.22      1008    176392    706840    338660     32.39     27224
12:51:13 AM    192520   6687980     97.20      1016    176788    706856    338644     32.39     27240
12:51:14 AM    193060   6687440     97.19      1024    177024    706860    338640     32.39     27236
12:51:15 AM    194212   6686288     97.18      1032    177260    706884    338616     32.39     27212
12:51:16 AM    194896   6685604     97.17      1040    177324    707156    338344     32.36     27304
12:51:17 AM    195792   6684708     97.15      1048    177552    707180    338320     32.36     27344
12:51:18 AM    197080   6683420     97.14      1056    177840    707188    338312     32.36     27400
12:51:19 AM    197880   6682620     97.12      1064    178048    707216    338284     32.36     27496
12:51:20 AM    197948   6682552     97.12      1072    178556    707228    338272     32.36     27516
12:51:21 AM    199076   6681424     97.11      1080    178760    707236    338264     32.35     27508
12:51:22 AM    200176   6680324     97.09      1088    179144    707540    337960     32.33     27556
12:51:23 AM    200576   6679924     97.08      1096    179388    707552    337948     32.32     27544
12:51:24 AM    201432   6679068     97.07      1104    179552    707568    337932     32.32     27528
12:51:25 AM    202528   6677972     97.06      1112    179732    707576    337924     32.32     27552
12:51:26 AM    203288   6677212     97.05      1120    180120    707580    337920     32.32     27548
12:51:27 AM    204036   6676464     97.03      1128    180312    707592    337908     32.32     27536
12:51:28 AM    205300   6675200     97.02      1136    180484    707596    337904     32.32     27532
12:51:29 AM    206416   6674084     97.00      1144    180804    707596    337904     32.32     27564
12:51:30 AM    207048   6673452     96.99      1152    181052    707608    337892     32.32     27616
12:51:31 AM    208340   6672160     96.97      1160    181232    707612    337888     32.32     27672
12:51:32 AM    208708   6671792     96.97      1168    181428    707616    337884     32.32     27700
12:51:33 AM    210028   6670472     96.95      1176    181628    707624    337876     32.32     27692
12:51:34 AM    210488   6670012     96.94      1184    181772    707632    337868     32.32     27748
12:51:35 AM    211704   6668796     96.92      1192    182004    707636    337864     32.32     27776
12:51:36 AM    213044   6667456     96.90      1200    182220    707640    337860     32.32     27804
12:51:37 AM    213824   6666676     96.89      1208    182460    707648    337852     32.31     27796
12:51:38 AM    214592   6665908     96.88      1216    182624    707652    337848     32.31     27792
12:51:39 AM    215464   6665036     96.87      1224    182884    707652    337848     32.31     27792
12:51:40 AM    216140   6664360     96.86      1232    183384    707660    337840     32.31     27816
12:51:41 AM    217504   6662996     96.84      1240    183712    707952    337548     32.29     27820
12:51:42 AM    217792   6662708     96.83      1248    183724    707956    337544     32.29     27880
12:51:43 AM    218996   6661504     96.82      1256    183892    707964    337536     32.28     27872
12:51:44 AM    219860   6660640     96.80      1264    184164    707964    337536     32.28     27904
12:51:45 AM    220728   6659772     96.79      1272    184536    707976    337524     32.28     27924
12:51:46 AM    221520   6658980     96.78      1280    184744    707992    337508     32.28     27972
12:51:47 AM    222536   6657964     96.77      1288    184892    708016    337484     32.28     28040
12:51:48 AM    223324   6657176     96.75      1296    185132    708028    337472     32.28     28060
12:51:49 AM    224584   6655916     96.74      1304    185388    708032    337468     32.28     28088
12:51:50 AM    224792   6655708     96.73      1312    185596    708040    337460     32.28     28080
12:51:51 AM    226500   6654000     96.71      1320    185860    708072    337428     32.27     28112
12:51:52 AM    227564   6652936     96.69      1328    186092    708080    337420     32.27     28104
12:51:53 AM    227888   6652612     96.69      1336    186336    708080    337420     32.27     28104
12:51:54 AM    228736   6651764     96.68      1344    186568    708084    337416     32.27     28100
12:51:55 AM    229952   6650548     96.66      1352    186764    708088    337412     32.27     28128
12:51:56 AM    230440   6650060     96.65      1360    187300    708104    337396     32.27     28112
12:51:57 AM    232048   6648452     96.63      1368    187500    708120    337380     32.27     28096
12:51:58 AM    232588   6647912     96.62      1376    187656    708128    337372     32.27     28128
12:51:59 AM    233480   6647020     96.61      1384    187928    708148    337352     32.27     28108
12:52:00 AM    234840   6645660     96.59      1392    188108    708160    337340     32.27     28160
12:52:01 AM    235420   6645080     96.58      1400    188500    708168    337332     32.27     28152
12:52:02 AM    236888   6643612     96.56      1408    188744    708168    337332     32.27     28152
12:52:03 AM    237344   6643156     96.55      1416    188952    708168    337332     32.27     28152
12:52:04 AM    238932   6641568     96.53      1424    189060    708432    337068     32.24     28312
12:52:05 AM    238836   6641664     96.53      1432    189340    708432    337068     32.24     28312
12:52:06 AM    239756   6640744     96.52      1440    189480    708440    337060     32.24     28368
12:52:07 AM    240620   6639880     96.50      1448    189720    708444    337056     32.24     28396
12:52:08 AM    241860   6638640     96.48      1456    190328    708448    337052     32.24     28392
12:52:09 AM    242436   6638064     96.48      1464    190396    708452    337048     32.24     28388
12:52:10 AM    243524   6636976     96.46      1472    190576    708456    337044     32.24     28416
12:52:11 AM    244540   6635960     96.45      1480    190760    708460    337040     32.24     28412
12:52:12 AM    243352   6637148     96.46      1488    190900    708460    337040     32.24     28444
12:52:13 AM    245576   6634924     96.43      1496    191064    708468    337032     32.24     28468
12:52:14 AM    246956   6633544     96.41      1504    191204    708496    337004     32.23     28604
12:52:15 AM    247692   6632808     96.40      1512    191532    708804    336696     32.20     28604
12:52:16 AM    248820   6631680     96.38      1520    191684    708804    336696     32.20     28604
12:52:17 AM    250372   6630128     96.36      1528    191772    709112    336388     32.17     28744
12:52:18 AM    251984   6628516     96.34      1536    191872    709116    336384     32.17     28740
12:52:19 AM    253776   6626724     96.31      1544    191968    709120    336380     32.17     28736
12:52:20 AM    255084   6625416     96.29      1552    192136    709120    336380     32.17     28736
12:52:21 AM    257332   6623168     96.26      1560    192176    709120    336380     32.17     28768
12:52:22 AM    258284   6622216     96.25      1568    192276    709140    336360     32.17     28780
12:52:23 AM    260324   6620176     96.22      1576    192332    709140    336360     32.17     28780
12:52:24 AM    261588   6618912     96.20      1584    192388    709140    336360     32.17     28780
12:52:25 AM    263708   6616792     96.17      1592    192432    709140    336360     32.17     28780
12:52:26 AM    264884   6615616     96.15      1600    192568    709140    336360     32.17     28780
12:52:27 AM    266652   6613848     96.12      1608    192620    709160    336340     32.17     28760
12:52:28 AM    268196   6612304     96.10      1616    192636    709160    336340     32.17     28760
12:52:29 AM    269680   6610820     96.08      1624    192688    709160    336340     32.17     28760
12:52:30 AM    270916   6609584     96.06      1632    192712    709436    336064     32.14     28836
12:52:31 AM    272240   6608260     96.04      1640    192764    709436    336064     32.14     28836
12:52:32 AM    273688   6606812     96.02      1648    192804    709444    336056     32.14     28828
12:52:33 AM    274488   6606012     96.01      1656    192816    709708    335792     32.12     28972
12:52:34 AM    275684   6604816     95.99      1664    192836    709708    335792     32.12     28972
12:52:35 AM    277132   6603368     95.97      1672    192848    709708    335792     32.12     28972
12:52:36 AM    278484   6602016     95.95      1680    193276    709716    335784     32.12     29212
12:52:37 AM    274020   6606480     96.02      2164    196760    710000    335500     32.09     29428
12:52:38 AM    275216   6605284     96.00      2172    196760    710000    335500     32.09     29428
12:52:39 AM    276124   6604376     95.99      2180    196952    710008    335492     32.09     29516
12:52:40 AM    277040   6603460     95.97      2188    196964    710008    335492     32.09     29516
12:52:41 AM    278084   6602416     95.96      2196    196972    710008    335492     32.09     29516
12:52:42 AM    279516   6600984     95.94      2204    196980    710008    335492     32.09     29516
12:52:43 AM    280552   6599948     95.92      2212    196984    710008    335492     32.09     29516
12:52:44 AM    280620   6599880     95.92      2232    197652    710080    335420     32.08     29716
12:52:45 AM    281644   6598856     95.91      2240    197632    710080    335420     32.08     29716
12:52:46 AM    282828   6597672     95.89      2248    197644    710080    335420     32.08     29716
12:52:47 AM    284112   6596388     95.87      2396    197656    710084    335416     32.08     29712
12:52:48 AM    285300   6595200     95.85      2404    197660    710084    335416     32.08     29712
12:52:49 AM    286432   6594068     95.84      2412    197664    710084    335416     32.08     29712
12:52:50 AM    287372   6593128     95.82      2420    197636    710368    335132     32.05     29692
12:52:51 AM    289016   6591484     95.80      2428    197836    710440    335060     32.05     30832
12:52:52 AM    289584   6590916     95.79      2436    197940    710440    335060     32.05     30832
12:52:53 AM    290880   6589620     95.77      2444    197944    710440    335060     32.05     30864
12:52:54 AM    291684   6588816     95.76      2452    197940    710440    335060     32.05     30864
12:52:55 AM    293052   6587448     95.74      2460    197956    710440    335060     32.05     30864
12:52:56 AM    294200   6586300     95.72      2468    197948    710440    335060     32.05     30864
12:52:57 AM    295536   6584964     95.70      2476    197932    710448    335052     32.05     30888
12:52:58 AM    296328   6584172     95.69      2484    198144    710752    334748     32.02     30920
12:52:59 AM    297616   6582884     95.67      2492    197972    710752    334748     32.02     30920
12:53:00 AM    298656   6581844     95.66      2500    197976    710752    334748     32.02     30920
12:53:01 AM    299820   6580680     95.64      2508    197952    710756    334744     32.02     30948
12:53:02 AM    300728   6579772     95.63      2516    198068    711032    334468     31.99     30824
12:53:03 AM    302100   6578400     95.61      2524    197996    711032    334468     31.99     30824
12:53:04 AM    303128   6577372     95.59      2532    197988    711032    334468     31.99     30824
12:53:05 AM    305504   6574996     95.56      2540    198004    711032    334468     31.99     30824
12:53:06 AM    306716   6573784     95.54      2548    198004    711032    334468     31.99     30824
12:53:07 AM    307760   6572740     95.53      2556    198176    711044    334456     31.99     30876
12:53:08 AM    308808   6571692     95.51      2564    198144    711044    334456     31.99     30876
12:53:09 AM    310208   6570292     95.49      2572    198144    711052    334448     31.99     30868
12:53:10 AM    310848   6569652     95.48      2580    198144    711344    334156     31.96     30872
12:53:11 AM    312388   6568112     95.46      2588    198156    711344    334156     31.96     30872
12:53:12 AM    313304   6567196     95.45      2596    198132    711632    333868     31.93     30892
12:53:13 AM    314576   6565924     95.43      2604    198156    711632    333868     31.93     30892
12:53:14 AM    315116   6565384     95.42      2612    198176    711928    333572     31.91     30948
12:53:15 AM    316196   6564304     95.40      2620    198168    711928    333572     31.91     30948
12:53:16 AM    317484   6563016     95.39      2628    198176    711928    333572     31.91     30948
12:53:17 AM    318528   6561972     95.37      2636    198192    711936    333564     31.90     30972
12:53:18 AM    319808   6560692     95.35      2644    198188    711936    333564     31.90     30972
12:53:19 AM    321248   6559252     95.33      2652    198192    711936    333564     31.90     30972
12:53:20 AM    323132   6557368     95.30      2660    198112    712208    333292     31.88     31056
12:53:21 AM    324308   6556192     95.29      2672    198200    712208    333292     31.88     31056
12:53:22 AM    324692   6555808     95.28      2680    198156    712496    333004     31.85     31172
12:53:23 AM    325756   6554744     95.27      2688    198156    712780    332720     31.82     31240
12:53:24 AM    326316   6554184     95.26      2696    198196    713076    332424     31.80     31272
12:53:25 AM    317188   6563312     95.39      3136    203104    714104    331396     31.70     34044
Average:       283325   6597175     95.88      7088    227265    810973    234527     22.43     18302
