2.76
2.51
3.74
3.54
7.09
6.30
15.08
11.62
9.34
10.30
8.91
14.94
15.35
13.50
7.83
17.26
9.74
14.03
15.08
13.07
20.61
21.57
27.16
18.83
24.04
19.85
21.36
24.42
21.74
23.35
16.79
22.47
15.95
18.81
22.08
24.87
23.43
23.23
23.91
26.34
21.46
26.53
25.63
29.56
24.43
22.78
20.26
24.56
23.68
23.99
21.43
21.03
25.37
20.51
22.92
24.17
23.04
26.25
28.43
26.95
25.38
28.61
25.96
28.10
22.51
25.38
25.50
22.34
26.00
32.57
29.11
25.00
22.51
26.50
22.47
24.11
26.26
21.43
26.09
27.16
23.92
27.16
24.24
25.69
23.86
27.57
26.72
23.02
24.75
29.23
25.45
25.45
22.08
27.37
27.25
21.94
23.92
19.64
29.37
23.80
25.44
23.85
25.81
29.37
26.20
26.26
24.05
29.95
27.27
24.16
29.05
23.39
25.51
26.09
25.19
27.99
25.00
27.92
28.50
26.63
26.94
26.08
30.46
26.58
27.11
25.45
24.30
27.92
26.70
22.39
25.19
25.32
24.56
26.21
26.36
25.19
24.37
24.94
23.21
24.04
24.68
22.73
25.00
22.98
25.19
25.71
28.72
26.82
24.25
23.74
28.50
29.85
27.37
21.52
27.34
27.30
31.06
23.92
24.81
18.86
26.01
26.97
27.27
24.74
26.02
28.39
25.95
21.07
27.48
27.16
30.38
26.55
25.63
24.23
22.05
23.29
23.06
28.68
30.85
27.64
25.13
26.01
30.10
27.66
21.96
24.87
27.59
27.09
28.53
24.43
22.28
27.04
25.00
26.34
26.15
31.06
27.76
23.27
28.57
25.58
22.70
24.62
23.47
27.32
24.87
26.08
28.43
32.23
24.48
26.48
23.77
25.63
23.92
23.77
21.52
25.63
24.42
25.38
27.81
27.53
25.94
30.10
25.57
29.26
28.93
24.48
25.13
25.00
24.87
27.91
28.17
25.45
20.67
26.90
27.44
31.81
23.99
23.66
29.31
25.19
24.74
25.94
26.58
25.76
26.75
26.53
28.68
25.26
28.21
25.76
30.00
27.53
25.89
26.77
28.21
28.86
25.06
30.61
25.13
27.51
27.20
27.11
27.04
22.82
28.86
24.94
29.56
29.47
23.12
28.68
27.81
21.63
26.79
28.57
27.53
25.06
28.94
23.98
24.68
23.72
24.48
24.30
23.59
26.36
20.00
22.94
20.62
24.17
25.13
26.08
21.77
22.67
23.91
23.27
25.58
22.19
21.39
23.35
22.59
22.42
19.24
18.80
22.31
23.08
27.66
23.31
23.54
18.62
20.15
22.11
25.70
25.52
25.71
24.49
22.05
21.27
21.97
20.93
21.34
25.45
22.65
23.59
21.99
19.38
22.28
17.65
18.27
24.16
19.49
18.37
17.74
14.76
14.97
13.81
12.98
15.27
15.27
11.73
6.85
9.80
9.25
10.38
10.15
8.86
10.05
8.35
9.09
9.41
6.05
6.78
6.87
6.52
6.82
5.82
4.77
3.52
3.26
3.49
3.27
2.25
2.25
2.01
3.26
3.53
4.75
4.77
4.74
3.51
3.25
1.51
3.00
1.51
2.50
1.50
2.50
1.75
2.00
3.51
1.50
1.51
2.50
1.25
2.01
1.25
2.00
0.50
1.75
1.00
1.00
0.75
1.49
0.75
1.25
1.50
1.00
3.50
3.49
3.76
3.00
2.75
