26.70
26.71
26.75
26.81
26.98
27.31
27.63
27.98
28.36
28.71
29.05
29.61
30.14
30.35
30.53
30.64
30.77
30.92
31.16
31.62
32.34
33.05
33.46
33.67
33.91
34.20
34.40
34.62
34.78
34.98
35.15
35.29
35.39
35.50
35.75
36.16
36.87
37.60
38.33
38.99
39.11
39.99
40.77
41.62
42.40
42.58
42.78
42.89
43.02
43.22
43.36
43.46
43.58
43.67
43.74
43.79
43.86
43.97
44.10
44.34
44.76
45.56
45.59
45.61
45.65
45.76
45.87
46.13
46.55
47.37
48.17
48.21
48.23
48.23
48.23
48.25
48.26
48.31
48.34
48.32
48.32
48.32
48.32
48.30
48.29
48.28
48.26
48.25
48.23
48.22
48.20
48.18
48.17
48.16
48.14
48.12
48.10
48.08
48.07
48.06
48.04
48.05
48.09
48.08
48.08
48.10
48.11
48.14
48.14
48.14
48.16
48.17
48.17
48.16
48.16
48.20
48.20
48.22
48.26
48.25
48.24
48.22
48.24
48.26
48.26
48.26
48.26
48.24
48.22
48.20
48.19
48.17
48.14
48.12
48.09
48.08
48.09
48.13
48.22
48.36
48.40
48.42
48.41
48.41
48.41
48.43
48.41
48.40
48.41
48.41
48.42
48.43
48.46
48.47
48.48
48.52
48.59
48.61
48.60
48.58
48.59
48.60
48.68
48.71
48.73
48.73
48.76
48.86
49.04
49.40
50.13
50.24
50.24
50.24
50.22
50.23
50.24
50.23
50.22
50.20
50.19
50.17
50.18
50.16
50.15
50.13
50.11
50.10
50.06
50.05
50.02
49.99
49.98
49.97
49.95
49.94
49.93
49.89
49.87
49.88
49.85
49.83
49.80
49.78
49.77
49.74
49.72
49.69
49.68
49.65
49.63
49.61
49.59
49.58
49.55
49.52
49.50
49.48
49.47
49.45
49.42
49.40
49.37
49.35
49.32
49.30
49.28
49.26
49.21
49.18
49.17
49.15
49.13
49.10
49.07
49.05
49.03
49.02
49.03
49.04
49.01
49.00
48.97
48.95
48.92
48.90
48.88
48.86
48.83
48.81
48.78
48.80
48.84
48.94
49.10
49.45
49.45
49.43
49.45
49.43
49.44
49.42
49.41
49.40
49.37
49.35
49.34
49.32
49.30
49.28
49.26
49.25
49.23
49.20
49.18
49.16
49.13
49.11
49.09
49.07
49.05
49.02
49.00
48.97
48.95
48.93
48.93
48.91
48.92
48.89
48.90
48.91
48.90
48.90
48.87
48.88
48.87
48.85
48.82
48.83
48.84
48.87
48.84
48.82
48.80
48.78
48.78
48.79
48.77
48.74
48.72
48.70
48.67
48.65
48.63
48.60
48.59
48.57
48.55
48.52
48.50
48.47
48.46
48.43
48.41
48.38
48.36
48.32
48.30
48.27
48.24
48.21
48.19
48.16
48.14
48.11
48.09
48.06
48.03
48.01
47.98
47.95
47.93
47.91
47.88
47.85
47.83
47.80
47.78
47.76
47.73
47.69
47.67
47.64
47.62
47.60
47.58
47.55
47.53
47.50
47.48
47.45
47.43
47.40
47.37
47.35
47.32
47.30
47.28
47.25
47.22
47.19
47.17
47.14
47.12
47.09
47.07
47.04
47.01
46.99
46.97
46.95
46.92
46.89
46.86
46.84
46.81
46.79
46.76
46.74
46.71
46.69
46.67
46.64
46.61
46.59
46.56
46.53
46.51
46.49
