Linux 3.11.0-15-generic (client-HVM-domU) 	03/31/2015

07:31:07 PM kbmemfree kbmemused  %memused kbbuffers  kbcached kbswpfree kbswpused  %swpused  kbswpcad
07:31:08 PM   4871200   3041488     38.44     24232    373456   1045500         0      0.00         0
07:31:09 PM   4870504   3042184     38.45     24240    373484   1045500         0      0.00         0
07:31:10 PM   4869136   3043552     38.46     24248    373500   1045500         0      0.00         0
07:31:11 PM   4865816   3046872     38.51     24256    373524   1045500         0      0.00         0
07:31:12 PM   4858492   3054196     38.60     24264    373540   1045500         0      0.00         0
07:31:13 PM   4843404   3069284     38.79     24272    373564   1045500         0      0.00         0
07:31:14 PM   4844996   3067692     38.77     24280    373584   1045500         0      0.00         0
07:31:15 PM   4844412   3068276     38.78     24288    373612   1045500         0      0.00         0
07:31:16 PM   4842348   3070340     38.80     24296    373736   1045500         0      0.00         0
07:31:17 PM   4840036   3072652     38.83     24304    373764   1045500         0      0.00         0
07:31:18 PM   4836392   3076296     38.88     24312    373792   1045500         0      0.00         0
07:31:19 PM   4828176   3084512     38.98     24320    373820   1045500         0      0.00         0
07:31:20 PM   4816304   3096384     39.13     24328    373852   1045500         0      0.00         0
07:31:21 PM   4814584   3098104     39.15     24336    373884   1045500         0      0.00         0
07:31:22 PM   4791184   3121504     39.45     24344    373924   1045500         0      0.00         0
07:31:23 PM   4788392   3124296     39.48     24352    373984   1045500         0      0.00         0
07:31:24 PM   4786228   3126460     39.51     24360    374056   1045500         0      0.00         0
07:31:25 PM   4783968   3128720     39.54     24368    374092   1045500         0      0.00         0
07:31:26 PM   4778336   3134352     39.61     24376    374136   1045500         0      0.00         0
07:31:27 PM   4769732   3142956     39.72     24384    374176   1045500         0      0.00         0
07:31:28 PM   4760416   3152272     39.84     24392    374228   1045500         0      0.00         0
07:31:29 PM   4741040   3171648     40.08     24400    374272   1045500         0      0.00         0
07:31:30 PM   4712460   3200228     40.44     24408    374340   1045500         0      0.00         0
07:31:31 PM   4680652   3232036     40.85     24416    374408   1045500         0      0.00         0
07:31:32 PM   4676952   3235736     40.89     24424    374464   1045500         0      0.00         0
07:31:33 PM   4668556   3244132     41.00     24432    374520   1045500         0      0.00         0
07:31:34 PM   4661848   3250840     41.08     24440    374584   1045500         0      0.00         0
07:31:35 PM   4657548   3255140     41.14     24448    374648   1045500         0      0.00         0
07:31:36 PM   4652140   3260548     41.21     24456    374708   1045500         0      0.00         0
07:31:37 PM   4648468   3264220     41.25     24464    374776   1045500         0      0.00         0
07:31:38 PM   4643244   3269444     41.32     24472    374840   1045500         0      0.00         0
07:31:39 PM   4643152   3269536     41.32     24480    374908   1045500         0      0.00         0
07:31:40 PM   4638780   3273908     41.38     24488    374972   1045500         0      0.00         0
07:31:41 PM   4634964   3277724     41.42     24496    375036   1045500         0      0.00         0
07:31:42 PM   4628060   3284628     41.51     24504    375100   1045500         0      0.00         0
07:31:43 PM   4619604   3293084     41.62     24512    375164   1045500         0      0.00         0
07:31:44 PM   4601268   3311420     41.85     24520    375236   1045500         0      0.00         0
07:31:45 PM   4562616   3350072     42.34     24528    375312   1045500         0      0.00         0
07:31:46 PM   4525928   3386760     42.80     24536    375388   1045500         0      0.00         0
07:31:47 PM   4489100   3423588     43.27     24544    375456   1045500         0      0.00         0
07:31:48 PM   4451704   3460984     43.74     24552    375528   1045500         0      0.00         0
07:31:49 PM   4408428   3504260     44.29     24560    375604   1045500         0      0.00         0
07:31:50 PM   4366100   3546588     44.82     24568    375684   1045500         0      0.00         0
07:31:51 PM   4327424   3585264     45.31     24576    375764   1045500         0      0.00         0
07:31:52 PM   4287800   3624888     45.81     24584    375844   1045500         0      0.00         0
07:31:53 PM   4248144   3664544     46.31     24592    375924   1045500         0      0.00         0
07:31:54 PM   4208932   3703756     46.81     24600    376008   1045500         0      0.00         0
07:31:55 PM   4196084   3716604     46.97     24608    376096   1045500         0      0.00         0
07:31:56 PM   4158428   3754260     47.45     24616    376204   1045500         0      0.00         0
07:31:57 PM   4115384   3797304     47.99     24624    376288   1045500         0      0.00         0
07:31:58 PM   4073860   3838828     48.51     24632    376412   1045500         0      0.00         0
07:31:59 PM   4031960   3880728     49.04     24640    376536   1045500         0      0.00         0
07:32:00 PM   4026172   3886516     49.12     24648    376624   1045500         0      0.00         0
07:32:01 PM   4021828   3890860     49.17     24656    376724   1045500         0      0.00         0
07:32:02 PM   4018452   3894236     49.22     24664    376816   1045500         0      0.00         0
07:32:03 PM   4014676   3898012     49.26     24672    376904   1045500         0      0.00         0
07:32:04 PM   4009980   3902708     49.32     24680    376988   1045500         0      0.00         0
07:32:05 PM   4006840   3905848     49.36     24688    377084   1045500         0      0.00         0
07:32:06 PM   4003972   3908716     49.40     24696    377164   1045500         0      0.00         0
07:32:07 PM   3999444   3913244     49.46     24704    377256   1045500         0      0.00         0
07:32:08 PM   3993500   3919188     49.53     24712    377336   1045500         0      0.00         0
07:32:09 PM   3983884   3928804     49.65     24720    377432   1045500         0      0.00         0
07:32:10 PM   3963296   3949392     49.91     24728    377520   1045500         0      0.00         0
07:32:11 PM   3923340   3989348     50.42     24736    377612   1045500         0      0.00         0
07:32:12 PM   3922148   3990540     50.43     24744    377692   1045500         0      0.00         0
07:32:13 PM   3921704   3990984     50.44     24752    377788   1045500         0      0.00         0
07:32:14 PM   3920600   3992088     50.45     24760    377880   1045500         0      0.00         0
07:32:15 PM   3919692   3992996     50.46     24768    377956   1045500         0      0.00         0
07:32:16 PM   3919136   3993552     50.47     24776    378056   1045500         0      0.00         0
07:32:17 PM   3918900   3993788     50.47     24784    378156   1045500         0      0.00         0
07:32:18 PM   3917512   3995176     50.49     24792    378256   1045500         0      0.00         0
07:32:19 PM   3915468   3997220     50.52     24800    378340   1045500         0      0.00         0
07:32:20 PM   3915448   3997240     50.52     24808    378428   1045500         0      0.00         0
07:32:21 PM   3915512   3997176     50.52     24816    378524   1045500         0      0.00         0
07:32:22 PM   3914416   3998272     50.53     24824    378624   1045500         0      0.00         0
07:32:23 PM   3912672   4000016     50.55     24832    378708   1045500         0      0.00         0
07:32:24 PM   3910136   4002552     50.58     24840    378796   1045500         0      0.00         0
07:32:25 PM   3905380   4007308     50.64     24848    378884   1045500         0      0.00         0
07:32:26 PM   3896128   4016560     50.76     24856    378976   1045500         0      0.00         0
07:32:27 PM   3876612   4036076     51.01     24864    379064   1045500         0      0.00         0
07:32:28 PM   3839068   4073620     51.48     24872    379160   1045500         0      0.00         0
07:32:29 PM   3800016   4112672     51.98     24880    379252   1045500         0      0.00         0
07:32:30 PM   3797888   4114800     52.00     24888    379352   1045500         0      0.00         0
07:32:31 PM   3797764   4114924     52.00     24896    379508   1045500         0      0.00         0
07:32:32 PM   3797592   4115096     52.01     24904    379596   1045500         0      0.00         0
07:32:33 PM   3797800   4114888     52.00     24912    379684   1045500         0      0.00         0
07:32:34 PM   3796836   4115852     52.02     24920    379772   1045500         0      0.00         0
07:32:35 PM   3796752   4115936     52.02     24928    379876   1045500         0      0.00         0
07:32:36 PM   3796500   4116188     52.02     24936    379968   1045500         0      0.00         0
07:32:37 PM   3796664   4116024     52.02     24944    380056   1045500         0      0.00         0
07:32:38 PM   3796452   4116236     52.02     24952    380144   1045500         0      0.00         0
07:32:39 PM   3796704   4115984     52.02     24960    380260   1045500         0      0.00         0
07:32:40 PM   3797772   4114916     52.00     24968    380348   1045500         0      0.00         0
07:32:41 PM   3798308   4114380     52.00     24976    380436   1045500         0      0.00         0
07:32:42 PM   3798660   4114028     51.99     24984    380588   1045500         0      0.00         0
07:32:43 PM   3799136   4113552     51.99     24992    380684   1045500         0      0.00         0
07:32:44 PM   3799920   4112768     51.98     25000    380772   1045500         0      0.00         0
07:32:45 PM   3800072   4112616     51.97     25008    380860   1045500         0      0.00         0
07:32:46 PM   3800884   4111804     51.96     25016    380948   1045500         0      0.00         0
07:32:47 PM   3801340   4111348     51.96     25024    381044   1045500         0      0.00         0
07:32:48 PM   3801944   4110744     51.95     25032    381168   1045500         0      0.00         0
07:32:49 PM   3803064   4109624     51.94     25040    381356   1045500         0      0.00         0
07:32:50 PM   3803808   4108880     51.93     25048    381524   1045500         0      0.00         0
07:32:51 PM   3803984   4108704     51.93     25056    381604   1045500         0      0.00         0
07:32:52 PM   3804536   4108152     51.92     25064    381704   1045500         0      0.00         0
07:32:53 PM   3806132   4106556     51.90     25072    381808   1045500         0      0.00         0
07:32:54 PM   3806508   4106180     51.89     25080    381908   1045500         0      0.00         0
07:32:55 PM   3807056   4105632     51.89     25088    382052   1045500         0      0.00         0
07:32:56 PM   3808128   4104560     51.87     25096    382148   1045500         0      0.00         0
07:32:57 PM   3808980   4103708     51.86     25104    382528   1045500         0      0.00         0
07:32:58 PM   3808252   4104436     51.87     25112    382684   1045500         0      0.00         0
07:32:59 PM   3806340   4106348     51.90     25120    383048   1045500         0      0.00         0
07:33:00 PM   3805676   4107012     51.90     25128    383104   1045500         0      0.00         0
07:33:01 PM   3807068   4105620     51.89     25136    383188   1045500         0      0.00         0
07:33:02 PM   3807244   4105444     51.88     25144    383292   1045500         0      0.00         0
07:33:03 PM   3808328   4104360     51.87     25152    383384   1045500         0      0.00         0
07:33:04 PM   3809184   4103504     51.86     25160    383472   1045500         0      0.00         0
07:33:05 PM   3810180   4102508     51.85     25168    383560   1045500         0      0.00         0
07:33:06 PM   3810988   4101700     51.84     25176    383648   1045500         0      0.00         0
07:33:07 PM   3812376   4100312     51.82     25184    383740   1045500         0      0.00         0
07:33:08 PM   3812916   4099772     51.81     25192    383828   1045500         0      0.00         0
07:33:09 PM   3814272   4098416     51.80     25200    383912   1045500         0      0.00         0
07:33:10 PM   3815036   4097652     51.79     25208    384032   1045500         0      0.00         0
07:33:11 PM   3816168   4096520     51.77     25216    384120   1045500         0      0.00         0
07:33:12 PM   3817108   4095580     51.76     25224    384384   1045500         0      0.00         0
07:33:13 PM   3817780   4094908     51.75     25232    384472   1045500         0      0.00         0
07:33:14 PM   3818512   4094176     51.74     25240    384560   1045500         0      0.00         0
07:33:15 PM   3819756   4092932     51.73     25248    384656   1045500         0      0.00         0
07:33:16 PM   3820620   4092068     51.72     25256    384756   1045500         0      0.00         0
07:33:17 PM   3821492   4091196     51.70     25264    384844   1045500         0      0.00         0
07:33:18 PM   3822564   4090124     51.69     25272    384940   1045500         0      0.00         0
07:33:19 PM   3823296   4089392     51.68     25280    385040   1045500         0      0.00         0
07:33:20 PM   3824488   4088200     51.67     25288    385132   1045500         0      0.00         0
07:33:21 PM   3823972   4088716     51.67     25296    385228   1045500         0      0.00         0
07:33:22 PM   3822692   4089996     51.69     25304    385320   1045500         0      0.00         0
07:33:23 PM   3818504   4094184     51.74     25312    385452   1045500         0      0.00         0
07:33:24 PM   3818036   4094652     51.75     25320    385536   1045500         0      0.00         0
07:33:25 PM   3818476   4094212     51.74     25328    385628   1045500         0      0.00         0
07:33:26 PM   3819316   4093372     51.73     25336    385716   1045500         0      0.00         0
07:33:27 PM   3821040   4091648     51.71     25344    385844   1045500         0      0.00         0
07:33:28 PM   3821108   4091580     51.71     25352    385936   1045500         0      0.00         0
07:33:29 PM   3822184   4090504     51.70     25360    386032   1045500         0      0.00         0
07:33:30 PM   3823136   4089552     51.68     25368    386116   1045500         0      0.00         0
07:33:31 PM   3824328   4088360     51.67     25376    386200   1045500         0      0.00         0
07:33:32 PM   3825044   4087644     51.66     25384    386512   1045500         0      0.00         0
07:33:33 PM   3824836   4087852     51.66     25392    386552   1045500         0      0.00         0
07:33:34 PM   3824432   4088256     51.67     25400    386644   1045500         0      0.00         0
07:33:35 PM   3824492   4088196     51.67     25408    386736   1045500         0      0.00         0
07:33:36 PM   3825432   4087256     51.65     25416    386840   1045500         0      0.00         0
07:33:37 PM   3826840   4085848     51.64     25424    386932   1045500         0      0.00         0
07:33:38 PM   3826044   4086644     51.65     25432    387064   1045500         0      0.00         0
07:33:39 PM   3824940   4087748     51.66     25440    387160   1045500         0      0.00         0
07:33:40 PM   3821448   4091240     51.70     25448    387252   1045500         0      0.00         0
07:33:41 PM   3816396   4096292     51.77     25456    387348   1045500         0      0.00         0
07:33:42 PM   3810020   4102668     51.85     25464    387440   1045500         0      0.00         0
07:33:43 PM   3794216   4118472     52.05     25472    387536   1045500         0      0.00         0
07:33:44 PM   3759472   4153216     52.49     25480    387628   1045500         0      0.00         0
07:33:45 PM   3758040   4154648     52.51     25488    387960   1045500         0      0.00         0
07:33:46 PM   3758000   4154688     52.51     25496    388056   1045500         0      0.00         0
07:33:47 PM   3757484   4155204     52.51     25504    388156   1045500         0      0.00         0
07:33:48 PM   3757764   4154924     52.51     25512    388248   1045500         0      0.00         0
07:33:49 PM   3758052   4154636     52.51     25520    388336   1045500         0      0.00         0
07:33:50 PM   3756848   4155840     52.52     25528    388428   1045500         0      0.00         0
07:33:51 PM   3756988   4155700     52.52     25536    388520   1045500         0      0.00         0
07:33:52 PM   3757552   4155136     52.51     25544    388608   1045500         0      0.00         0
07:33:53 PM   3758132   4154556     52.50     25552    388704   1045500         0      0.00         0
07:33:54 PM   3759056   4153632     52.49     25560    388800   1045500         0      0.00         0
07:33:55 PM   3758896   4153792     52.50     25568    388884   1045500         0      0.00         0
07:33:56 PM   3759220   4153468     52.49     25576    388976   1045500         0      0.00         0
07:33:57 PM   3758536   4154152     52.50     25584    389068   1045500         0      0.00         0
07:33:58 PM   3758628   4154060     52.50     25592    389160   1045500         0      0.00         0
07:33:59 PM   3759568   4153120     52.49     25600    389244   1045500         0      0.00         0
07:34:00 PM   3760328   4152360     52.48     25608    389336   1045500         0      0.00         0
07:34:01 PM   3761588   4151100     52.46     25616    389424   1045500         0      0.00         0
07:34:02 PM   3762444   4150244     52.45     25624    389512   1045500         0      0.00         0
07:34:03 PM   3763044   4149644     52.44     25632    389604   1045500         0      0.00         0
07:34:04 PM   3764172   4148516     52.43     25640    389696   1045500         0      0.00         0
07:34:05 PM   3765156   4147532     52.42     25648    389784   1045500         0      0.00         0
07:34:06 PM   3766076   4146612     52.40     25656    389876   1045500         0      0.00         0
07:34:07 PM   3766828   4145860     52.40     25664    389968   1045500         0      0.00         0
07:34:08 PM   3767904   4144784     52.38     25672    390072   1045500         0      0.00         0
07:34:09 PM   3768752   4143936     52.37     25680    390168   1045500         0      0.00         0
07:34:10 PM   3767580   4145108     52.39     25688    390296   1045500         0      0.00         0
07:34:11 PM   3765764   4146924     52.41     25696    390380   1045500         0      0.00         0
07:34:12 PM   3766228   4146460     52.40     25704    390468   1045500         0      0.00         0
07:34:13 PM   3765940   4146748     52.41     25712    390564   1045500         0      0.00         0
07:34:14 PM   3767000   4145688     52.39     25720    390704   1045500         0      0.00         0
07:34:15 PM   3768284   4144404     52.38     25728    390800   1045500         0      0.00         0
07:34:16 PM   3769136   4143552     52.37     25736    390896   1045500         0      0.00         0
07:34:17 PM   3770020   4142668     52.35     25744    390992   1045500         0      0.00         0
07:34:18 PM   3771152   4141536     52.34     25752    391116   1045500         0      0.00         0
07:34:19 PM   3772192   4140496     52.33     25760    391240   1045500         0      0.00         0
07:34:20 PM   3773200   4139488     52.31     25768    391324   1045500         0      0.00         0
07:34:21 PM   3773900   4138788     52.31     25776    391412   1045500         0      0.00         0
07:34:22 PM   3772840   4139848     52.32     25784    391552   1045500         0      0.00         0
07:34:23 PM   3770808   4141880     52.34     25792    391644   1045500         0      0.00         0
07:34:24 PM   3766780   4145908     52.40     25800    391728   1045500         0      0.00         0
07:34:25 PM   3766284   4146404     52.40     25808    391832   1045500         0      0.00         0
07:34:26 PM   3767368   4145320     52.39     25816    391916   1045500         0      0.00         0
07:34:27 PM   3767936   4144752     52.38     25824    392004   1045500         0      0.00         0
07:34:28 PM   3768876   4143812     52.37     25832    392092   1045500         0      0.00         0
07:34:29 PM   3769628   4143060     52.36     25840    392184   1045500         0      0.00         0
07:34:30 PM   3770696   4141992     52.35     25848    392272   1045500         0      0.00         0
07:34:31 PM   3771568   4141120     52.34     25856    392368   1045500         0      0.00         0
07:34:32 PM   3772600   4140088     52.32     25864    392452   1045500         0      0.00         0
07:34:33 PM   3773456   4139232     52.31     25872    392580   1045500         0      0.00         0
07:34:34 PM   3774432   4138256     52.30     25880    392672   1045500         0      0.00         0
07:34:35 PM   3775316   4137372     52.29     25888    392804   1045500         0      0.00         0
07:34:36 PM   3776448   4136240     52.27     25896    392884   1045500         0      0.00         0
07:34:37 PM   3777552   4135136     52.26     25904    392988   1045500         0      0.00         0
07:34:38 PM   3778980   4133708     52.24     25912    393128   1045500         0      0.00         0
07:34:39 PM   3779776   4132912     52.23     25920    393236   1045500         0      0.00         0
07:34:40 PM   3780440   4132248     52.22     25928    393336   1045500         0      0.00         0
07:34:41 PM   3781604   4131084     52.21     25936    393428   1045500         0      0.00         0
07:34:42 PM   3782520   4130168     52.20     25944    393520   1045500         0      0.00         0
07:34:43 PM   3783784   4128904     52.18     25952    393612   1045500         0      0.00         0
07:34:44 PM   3784692   4127996     52.17     25960    393712   1045500         0      0.00         0
07:34:45 PM   3785700   4126988     52.16     25968    393848   1045500         0      0.00         0
07:34:46 PM   3786828   4125860     52.14     25976    393928   1045500         0      0.00         0
07:34:47 PM   3788220   4124468     52.12     25984    394016   1045500         0      0.00         0
07:34:48 PM   3788980   4123708     52.12     25992    394116   1045500         0      0.00         0
07:34:49 PM   3790176   4122512     52.10     26000    394196   1045500         0      0.00         0
07:34:50 PM   3791460   4121228     52.08     26008    394336   1045500         0      0.00         0
07:34:51 PM   3792032   4120656     52.08     26016    394432   1045500         0      0.00         0
07:34:52 PM   3793416   4119272     52.06     26024    394516   1045500         0      0.00         0
07:34:53 PM   3794316   4118372     52.05     26032    394604   1045500         0      0.00         0
07:34:54 PM   3795200   4117488     52.04     26040    394696   1045500         0      0.00         0
07:34:55 PM   3796336   4116352     52.02     26048    394792   1045500         0      0.00         0
07:34:56 PM   3797704   4114984     52.00     26056    394884   1045500         0      0.00         0
07:34:57 PM   3798712   4113976     51.99     26064    394976   1045500         0      0.00         0
07:34:58 PM   3799748   4112940     51.98     26072    395064   1045500         0      0.00         0
07:34:59 PM   3800696   4111992     51.97     26080    395236   1045500         0      0.00         0
07:35:00 PM   3801800   4110888     51.95     26088    395328   1045500         0      0.00         0
07:35:01 PM   3802300   4110388     51.95     26096    395416   1045500         0      0.00         0
07:35:02 PM   3802180   4110508     51.95     26104    395512   1045500         0      0.00         0
07:35:03 PM   3800052   4112636     51.98     26112    395600   1045500         0      0.00         0
07:35:04 PM   3795924   4116764     52.03     26120    395696   1045500         0      0.00         0
07:35:05 PM   3786996   4125692     52.14     26128    395784   1045500         0      0.00         0
07:35:06 PM   3769308   4143380     52.36     26136    395884   1045500         0      0.00         0
07:35:07 PM   3769616   4143072     52.36     26144    395972   1045500         0      0.00         0
07:35:08 PM   3770180   4142508     52.35     26152    396056   1045500         0      0.00         0
07:35:09 PM   3771432   4141256     52.34     26160    396144   1045500         0      0.00         0
07:35:10 PM   3771780   4140908     52.33     26168    396232   1045500         0      0.00         0
07:35:11 PM   3772744   4139944     52.32     26176    396324   1045500         0      0.00         0
07:35:12 PM   3773620   4139068     52.31     26184    396412   1045500         0      0.00         0
07:35:13 PM   3774428   4138260     52.30     26192    396504   1045500         0      0.00         0
07:35:14 PM   3774936   4137752     52.29     26200    396684   1045500         0      0.00         0
07:35:15 PM   3775896   4136792     52.28     26208    396780   1045500         0      0.00         0
07:35:16 PM   3777132   4135556     52.26     26216    396916   1045500         0      0.00         0
07:35:17 PM   3778488   4134200     52.25     26224    397020   1045500         0      0.00         0
07:35:18 PM   3779272   4133416     52.24     26232    397120   1045500         0      0.00         0
07:35:19 PM   3780404   4132284     52.22     26240    397212   1045500         0      0.00         0
07:35:20 PM   3781004   4131684     52.22     26248    397296   1045500         0      0.00         0
07:35:21 PM   3782044   4130644     52.20     26256    397388   1045500         0      0.00         0
07:35:22 PM   3782992   4129696     52.19     26264    397480   1045500         0      0.00         0
07:35:23 PM   3784136   4128552     52.18     26272    397576   1045500         0      0.00         0
07:35:24 PM   3785120   4127568     52.16     26280    397664   1045500         0      0.00         0
07:35:25 PM   3786224   4126464     52.15     26288    397756   1045500         0      0.00         0
07:35:26 PM   3786680   4126008     52.14     26296    397844   1045500         0      0.00         0
07:35:27 PM   3785756   4126932     52.16     26304    397940   1045500         0      0.00         0
07:35:28 PM   3786536   4126152     52.15     26312    398024   1045500         0      0.00         0
07:35:29 PM   3787660   4125028     52.13     26320    398156   1045500         0      0.00         0
07:35:30 PM   3789032   4123656     52.11     26328    398260   1045500         0      0.00         0
07:35:31 PM   3789428   4123260     52.11     26336    398380   1045500         0      0.00         0
07:35:32 PM   3790768   4121920     52.09     26344    398512   1045500         0      0.00         0
07:35:33 PM   3791884   4120804     52.08     26352    398604   1045500         0      0.00         0
07:35:34 PM   3792792   4119896     52.07     26360    398764   1045500         0      0.00         0
07:35:35 PM   3793872   4118816     52.05     26368    398860   1045500         0      0.00         0
07:35:36 PM   3794872   4117816     52.04     26376    398956   1045500         0      0.00         0
07:35:37 PM   3794724   4117964     52.04     26384    399048   1045500         0      0.00         0
07:35:38 PM   3795616   4117072     52.03     26392    399136   1045500         0      0.00         0
07:35:39 PM   3796628   4116060     52.02     26400    399224   1045500         0      0.00         0
07:35:40 PM   3797924   4114764     52.00     26408    399312   1045500         0      0.00         0
07:35:41 PM   3799076   4113612     51.99     26416    399404   1045500         0      0.00         0
07:35:42 PM   3799820   4112868     51.98     26424    399504   1045500         0      0.00         0
07:35:43 PM   3801516   4111172     51.96     26432    399580   1045500         0      0.00         0
07:35:44 PM   3802244   4110444     51.95     26440    399680   1045500         0      0.00         0
07:35:45 PM   3803136   4109552     51.94     26448    399768   1045500         0      0.00         0
07:35:46 PM   3804232   4108456     51.92     26456    399856   1045500         0      0.00         0
07:35:47 PM   3805232   4107456     51.91     26464    399952   1045500         0      0.00         0
07:35:48 PM   3805056   4107632     51.91     26472    400036   1045500         0      0.00         0
07:35:49 PM   3805004   4107684     51.91     26480    400180   1045500         0      0.00         0
07:35:50 PM   3805712   4106976     51.90     26488    400272   1045500         0      0.00         0
07:35:51 PM   3806548   4106140     51.89     26496    400360   1045500         0      0.00         0
07:35:52 PM   3807624   4105064     51.88     26504    400452   1045500         0      0.00         0
07:35:53 PM   3807528   4105160     51.88     26512    400540   1045500         0      0.00         0
07:35:54 PM   3808036   4104652     51.87     26520    400636   1045500         0      0.00         0
07:35:55 PM   3807104   4105584     51.89     26528    400736   1045500         0      0.00         0
07:35:56 PM   3808436   4104252     51.87     26536    400820   1045500         0      0.00         0
07:35:57 PM   3809432   4103256     51.86     26544    400932   1045500         0      0.00         0
07:35:58 PM   3810136   4102552     51.85     26552    401020   1045500         0      0.00         0
07:35:59 PM   3811000   4101688     51.84     26560    401328   1045500         0      0.00         0
07:36:00 PM   3812388   4100300     51.82     26568    401340   1045500         0      0.00         0
07:36:01 PM   3811332   4101356     51.83     26576    401428   1045500         0      0.00         0
07:36:02 PM   3810936   4101752     51.84     26584    401560   1045500         0      0.00         0
07:36:03 PM   3811744   4100944     51.83     26592    401652   1045500         0      0.00         0
07:36:04 PM   3812864   4099824     51.81     26600    401760   1045500         0      0.00         0
07:36:05 PM   3813876   4098812     51.80     26608    401904   1045500         0      0.00         0
07:36:06 PM   3814792   4097896     51.79     26616    401992   1045500         0      0.00         0
07:36:07 PM   3816232   4096456     51.77     26624    402080   1045500         0      0.00         0
07:36:08 PM   3816928   4095760     51.76     26632    402180   1045500         0      0.00         0
07:36:09 PM   3817916   4094772     51.75     26640    402276   1045500         0      0.00         0
07:36:10 PM   3819288   4093400     51.73     26648    402372   1045500         0      0.00         0
07:36:11 PM   3820236   4092452     51.72     26656    402496   1045500         0      0.00         0
07:36:12 PM   3821792   4090896     51.70     26664    402600   1045500         0      0.00         0
07:36:13 PM   3822660   4090028     51.69     26672    402752   1045500         0      0.00         0
07:36:14 PM   3823680   4089008     51.68     26680    402836   1045500         0      0.00         0
07:36:15 PM   3824828   4087860     51.66     26688    402920   1045500         0      0.00         0
07:36:16 PM   3825948   4086740     51.65     26696    403036   1045500         0      0.00         0
07:36:17 PM   3826560   4086128     51.64     26704    403132   1045500         0      0.00         0
07:36:18 PM   3827728   4084960     51.63     26712    403224   1045500         0      0.00         0
07:36:19 PM   3828828   4083860     51.61     26720    403312   1045500         0      0.00         0
07:36:20 PM   3830000   4082688     51.60     26728    403400   1045500         0      0.00         0
07:36:21 PM   3830896   4081792     51.59     26736    403488   1045500         0      0.00         0
07:36:22 PM   3831764   4080924     51.57     26744    403572   1045500         0      0.00         0
07:36:23 PM   3833440   4079248     51.55     26752    403652   1045500         0      0.00         0
07:36:24 PM   3834252   4078436     51.54     26760    403736   1045500         0      0.00         0
07:36:25 PM   3835088   4077600     51.53     26768    403820   1045500         0      0.00         0
07:36:26 PM   3836864   4075824     51.51     26776    403896   1045500         0      0.00         0
07:36:27 PM   3837740   4074948     51.50     26784    403980   1045500         0      0.00         0
07:36:28 PM   3838692   4073996     51.49     26792    404064   1045500         0      0.00         0
07:36:29 PM   3840064   4072624     51.47     26800    404136   1045500         0      0.00         0
07:36:30 PM   3841620   4071068     51.45     26808    404252   1045500         0      0.00         0
07:36:31 PM   3842644   4070044     51.44     26816    404304   1045500         0      0.00         0
07:36:32 PM   3844048   4068640     51.42     26824    404348   1045500         0      0.00         0
07:36:33 PM   3846156   4066532     51.39     26832    404396   1045500         0      0.00         0
07:36:34 PM   3847584   4065104     51.37     26840    404432   1045500         0      0.00         0
07:36:35 PM   3849096   4063592     51.36     26848    404476   1045500         0      0.00         0
07:36:36 PM   3850204   4062484     51.34     26856    404512   1045500         0      0.00         0
07:36:37 PM   3851620   4061068     51.32     26864    404540   1045500         0      0.00         0
07:36:38 PM   3853168   4059520     51.30     26872    404580   1045500         0      0.00         0
07:36:39 PM   3854504   4058184     51.29     26880    404604   1045500         0      0.00         0
07:36:40 PM   3855576   4057112     51.27     26888    404632   1045500         0      0.00         0
07:36:41 PM   3857080   4055608     51.25     26896    404648   1045500         0      0.00         0
07:36:42 PM   3858508   4054180     51.24     26904    404668   1045500         0      0.00         0
07:36:43 PM   3859588   4053100     51.22     26912    404680   1045500         0      0.00         0
07:36:44 PM   3861172   4051516     51.20     26920    404696   1045500         0      0.00         0
07:36:45 PM   3862496   4050192     51.19     26928    404708   1045500         0      0.00         0
07:36:46 PM   3863768   4048920     51.17     26936    404720   1045500         0      0.00         0
07:36:47 PM   3864924   4047764     51.16     26944    404728   1045500         0      0.00         0
07:36:48 PM   3866096   4046592     51.14     26952    404736   1045500         0      0.00         0
07:36:49 PM   3867408   4045280     51.12     26960    404744   1045500         0      0.00         0
07:36:50 PM   3868492   4044196     51.11     26968    404748   1045500         0      0.00         0
07:36:51 PM   3869636   4043052     51.10     26976    404756   1045500         0      0.00         0
07:36:52 PM   3870968   4041720     51.08     26984    404800   1045500         0      0.00         0
07:36:53 PM   3872308   4040380     51.06     26992    404808   1045500         0      0.00         0
07:36:54 PM   3873356   4039332     51.05     27000    404812   1045500         0      0.00         0
07:36:55 PM   3874756   4037932     51.03     27008    404816   1045500         0      0.00         0
07:36:56 PM   3875760   4036928     51.02     27016    404820   1045500         0      0.00         0
07:36:57 PM   3877112   4035576     51.00     27024    404828   1045500         0      0.00         0
07:36:58 PM   3878148   4034540     50.99     27032    404832   1045500         0      0.00         0
07:36:59 PM   3879416   4033272     50.97     27040    404840   1045500         0      0.00         0
07:37:00 PM   3880452   4032236     50.96     27048    404844   1045500         0      0.00         0
07:37:01 PM   3881620   4031068     50.94     27056    404852   1045500         0      0.00         0
07:37:02 PM   3882856   4029832     50.93     27064    404856   1045500         0      0.00         0
07:37:03 PM   3884168   4028520     50.91     27072    404848   1045500         0      0.00         0
07:37:04 PM   3884176   4028512     50.91     27080    404864   1045500         0      0.00         0
07:37:05 PM   3885828   4026860     50.89     27088    404856   1045500         0      0.00         0
07:37:06 PM   3886864   4025824     50.88     27096    404860   1045500         0      0.00         0
07:37:07 PM   3888164   4024524     50.86     27104    404876   1045500         0      0.00         0
07:37:08 PM   3889232   4023456     50.85     27112    404880   1045500         0      0.00         0
07:37:09 PM   3890388   4022300     50.83     27120    404872   1045500         0      0.00         0
07:37:10 PM   3891184   4021504     50.82     27128    404892   1045500         0      0.00         0
07:37:11 PM   3892384   4020304     50.81     27136    404884   1045500         0      0.00         0
07:37:12 PM   3893636   4019052     50.79     27144    404900   1045500         0      0.00         0
07:37:13 PM   3894688   4018000     50.78     27152    404892   1045500         0      0.00         0
07:37:14 PM   3895968   4016720     50.76     27160    404884   1045500         0      0.00         0
07:37:15 PM   3897140   4015548     50.75     27168    404900   1045500         0      0.00         0
07:37:16 PM   3898168   4014520     50.74     27176    404892   1045500         0      0.00         0
07:37:17 PM   3899368   4013320     50.72     27184    404908   1045500         0      0.00         0
07:37:18 PM   3900516   4012172     50.71     27192    404900   1045500         0      0.00         0
07:37:19 PM   3901888   4010800     50.69     27200    404916   1045500         0      0.00         0
07:37:20 PM   3903196   4009492     50.67     27208    404936   1045500         0      0.00         0
07:37:21 PM   3904380   4008308     50.66     27216    404928   1045500         0      0.00         0
07:37:22 PM   3905520   4007168     50.64     27224    404924   1045500         0      0.00         0
07:37:23 PM   3906700   4005988     50.63     27232    404952   1045500         0      0.00         0
07:37:24 PM   3907728   4004960     50.61     27240    404944   1045500         0      0.00         0
07:37:25 PM   3908976   4003712     50.60     27248    404956   1045500         0      0.00         0
07:37:26 PM   3910004   4002684     50.59     27256    404948   1045500         0      0.00         0
07:37:27 PM   3911436   4001252     50.57     27264    404964   1045500         0      0.00         0
07:37:28 PM   3912464   4000224     50.55     27272    404956   1045500         0      0.00         0
07:37:29 PM   3914052   3998636     50.53     27280    404972   1045500         0      0.00         0
07:37:30 PM   3915200   3997488     50.52     27288    404980   1045500         0      0.00         0
07:37:31 PM   3916376   3996312     50.51     27296    404972   1045500         0      0.00         0
07:37:32 PM   3917416   3995272     50.49     27304    404964   1045500         0      0.00         0
07:37:33 PM   3918572   3994116     50.48     27312    404984   1045500         0      0.00         0
07:37:34 PM   3919576   3993112     50.46     27320    404976   1045500         0      0.00         0
07:37:35 PM   3920740   3991948     50.45     27328    404992   1045500         0      0.00         0
07:37:36 PM   3921904   3990784     50.44     27336    404984   1045500         0      0.00         0
07:37:37 PM   3923196   3989492     50.42     27344    405000   1045500         0      0.00         0
07:37:38 PM   3924488   3988200     50.40     27352    405016   1045500         0      0.00         0
07:37:39 PM   3925784   3986904     50.39     27360    405020   1045500         0      0.00         0
07:37:40 PM   3926912   3985776     50.37     27368    405012   1045500         0      0.00         0
07:37:41 PM   3927972   3984716     50.36     27376    405016   1045500         0      0.00         0
07:37:42 PM   3929144   3983544     50.34     27384    405008   1045500         0      0.00         0
07:37:43 PM   3930444   3982244     50.33     27392    405032   1045500         0      0.00         0
07:37:44 PM   3931472   3981216     50.31     27400    405024   1045500         0      0.00         0
07:37:45 PM   3933016   3979672     50.29     27408    405040   1045500         0      0.00         0
07:37:46 PM   3934164   3978524     50.28     27416    405032   1045500         0      0.00         0
07:37:47 PM   3935200   3977488     50.27     27424    405048   1045500         0      0.00         0
Average:      3932134   3980554     50.31     25828    391273   1045500         0      0.00         0
